;Nom;Adresse;Code_Postal;Ville;Telephone;Site_Internet;Menu;Prix_Menu;Style_Culinaire;Note;Suggestion;Prix_Suggestion;Prestation;Horaires;Longitude;Latitude
0;Hôtel Restaurant Le Gai Soleil;343 r du Crêt du Midi;74120;MEGÈVE;04 50 21 00 70;www.le-gai-soleil.fr;;;;;"[""CROQUE SALADE D'HIVER ET SON OEUF AU PLAT"", 'CROUSTILLANT DE REBLOCHON AUX POMMES', 'FRICASSEE DE SAUMON AUX LEGUMES CUIT VAPEUR REDUCTION DE NOILY PRAT SAFRANE', 'GOUJONETTES DE CABILLAUD FACON FISH AND CHIPS', 'FONDUE SAVOYARDE AUX MORILLES', 'FONDUE SAVOYARDE TRADITIONNELLE']";['14 €', '14 €', '24 €', '20 €', '30 €', '26 €'];['Parking', 'Langue parlée : anglais', 'Restaurant', 'Piscine', 'Terrasse', '7j/7 - 24h/24', 'Télévision par satellite', 'Accès wi-fi', 'Restaurants ', 'Hôtels '];;;
1;Café de Balme;309 rte des Grottes de Balme;74300;MAGLAND;04 50 91 26 31;www.cafedebalme.com;;;;;;;"['Poule au pot', ""architecte d'intérieur pour home staging"", ""agencement d'appartement"", 'Coq au vin', ""repas d'affaire"", 'Blanquette de veau', ""architecte d'intérieur designer"", 'Tartes', 'Desserts', 'Cuisine traditionnelle française', 'Bœuf bourguignon', 'Cours de cuisine', 'Café Balme', ""repas d'entreprises"", 'Pot-au-feu', 'Restaurants ', 'Vente, installation de cuisines ', ""Architectes d'intérieur "", 'Décorateurs ']";['Lundi', 'Mardi', '09h00 - 18h00', 'Mercredi', '09h00 - 18h00', 'Jeudi', '09h00 - 18h00', 'Vendredi', '09h00 - 18h00', 'Samedi', '09h00 - 18h00', 'Dimanche'];;
2;Hôtel Restaurant Les Rochers;24 rte Paris;74330;LA BALME DE SILLINGY;04 50 68 70 07;http://www.hotellesrochers.fr;;;;;;;['Parking', 'Langues parlées : anglais, italien', 'Parc', 'Soirée étape', 'Restaurant', 'Terrasse', 'Accès aux personnes à mobilité réduite', 'Facilité bébés', 'Piscine extérieure', 'Hôtel', 'Animaux acceptés', 'Accueil de séminaires', 'Climatisation', 'Organisation de réceptions', 'Télévision par satellite', 'Restaurants ', 'Hôtels ', 'Restaurants pour réceptions, pour séminaires '];;;
3;McDonald's Sallanches;Centre Cial Carrefour 1805 rte Genève;74700;SALLANCHES;04 50 47 87 27;www.restaurants.mcdonalds.fr;;;fast food;1.0;;;"['Les Desserts', 'Les Sandwichs', 'Commande en ligne', 'Les Boissons', 'McDrive', 'Accès handicapés', 'Les Menus', 'Les Salades', 'Hamburger', ""L'offre McCafé"", 'Vente à emporter', ""L'offre Happy Meal"", ""L'Happy anniversaire"", 'Fast Food', 'Climatisation', 'Burger', 'Facilités bébés', 'Wifi', 'burger', 'Restauration rapide ', 'Restaurants ']";['Lundi', '10h30 - 23h30', 'Mardi', '10h30 - 23h30', 'Mercredi', '10h30 - 23h30', 'Jeudi', '10h30 - 23h30', 'Vendredi', '10h30 - 23h30', 'Samedi', '10h30 - 23h30', 'Dimanche', '10h30 - 23h30'];45.951683;6.629857
4;Aux Petits Oignons;10 chem Club;74300;ARÂCHES LA FRASSE;04 50 90 36 93;http://www.apo74.fr;;;restaurant français;4.0;;;"['Plat du jour, burger et salade repas à 16 € le midi en semaine', 'terrasse', 'Bar salon', ""repas d'affaire"", 'Réception (de 10 à 40 personnes)', 'Bon cadeau', 'facilité bébé', 'salle privée', 'Accès aux personnes à mobilité réduite', 'repas de groupe', 'menu de fêtes', 'Menu découverte à 30 €, Menu Terroir à 38 €, Menu Gourmand à 43 €', 'plat à emporter', 'restaurant végétarien', 'fait maison', 'animaux acceptés', ""repas d'anniversaire"", 'anglais parlé', 'parking', 'Repas, forfait de groupe', 'restaurant repas de groupe', 'accès handicapés']";['Lundi', '11h45 - 14h15', '18h45 - 21h45', 'Mardi', '11h45 - 14h15', '18h45 - 21h45', 'Mercredi', '11h45 - 14h15', '18h45 - 21h45', 'Jeudi', '11h45 - 14h15', '18h45 - 21h45', 'Vendredi', '11h45 - 14h15', '18h45 - 21h45', 'Samedi', '11h45 - 14h15', '18h45 - 21h45', 'Dimanche', '11h45 - 14h15', '18h45 - 21h45'];;
5;Auberge du Lac;2 rte Port;74290;VEYRIER DU LAC;04 50 60 10 15;www.restaurant-aubergedulac.com;['Menu enfant : ', 'Menu : '];['10 €', '10 €'];Restaurant français;1.0;;;['Repas de groupes', 'Langue parlée : anglais', 'Menu enfants', 'Animaux acceptés', 'Accès aux personnes à mobilité réduite', 'Location de chambres', 'Facilités bébés', 'Terrasse couverte', 'Wi-fi'];['Lundi', 'Mardi', 'Mercredi', '12h00 - 14h30', '19h00 - 21h30', 'Jeudi', '12h00 - 14h30', '19h00 - 21h30', 'Vendredi', '12h00 - 14h30', '19h00 - 21h30', 'Samedi', '12h00 - 14h30', '19h00 - 21h30', 'Dimanche', '12h00 - 14h30', '19h00 - 21h30'];45.881835;6.174564
6;La Cabane Du Pêcheur;876 rte Lac;74250;LA TOUR;04 50 36 91 23;www.lacabanedupecheur.net;['Menu à la carte : '];['45 €'];cuisine française;1.0;;;['animation musicale', 'Repas de famille', 'terrasse', 'repas de groupe', 'animaux acceptés', 'anglais parlé', 'bar à huître', 'parking', 'restaurant repas de groupe', 'accès handicapés', 'climatisation', 'Réservation uniquement par téléphone', 'Restaurant', 'enfant'];['Lundi', 'Mardi', ' 09h00 - 15h45', 'Mercredi', '09h00 - 14h30', '18h00 - 22h45', 'Jeudi', '09h00 - 14h30', '18h00 - 22h45', 'Vendredi', '09h00 - 14h30', '18h00 - 22h45', 'Samedi', '09h00 - 14h30', '18h00 - 22h45', 'Dimanche', '09h00 - 15h45'];;
7;Restaurant Le Vieux Megève;58 pl Résistance;74120;MEGÈVE;0444040546;;;;;;;;['Restaurants savoyards ', 'Restaurants '];;;
8;Oxo;25 r Centrale;74940;ANNECY LE VIEUX;04 50 68 54 82;fr-fr.facebook.com;;;;;;;['terrasse', 'facilité bébé', 'wifi', 'brasserie'];['Lundi', '11h00 - 00h00', 'Mardi', '11h00 - 03h00\n ', 'Mercredi', '11h00 - 03h00', 'Jeudi', '11h00 - 03h00', 'Vendredi', '11h00 - 03h00', 'Samedi', '11h00 - 03h00', 'Dimanche', '00h00 - 03h00'];;
9;La Piscine;146 rte de Lornard;74410;SAINT JORIOZ;04 50 68 63 29;www.chataigniers.com;;;Cuisine française;5.0;;;['Tennis', 'Résidence de tourisme', 'Résidence hôtelière', 'Grill', 'Piscine', 'Hôtel', 'Accès aux personnes à mobilité réduite', 'Organisation de sèminaires', 'Restaurant', 'Squash', 'Restaurants ', 'Hôtels ', 'Location de salles ', 'Hôtels avec piscine ', 'Organisation de séminaires, de congrès ', 'Résidences de tourisme, résidences hôtelières '];;;
10;Le Sarto;2 quai Perrière;74000;ANNECY;04 50 51 02 65;www.le-sarto.com;;;Restaurant savoyard;1.0;;;['accès pour les personnes à mobilité réduite', 'carte des vins', 'animaux acceptés', 'menu du Sarto', 'repas de groupes', 'menu enfant'];['Lundi', '12h00 - 14h00', '19h00 - 22h30', 'Mardi', '12h00 - 14h00', '19h00 - 22h30', 'Mercredi', '12h00 - 14h00', '19h00 - 22h30', 'Jeudi', '12h00 - 14h00', '19h00 - 22h30', 'Vendredi', '12h00 - 14h00', '19h00 - 23h00', 'Samedi', ' 12h00 - 14h30', '19h00 - 23h00', 'Dimanche', '12h00 - 14h00', '19h00 - 22h30'];;
11;On a la vie / Elisa;r Jura;74160;NEYDENS;04 50 35 08 18;http://laviesainegrandmarch.site-solocal.com;;;;;;;['Buffet chaud', 'Libre-service', 'Plats carnés, végétariens', 'Aromathérapie', 'Traiteur bio', 'restaurant bio', 'Formules', 'Produits bouchers, boulangers naturels', 'Conseils personnalisés', 'Accessoires', 'Restaurants ', 'Magasins bio ', 'Alimentation, supérettes ', 'Boucheries, boucheries-charcuteries ', 'Fromageries ', 'Primeurs ', 'Produits diététiques, naturels ', 'Boulangeries-pâtisseries (artisans) ', 'Vente de surgelés '];['Lundi', '09h00 - 18h30', 'Mardi', '09h00 - 18h30', 'Mercredi', '09h00 - 18h30', 'Jeudi', '09h00 - 18h30', 'Vendredi', '09h00 - 18h30', 'Samedi', '09h00 - 18h30', 'Dimanche'];;
12;L'Aparté;39 r Gare;74130;BONNEVILLE;04 50 25 76 36;http://www.laparte.fr;['entrée + plat ou plat + dessert, servi le midi du mercredi au vendredi (sauf jours fériés) : ', 'Menu découverte : ', 'Menu du jour : entrée + plat + fromage ou dessert, servi le midi du mercredi au vendredi (sauf jours fériés) : ', 'Menu gourmand : '];['12,90 €', '26,00 €', '14,90 €', '35,00 €'];français;5.0;"['Crème brûlée vanille à la cassonade', 'Panna cotta vanille et son crumble', ""Escalope de foie gras sur toasts de pain d'épices et fruits de saison"", 'Tartine de saumon fumé, tomate et oignon sur lit de roquette', 'Burger au fromage fondant - steak façon bouchère 180g, salade verte, oignon rouge, lard, tomate et fromage au choix', ""Filets de Rouget à l'échalote""]";['6,20 €', '6,20 €', '15,20 €', '10,90 €', '16,50 €', '16,90 €'];"['pizzeria', 'plat du jour', 'Chaises enfant disponibles', ""Repas de groupe, d'anniversaire"", 'Salle climatisée', 'terrasse', 'restaurant avec terrasse', 'Restaurant pizzaria', 'facilité bébé', 'Banquets', 'repas de groupe', 'menu de fêtes', 'plat à emporter', ""repas d'anniversaire"", 'parking', 'Terrasse ombragée', 'saladerie', 'restaurant repas de groupe', 'accès handicapés', 'Elaboration de menus pour occasions spéciales', 'Restaurant', 'Pizzas à emporter', 'Restaurants ', 'Pizzas à emporter ', 'Pizzerias ', 'Restaurants italiens ']";['Lundi', 'Mardi', '11h45 - 13h30', '18h45 - 21h00', 'Mercredi', '11h45 - 13h30', 'Jeudi', '11h45 - 13h30', '18h45 - 21h00', 'Vendredi', '11h45 - 13h30', '18h45 - 21h30', 'Samedi', '11h45 - 13h30', '18h45 - 21h30', 'Dimanche', '18h45 - 21h00'];;
13;L'Arcadie;8 pl Trophée;74540;ALBY SUR CHÉRAN;04 50 68 15 78;restaurantlarcadie.com;;;Restaurant français;5.0;;;"['Formule déjeuner', 'Animaux acceptés', ""repas d'anniversaire"", 'wifi', 'repas de fêtes', ""repas d'affaire"", 'organisation de baptême', 'Préparation de plats à emporter', 'Repas de groupes', 'plat à emporter', 'repas de mariage', 'terrasse', 'Facilités bébés', 'plat du jour', 'repas de groupe', 'menu de fêtes', ""repas d'entreprises"", 'accès internet', 'maître restaurateur', 'Parking']";['Lundi', '12h00 - 14h30', 'Mardi', '12h00 - 14h30', 'Mercredi', '12h00 - 14h30', 'Jeudi', '12h00 - 14h30', '19h00 - 23h00', 'Vendredi', '12h00 - 14h30', '19h00 - 23h00', 'Samedi', '19h00 - 23h00', 'Dimanche', '12h00 - 15h30'];45.817148;6.020674
14;Auberge La Ferme de Ferrières;800 rte Burnets pringy;74000;ANNECY;04 50 22 04 00;www.aubergelafermedeferrieres.com;;;;;;;['Gîte', 'Parking', 'Hôtel', 'Animaux acceptés', 'Wi-fi', 'Accès aux personnes à mobilité réduite', 'Restaurant', 'Terrasse', 'Aire de jeux pour les enfants', 'Repas de groupes', 'Facilités bébés', 'Hôtels ', 'Restaurants '];['Lundi', '12h00 - 14h00', '19h00 - 21h00', 'Mardi', '12h00 - 14h00', '19h00 - 21h00', 'Mercredi', 'Jeudi', '12h00 - 14h00', '19h00 - 21h00', 'Vendredi', '12h00 - 14h00', '19h00 - 21h00', 'Samedi', '12h00 - 14h00', '19h00 - 21h00', 'Dimanche', '12h00 - 14h00'];;
15;Hôtel Restaurant Croix Saint Maurice;29 pl Grenette;74450;LE GRAND BORNAND;04 50 02 20 05;www.hotel-lacroixstmaurice.com;;;Restaurant français;5.0;;;['parking', 'Pizzerias ', 'Hôtels ', 'Restaurants ', 'Spas '];['Lundi', '07h30 - 00h00', 'Mardi', '07h30 - 00h00', 'Mercredi', '07h30 - 00h00', 'Jeudi', '07h30 - 00h00', 'Vendredi', '07h30 - 00h00', 'Samedi', '07h30 - 00h00', 'Dimanche', '07h30 - 00h00'];;
16;Bateau MS Libellule;2 pl Bois;74000;ANNECY;04 50 51 08 40;www.annecy-croisieres.com;;;;;;;['Tourisme', 'animation touristique', 'promenade en bateau', 'Croisière', 'visite guidée', 'Restaurant', 'curiosité touristique', 'site naturel', 'tourisme fluvial'];['Lundi', '09h00 - 20h30', 'Mardi', '09h00 - 20h30', 'Mercredi', '09h00 - 20h30', 'Jeudi', '09h00 - 20h30', 'Vendredi', '09h00 - 20h30', 'Samedi', '09h00 - 20h30', 'Dimanche', '09h00 - 20h30'];;
17;Le Marrakech;6 av Mandallaz;74000;ANNECY;04 50 45 45 21;http://www.restaurantmarrakech.com;;;restaurant marocain;5.0;;;['couscous à emporter', 'facilité bébé', 'restaurant halal', 'accès handicapés', 'Restaurants ', 'Traiteurs '];['Lundi', '12h00 - 14h30', '19h00 - 23h00', 'Mardi', '12h00 - 14h30', '19h00 - 23h00', 'Mercredi', '12h00 - 14h30', '19h00 - 23h00', 'Jeudi', '12h00 - 14h30', '19h00 - 23h00', 'Vendredi', '12h00 - 14h30', '19h00 - 23h00', 'Samedi', '12h00 - 14h30', '19h00 - 23h00', 'Dimanche', '12h00 - 14h30', '19h00 - 23h00'];;
18;Restaurant Le Verdoyant;Lac Montriond;74110;MONTRIOND;04 50 79 21 96;plus.google.com;;;Restaurant savoyard;5.0;;;['Facilités bébés', 'Terrasse', 'Animaux acceptés', 'Repas de groupe', 'Parking'];['Lundi', '12h00 - 14h30', '18h30 - 23h00', 'Mardi', '12h00 - 14h30', '18h30 - 23h00', 'Mercredi', 'Jeudi', '12h00 - 14h30', '18h30 - 23h00', 'Vendredi', '12h00 - 14h30', '18h30 - 23h00', 'Samedi', '12h00 - 14h30', '18h30 - 23h00', 'Dimanche', '12h00 - 14h30', '18h30 - 23h00'];46.208987;6.720375
19;Le T Quatre;8 pl Notre Dame;74000;ANNECY;04 50 51 41 10;https://www.let4restaurant.fr;;;restaurant français;5.0;;;"['Formule du jour', 'plat du jour', ""repas d'entreprises"", 'animaux acceptés', 'bar à vin', ""repas d'anniversaire"", 'réservation de table possible', 'accès wi-fi', 'apéritif dînatoire', 'climatisation', 'repas de groupe']";['Lundi', 'Mardi', '12h00 - 14h00', '19h00 - 22h00', 'Mercredi', '12h00 - 14h00', '19h00 - 22h00', 'Jeudi', '12h00 - 14h00', '19h00 - 22h00', 'Vendredi', '12h00 - 14h00', '19h00 - 22h00', 'Samedi', '12h00 - 14h00', '19h00 - 22h00', 'Dimanche'];;
20;Le T Quatre;8 pl Notre Dame;74000;ANNECY;04 50 51 41 10;https://www.let4restaurant.fr;;;restaurant français;5.0;;;"['Formule du jour', 'plat du jour', ""repas d'entreprises"", 'animaux acceptés', 'bar à vin', ""repas d'anniversaire"", 'réservation de table possible', 'accès wi-fi', 'apéritif dînatoire', 'climatisation', 'repas de groupe']";['Lundi', 'Mardi', '12h00 - 14h00', '19h00 - 22h00', 'Mercredi', '12h00 - 14h00', '19h00 - 22h00', 'Jeudi', '12h00 - 14h00', '19h00 - 22h00', 'Vendredi', '12h00 - 14h00', '19h00 - 22h00', 'Samedi', '12h00 - 14h00', '19h00 - 22h00', 'Dimanche'];;
21;Restaurant La Diligence;pl Général de Gaulle;74160;SAINT JULIEN EN GENEVOIS;04 50 49 07 55;www.la-diligence.fr;;;Restaurant savoyard;5.0;;;"['Repas de groupes', 'Plat à emporter', 'Accès wi-fi', 'Animaux acceptés', 'Cuisine gastronomique', 'Cave à vins', 'Accès aux personnes à mobilité réduite', ""Galerie d'art"", 'Terrasse', 'Brasserie', 'Restaurants ', 'Cafés, bars ']";['Lundi', 'Mardi', '08h00 - 23h45', 'Mercredi', '08h00 - 23h45', 'Jeudi', '08h00 - 23h45', 'Vendredi', '08h00 - 23h45', 'Samedi', '08h00 - 23h45', 'Dimanche'];;
22;Au Chardon d'Ecosse;10 r Vaugelas Pré Carré;74000;ANNECY;04 50 51 24 31;www.auchardon.com;;;;;"['Croustillant de chèvre, marmelade de pêche', 'Saumon gravelax, vinaigrette à la menthe fraîche', 'Risotto crémeux de noix de St Jacques au beurre blanc', ""Filet de loup cuit à l'unilatérale, sauce Hollandaise, pommes vapeur"", 'Sole entière meunière, pommes vapeur. (600 gr environ)']";['15 €', '16 €', '22 €', '24 €', '45 €'];['Cocktail', 'restaurant dansant', 'Repas de groupe', 'concert', 'Terrasse', 'Soirée musicale', 'bar à vin', 'bar de nuit', 'Restaurants ', 'Restaurants dansants ', 'Cafés, bars '];['Lundi', '12h00 - 14h00', '18h00 - 03h00', 'Mardi', '12h00 - 14h00', '18h00 - 03h00', 'Mercredi', '12h00 - 14h00', '18h00 - 03h00', 'Jeudi', '12h00 - 14h00', '18h00 - 03h00', 'Vendredi', '12h00 - 14h00', '18h00 - 03h00', 'Samedi', ' 12h00 - 14h00', '18h00 - 03h00', 'Dimanche'];;
23;McDonald's Megève;603 rte Nationale;74120;MEGÈVE;04 50 21 15 15;www.restaurants.mcdonalds.fr;;;fast food;5.0;;;"[""L'Happy anniversaire"", 'Accès handicapés', 'Climatisation', 'Wifi', ""L'offre Happy Meal"", 'McDrive', 'Les Sandwichs', 'Les Desserts', 'Les Menus', 'Vente à emporter', 'Les Salades', ""L'offre McCafé"", 'Fast Food', 'Hamburger', 'Facilités bébés', 'Burger', 'Les Boissons', 'Commande en ligne', 'burger', 'Restauration rapide ', 'Restaurants ']";['Lundi', '09h00 - 23h00', 'Mardi', '09h00 - 23h00', 'Mercredi', '09h00 - 23h00', 'Jeudi', '09h00 - 23h00', 'Vendredi', '09h00 - 23h00', 'Samedi', '09h00 - 23h00', 'Dimanche', '09h00 - 23h00'];45.863988;6.625301
24;Bakhchich Baba;11 Bis av Mandallaz;74000;ANNECY;04 56 19 02 19;www.bakhchich-baba.com;;;;;;;['réservation de table en ligne', 'plats à emporter', 'menu « découvertes à partager »', 'plats sur place'];['Lundi', '12h00 - 14h00', '19h00 - 22h00', 'Mardi', '12h00 - 14h00', '19h00 - 22h00', 'Mercredi', 'Jeudi', '19h00 - 22h00', 'Vendredi', '12h00 - 14h00', '19h00 - 22h00', 'Samedi', '12h00 - 14h00', '19h00 - 22h00', 'Dimanche', '12h00 - 14h00', '19h00 - 22h00'];45.899107;6.115411
25;Hôtel Restaurant Le Gai Soleil;343 r du Crêt du Midi;74120;MEGÈVE;04 50 21 00 70;www.le-gai-soleil.fr;;;;;"[""CROQUE SALADE D'HIVER ET SON OEUF AU PLAT"", 'CROUSTILLANT DE REBLOCHON AUX POMMES', 'FRICASSEE DE SAUMON AUX LEGUMES CUIT VAPEUR REDUCTION DE NOILY PRAT SAFRANE', 'GOUJONETTES DE CABILLAUD FACON FISH AND CHIPS', 'FONDUE SAVOYARDE AUX MORILLES', 'FONDUE SAVOYARDE TRADITIONNELLE']";['14 €', '14 €', '24 €', '20 €', '30 €', '26 €'];['Parking', 'Langue parlée : anglais', 'Restaurant', 'Piscine', 'Terrasse', '7j/7 - 24h/24', 'Télévision par satellite', 'Accès wi-fi', 'Restaurants ', 'Hôtels '];;;
26;Restaurant Les Jardins De Léman;Grande Rue;74140;YVOIRE;04 50 72 80 32;http://www.restaurant-yvoire.fr;;;Restaurant français;5.0;;;['Animaux acceptés', 'Terrasse', 'Spécialité de poisson du lac Léman'];['Lundi', '12h00 - 14h30', '19h00 - 22h00', 'Mardi', '12h00 - 14h30', '19h00 - 22h00', 'Mercredi', 'Jeudi', '12h00 - 14h30', '19h00 - 22h00', 'Vendredi', '12h00 - 14h30', '19h00 - 22h00', 'Samedi', '12h00 - 14h30', '19h00 - 22h00', 'Dimanche', '12h00 - 14h30', '19h00 - 22h00'];46.370249;6.325826
27;E-Motion Restaurant;72 av d'aix les bains;74600;SEYNOD;04 50 63 79 90;;;;Restaurant français;2.0;;;['Simulateur de pilotage', 'Séminaire', 'Pétanque sur gazon', 'Restaurant', 'Espace évènementiel', 'Bar-Lounge', 'Restaurants ', 'Restaurants pour réceptions, pour séminaires ', 'Clubs, circuits, terrains de sports mécaniques '];['Lundi', '12h00 - 22h00', 'Mardi', '12h00 - 22h00', 'Mercredi', '12h00 - 22h00', 'Jeudi', '12h00 - 22h30', 'Vendredi', '12h00 - 22h30', 'Samedi', '12h00 - 22h30', 'Dimanche', '12h00 - 22h00'];45.889326;6.107924
28;Auberge La Ferme de Ferrières;800 rte Burnets pringy;74000;ANNECY;04 50 22 04 00;www.aubergelafermedeferrieres.com;;;;;;;['Gîte', 'Parking', 'Hôtel', 'Animaux acceptés', 'Wi-fi', 'Accès aux personnes à mobilité réduite', 'Restaurant', 'Terrasse', 'Aire de jeux pour les enfants', 'Repas de groupes', 'Facilités bébés', 'Hôtels ', 'Restaurants '];['Lundi', '12h00 - 14h00', '19h00 - 21h00', 'Mardi', '12h00 - 14h00', '19h00 - 21h00', 'Mercredi', 'Jeudi', '12h00 - 14h00', '19h00 - 21h00', 'Vendredi', ' 12h00 - 14h00', '19h00 - 21h00', 'Samedi', '12h00 - 14h00', '19h00 - 21h00', 'Dimanche', '12h00 - 14h00'];;
29;McDonald's Chamonix Centre Ville;122 r Michel Croze;74400;CHAMONIX MONT BLANC;04 50 53 31 13;www.restaurants.mcdonalds.fr;;;fast food;5.0;;;"[""L'Happy anniversaire"", 'Accès handicapés', 'Climatisation', 'Wifi', ""L'offre Happy Meal"", 'McDrive', 'Les Sandwichs', 'Les Desserts', 'Les Menus', 'Vente à emporter', 'Les Salades', ""L'offre McCafé"", 'Fast Food', 'Hamburger', 'Facilités bébés', 'Burger', 'Les Boissons', 'Commande en ligne', 'burger', 'Restauration rapide ', 'Restaurants ']";['Lundi', '09h00 - 23h00', 'Mardi', '09h00 - 23h00', 'Mercredi', '09h00 - 23h00', 'Jeudi', '09h00 - 23h00', 'Vendredi', '09h00 - 23h00', 'Samedi', '09h00 - 23h00', 'Dimanche', '09h00 - 23h00'];45.923435;6.871382
30;McDonald's Sallanches;Centre Cial Carrefour 1805 rte Genève;74700;SALLANCHES;04 50 47 87 27;www.restaurants.mcdonalds.fr;;;fast food;1.0;;;"['Les Desserts', 'Les Sandwichs', 'Commande en ligne', 'Les Boissons', 'McDrive', 'Accès handicapés', 'Les Menus', 'Les Salades', 'Hamburger', ""L'offre McCafé"", 'Vente à emporter', ""L'offre Happy Meal"", ""L'Happy anniversaire"", 'Fast Food', 'Climatisation', 'Burger', 'Facilités bébés', 'Wifi', 'burger', 'Restauration rapide ', 'Restaurants ']";['Lundi', '10h30 - 23h30', 'Mardi', '10h30 - 23h30', 'Mercredi', '10h30 - 23h30', 'Jeudi', '10h30 - 23h30', 'Vendredi', '10h30 - 23h30', 'Samedi', '10h30 - 23h30', 'Dimanche', '10h30 - 23h30'];45.951683;6.629857
31;L'Uzine;41 r Sommeiller;74000;ANNECY;04 50 51 10 66;http://www.restaurant-uzine-annecy.fr;;;cuisine française;5.0;;;"['plat du jour', 'Accepte les animaux', 'terrasse', 'restaurant séminaire', 'repas de groupe', 'Soirée concert', 'livraison de repas', 'plat à emporter', 'restaurant végétarien', ""repas d'anniversaire"", 'parking', 'livraison de plat', 'WI-FI', 'restaurant repas de groupe', 'livraison de pizza', 'Accueil de groupe', 'Restaurants ', 'Pizzas à emporter ', 'Restauration à domicile ', 'Pizzerias ']";['Lundi', '12h00 - 14h00', 'Mardi', '12h00 - 14h00', 'Mercredi', '12h00 - 14h00', 'Jeudi', '12h00 - 14h00', '19h00 - 21h30', 'Vendredi', '12h00 - 14h00', '19h00 - 22h00', 'Samedi', '12h00 - 14h30', '19h00 - 22h00', 'Dimanche'];;
32;La Piscine;146 rte de Lornard;74410;SAINT JORIOZ;04 50 68 63 29;www.chataigniers.com;;;Cuisine française;5.0;;;['Organisation de séminaires', 'Tennis', 'Résidence de tourisme', 'Garage', 'Résidence hôtelière', 'Grill', 'Piscine', 'Hôtel', 'Accès aux personnes à mobilité réduite', 'Restaurant', 'Squash', 'Spa', 'Restaurants ', 'Hôtels ', 'Location de salles ', 'Hôtels avec piscine ', 'Organisation de séminaires, de congrès ', 'Résidences de tourisme, résidences hôtelières '];;;
33;PICCOLA VENEZIA;49 r Parmelan;74330;EPAGNY METZ TESSY;04 50 22 07 95;www.piccola-venezia.fr;;;Restaurant italien;4.0;;;['Parking', 'Animaux acceptés', 'plat du jour', 'Ouvert 7j/7', 'wifi', 'repas de groupe', 'Accès aux personnes à mobilité réduite', 'plat à emporter', 'Repas de groupes sur réservation', 'terrasse'];['Lundi', '11h30 - 14h30', '18h30 - 22h30', 'Mardi', '11h30 - 14h30', '18h30 - 22h30', 'Mercredi', '11h30 - 14h30', '18h30 - 22h30', 'Jeudi', '11h30 - 14h30\n ', '18h30 - 22h30', 'Vendredi', '11h30 - 14h30', '18h30 - 22h30', 'Samedi', '11h30 - 14h30', '18h30 - 22h30', 'Dimanche', '11h30 - 14h30', '18h30 - 22h30'];45.934409;6.085774
34;Restaurant Le Verdoyant;Lac Montriond;74110;MONTRIOND;04 50 79 21 96;plus.google.com;;;Restaurant savoyard;5.0;;;['Facilités bébés', 'Terrasse', 'Animaux acceptés', 'Repas de groupe', 'Parking'];['Lundi', '12h00 - 14h30', '18h30 - 23h00', 'Mardi', '12h00 - 14h30', '18h30 - 23h00', 'Mercredi', 'Jeudi', '12h00 - 14h30', '18h30 - 23h00', 'Vendredi', '12h00 - 14h30', '18h30 - 23h00', 'Samedi', '12h00 - 14h30', '18h30 - 23h00', 'Dimanche', '12h00 - 14h30', '18h30 - 23h00'];46.208987;6.720375
35;TAJ MAHAL;20 Grande Rue;74160;SAINT JULIEN EN GENEVOIS;04 50 35 11 03;http://www.taj-mahal-restaurant.fr;;;Restaurant indien;1.0;;;['Spécialités indiennes', 'Parking', 'Plats à emporter', 'Repas de groupes', 'Spécialités pakistanaises', 'Terrasse', 'Restaurants ', 'Restaurants indiens '];['Lundi', '12h00 - 14h00', '19h00 - 22h30', 'Mardi', '12h00 - 14h00', '19h00 - 22h30', 'Mercredi', '12h00 - 14h00', '19h00 - 22h30', 'Jeudi', '12h00 - 14h00', '19h00 - 22h30', 'Vendredi', '12h00 - 14h00', '19h00 - 22h30', 'Samedi', '12h00 - 14h00', '19h00 - 22h30', 'Dimanche', '12h00 - 14h00', '19h00 - 22h30'];;
36;Hôtel Restaurant Les Rochers;24 rte Paris;74330;LA BALME DE SILLINGY;04 50 68 70 07;http://www.hotellesrochers.fr;;;;;;;['Parking', 'Langues parlées : anglais, italien', 'Parc', 'Soirée étape', 'Restaurant', 'Terrasse', 'Accès aux personnes à mobilité réduite', 'Facilité bébés', 'Piscine extérieure', 'Hôtel', 'Animaux acceptés', 'Accueil de séminaires', 'Climatisation', 'Organisation de réceptions', 'Télévision par satellite', 'Restaurants ', 'Hôtels ', 'Restaurants pour réceptions, pour séminaires '];;;
37;McDonald's Saint Cergues;100 rte Voirons Lieu dit Vouards Sud;74140;SAINT CERGUES;04 50 95 61 68;www.restaurants.mcdonalds.fr;;;;;;;"[""L'Happy anniversaire"", 'Accès handicapés', 'Climatisation', 'Wifi', ""L'offre Happy Meal"", 'McDrive', 'Les Sandwichs', 'Les Desserts', 'Les Menus', 'Vente à emporter', 'Les Salades', ""L'offre McCafé"", 'Fast Food', 'Hamburger', 'Facilités bébés', 'Burger', 'Les Boissons', 'Commande en ligne', 'burger', 'Restauration rapide ', 'Restaurants ']";['Lundi', '10h00 - 00h00', 'Mardi', '10h00 - 00h00', 'Mercredi', '10h00 - 00h00', 'Jeudi', '10h00 - 00h00', 'Vendredi', '10h00 - 00h00', 'Samedi', '10h00 - 00h00', 'Dimanche', '11h00 - 00h00'];46.225772;6.302902
38;L'Estaminet;8 r Ste Claire;74000;ANNECY;04 50 45 88 83;https://www.lestaminet-annecy.fr;;;Restaurant français;5.0;;;['Repas de groupes', 'Menus enfants', 'Langue parlée : anglais', 'Climatisation', 'Animaux acceptés', 'restaurant avec terrasse', 'Terrasse', 'Restaurant', 'Service en salle', 'Restaurants ', 'Cafés, bars '];['Lundi', 'Mardi', '09h00 - 00h00', 'Mercredi', '09h00 - 00h00', 'Jeudi', '09h00 - 00h00', 'Vendredi', '09h00 - 00h00', 'Samedi', '09h00 - 01h00', 'Dimanche', '08h30 - 18h00'];45.898411;6.125102
39;Alb Hôtel;369 rte Asnières;74540;ALBY SUR CHÉRAN;04 50 68 14 14;www.albhotel.com;;;cuisine française;5.0;;;"['terrasse', ""repas d'affaire"", 'facilité bébé', 'apéritif dînatoire', 'wifi', 'repas de groupe', 'plat à emporter', 'fait maison', 'animaux acceptés', 'anglais parlé', ""repas d'anniversaire"", 'parking', 'accès handicapés', 'climatisation', 'brunch', 'Restaurants ', 'Hôtels ']";['Lundi', '07h00 - 22h30', 'Mardi', '07h00 - 22h30', 'Mercredi', '07h00 - 22h30', 'Jeudi', '07h00 - 22h30', 'Vendredi', '07h00 - 22h30', 'Samedi', '08h00 - 12h00', '18h00 - 20h30', 'Dimanche', '08h00 - 12h00'];;
40;Pacific;9 r René Cassin;74240;GAILLARD;04 50 35 36 36;http://pacific.site-solocal.com;;;restaurant asiatique;4.0;;;['plat à emporter', 'karaoké', 'buffet chinois', 'restaurant halal', 'repas de groupe', 'climatisation', 'wifi', 'chinois à emporter', 'restaurant buffet à volonté', 'repas de mariage', 'crêpe'];['Lundi', '11h45 - 14h45', '18h45 - 23h00', 'Mardi', '11h45 - 14h45', '18h45 - 23h00', 'Mercredi', '11h45 - 14h45', '18h45 - 23h00', 'Jeudi', '11h45 - 14h45', '18h45 - 23h00', 'Vendredi', '11h45 - 14h45', '18h45 - 23h00', 'Samedi', '11h45 - 14h45', '18h45 - 23h00', 'Dimanche', '11h45 - 14h45', '18h45 - 23h00'];;
41;Oxo;25 r Centrale;74940;ANNECY LE VIEUX;04 50 68 54 82;fr-fr.facebook.com;;;;;;;['terrasse', 'facilité bébé', 'wifi', 'brasserie'];['Lundi', '11h00 - 00h00', 'Mardi', '11h00 - 03h00', 'Mercredi', '11h00 - 03h00', 'Jeudi', '11h00 - 03h00', 'Vendredi', '11h00 - 03h00', 'Samedi', '11h00 - 03h00', 'Dimanche', '00h00 - 03h00'];;
42;Les Papilles;zone artisanale Du Grand Bois rte Thonon;74100;ANNEMASSE;04 50 37 60 73;www.les-papilles.com;;;Restaurant français;5.0;;;['Parking', 'Wi-fi', 'Animaux acceptés', 'Climatisation', 'Accès aux personnes à mobilité réduite', 'Facilités bébés', 'Repas de groupes'];['Lundi', '12h00 - 14h00', '19h00 - 22h30', 'Mardi', '12h00 - 14h00', '19h00 - 22h30', 'Mercredi', '12h00 - 14h00', '19h00 - 22h30', 'Jeudi', '12h00 - 14h00', '19h00 - 22h30', 'Vendredi', '12h00 - 14h00', '19h00 - 22h30', 'Samedi', '12h00 - 14h00', '19h00 - 22h30', 'Dimanche'];46.197246;6.267694
43;American diner;69 rte Epagny;74330;SILLINGY;04 50 22 65 41;www.american-diner.fr;;;restaurant américain;5.0;;;['Grandes variété de hamburgers', 'Restaurant américain', 'parking', 'Formules du midi', 'Spécialités hamburgers', 'facilité bébé', 'climatisation', 'Plats du jour', 'brunch'];['Lundi', '11h30 - 14h00', '18h30 - 22h00', 'Mardi', '11h30 - 14h00', '18h30 - 22h00', 'Mercredi', '11h30 - 14h00', '18h30 - 22h00', 'Jeudi', '11h30 - 14h00', '18h30 - 22h00', 'Vendredi', '11h30 - 14h00', '18h30 - 23h00', 'Samedi', '11h30 - 23h00', 'Dimanche', '09h00 - 22h00'];;
44;McDonald's Neydens;Centre De Loisirs Vitam Parc 500 rte Envignes;74160;NEYDENS;04 50 79 50 17;www.restaurants.mcdonalds.fr;;;fast food;1.0;;;"['Fast Food', 'McDrive', 'Vente à emporter', ""L'offre McCafé"", 'Commande en ligne', 'Accès handicapés', 'Hamburger', 'Les Boissons', 'Les Salades', 'Les Menus', 'Climatisation', 'Les Sandwichs', 'Burger', 'Les Desserts', 'Facilités bébés', ""L'Happy anniversaire"", 'Wifi', ""L'offre Happy Meal"", 'burger', 'Restauration rapide ', 'Restaurants ']";['Lundi', '08h30 - 00h00', 'Mardi', '08h30 - 00h00', 'Mercredi', '08h30 - 00h00', 'Jeudi', '08h30 - 00h00', 'Vendredi', '08h30 - 00h00', 'Samedi', '08h30 - 00h00', 'Dimanche', '08h30 - 00h00'];46.122194;6.095201
45;Restaurant le Café Roméo;301 bd du Chevran;74300;CLUSES;04 28 23 13 22;www.hotel-4c.fr;;;;;['Filets de perches meunieres'];['23 €'];['Hôtel', 'hôtel pas cher VRP', 'Restaurant', 'wifi', 'parking', 'Pizzeria', 'Séminaire', 'Pizzerias ', 'Hôtels ', 'Restaurants '];;;
46;La Taverne de Maître Kanter Montana (SARL) Franchisé indépendant;pl Hôtel de Ville;74100;ANNEMASSE;04 50 84 46 80;https://www.taverne-maitre-kanter-annemasse.fr;;;Restaurant français;4.0;;;['taverne', 'facilité bébés', 'langue parlée : anglais', 'fruit de mer', 'animaux acceptés', 'terrasse', 'menu enfant', 'parking', 'brasserie', 'restaurent de poisson', 'salle climatisée', 'plats à emporter', 'accès aux personnes à mobilité réduite', 'choucroute', 'restaurant de fruit de mer', 'accueil de groupes', 'La Taverne de Maître Kanter Montana Franchisé indépendant', 'Restaurants ', 'Brasseries '];['Lundi', '08h00 - 00h00', 'Mardi', '08h00 - 00h00', 'Mercredi', '08h00 - 00h00', 'Jeudi', ' 08h00 - 00h00', 'Vendredi', '08h00 - 00h00', 'Samedi', '08h00 - 00h00', 'Dimanche', '08h00 - 00h00'];;
47;Brasserie des Européens;pl Hôtel de Ville;74000;ANNECY;04 50 45 00 81;www.brasserie-des-europeens.com;;;;;;;['animaux acceptés', 'plats à emporter', 'accès aux personnes à mobilité réduite', 'repas de groupes', 'facilités bébés', 'parking'];['Lundi', '12h00 - 14h00', 'Mardi', '12h00 - 14h00', 'Mercredi', '12h00 - 14h00', 'Jeudi', '12h00 - 14h00', 'Vendredi', '12h00 - 14h00', 'Samedi', '12h00 - 14h00', 'Dimanche', '12h00 - 14h00'];45.89909;6.12855
48;PIZZA PEPONE;1 r Vieux Moulin;74960;MEYTHET;04 50 22 74 90;www.pizza-pepone.fr;;;Restaurant italien;5.0;;;"[""repas d'affaire"", 'salle privée', 'Wi-fi', 'repas de groupe', ""repas d'entreprises"", 'repas de fêtes', 'wifi', 'parking', 'Accès aux personnes à mobilité réduite', 'terrasse', 'climatisation', 'espace privatisable', 'Restaurants ', 'Pizzerias ']";['Lundi', 'Mardi', '11h45 - 14h00', '18h45 - 22h30', 'Mercredi', '11h45 - 14h00', '18h45 - 22h30', 'Jeudi', '11h45 - 14h00', '18h45 - 22h30', 'Vendredi', '11h45 - 14h00', '18h45 - 22h30', 'Samedi', '11h45 - 14h00', '18h45 - 22h30', 'Dimanche'];45.921245;6.088837
49;KFC Annemasse;64 rte Thonon;74100;ANNEMASSE;04 50 04 49 26;www.facebook.com;;;Restauration rapide;5.0;;;['Salade', 'WIFI', 'Aire de jeux', 'Poulet', 'Uber Eats', 'Poulet grillé', 'Vegan', 'Drive', 'Wrap', 'Burger', 'Chèques Vacances', 'Hamburger'];['Lundi', '11h00 - 22h00', 'Mardi', '11h00 - 22h00', 'Mercredi', '11h00 - 22h00', 'Jeudi', '11h00 - 22h00', 'Vendredi', '11h00 - 22h00', 'Samedi', '11h00 - 22h00', 'Dimanche', '11h00 - 22h00'];46.193999;6.258861
50;Boussole (La);691 rte Albertville;74320;SEVRIER;04 50 52 40 59;www.hotel-beauregard.com;;;Restaurant français;5.0;['Ballotine de Foie Gras mi-cuit,', 'Ravioles de la Closette', 'Assiette du jardin', 'Pavé de Cabillaud rôti', 'La Charrette Savoyarde', 'Mont-Blanc Déstructuré'];['15 €', '12 €', '20 €', '20 €', '8 €', '8 €'];['Restaurant', 'Hôtel', 'Cuisine gastronomique', 'Cuisine traditionnelle', 'terrasse', 'restaurant repas de groupe', 'Restaurants ', 'Hôtels ', 'Résidences de tourisme, résidences hôtelières ', 'Organisation de séminaires, de congrès '];['Lundi', '12h00 - 14h00', '19h15 - 23h00', 'Mardi', '12h00 - 14h00', '19h15 - 23h00', 'Mercredi', '12h00 - 14h00', '19h15 - 23h00\n ', 'Jeudi', '12h00 - 14h00', '19h15 - 23h00', 'Vendredi', '12h00 - 14h00', '19h15 - 23h00', 'Samedi', '12h00 - 14h00', '19h15 - 23h00', 'Dimanche', '12h00 - 14h00', '19h15 - 23h00'];;
51;Le Poisson Rouge;20 prom Seines;74320;SEVRIER;04 50 52 40 48;www.opoissonrouge.com;;;Restaurant français;1.0;;;['restaurant avec terrasse', 'Parking', 'Cuisine traditionnelle', 'Langue parlée : anglais', 'Organisation de mariages, de communions, de séminaires et autres', 'Grande terrasse', 'Poissons et fruits de mer', 'Menus pour enfants', 'Espace privatisable', 'Facilités bébés', 'Repas de groupes', 'terrasse'];['Lundi', '10h00 - 14h00', '18h00 - 01h00', 'Mardi', '10h00 - 14h00', '18h00 - 01h00', 'Mercredi', '10h00 - 14h00', '18h00 - 01h00', 'Jeudi', '10h00 - 14h00', '18h00 - 01h00', 'Vendredi', '10h00 - 14h00', '18h00 - 01h00', 'Samedi', '10h00 - 14h00', '18h00 - 01h00', 'Dimanche', '10h00 - 14h00\n ', '18h00 - 01h00'];45.867389;6.143355
52;Au Chardon d'Ecosse;10 r Vaugelas Pré Carré;74000;ANNECY;04 50 51 24 31;www.auchardon.com;;;;;"['Croustillant de chèvre, marmelade de pêche', 'Saumon gravelax, vinaigrette à la menthe fraîche', 'Risotto crémeux de noix de St Jacques au beurre blanc', ""Filet de loup cuit à l'unilatérale, sauce Hollandaise, pommes vapeur"", 'Sole entière meunière, pommes vapeur. (600 gr environ)']";['15 €', '16 €', '22 €', '24 €', '45 €'];['Cocktail', 'restaurant dansant', 'Repas de groupe', 'concert', 'Terrasse', 'Soirée musicale', 'bar à vin', 'bar de nuit', 'Restaurants ', 'Restaurants dansants ', 'Cafés, bars '];['Lundi', '12h00 - 14h00', '18h00 - 03h00', 'Mardi', '12h00 - 14h00', '18h00 - 03h00', 'Mercredi', '12h00 - 14h00', '18h00 - 03h00', 'Jeudi', '12h00 - 14h00', '18h00 - 03h00', 'Vendredi', '12h00 - 14h00', '18h00 - 03h00', 'Samedi', '12h00 - 14h00', '18h00 - 03h00', 'Dimanche'];;
53;Le Grenier;372 Charlet Straton;74400;ARGENTIÈRE;04 50 54 06 00;restaurant-legrenier.com;['Menu entrée, plat, dessert : ', 'Menu entrée, plat : ', 'Menu plat, dessert : '];['16.50 €', '14.00 €', '14.00 €'];Restaurant savoyard;5.0;"['Celle du Fournil: Pommes sautées au beurre salé, cannelle, miel, calvados', 'La coupe à Guy: 2 boules poire, eau de vie de poire', 'La Yaute : Salade verte, toast de Chèvre chaud, jambon, miel, olives', ""L'Assiette de charcuteries italiennes : Jambon cru mattonella, coppa, speck, pancetta al barolo, jambon blanc"", ""Quenelles de Féra, sauce à la bisque d'écrevisses du Léman, légumes"", 'La Croute de Nina : Pain, raclette fermière, chanterelles, Chignin et ail']";['7.00 €', '7.50 €', '8 €', '12 €', '21.50 €', '17.00 €'];['Menu ouvrier', 'Accès aux personnes à mobilité réduite', 'Parking, terrasse', 'Wi-fi', 'Animaux acceptés', 'Service continu'];['Lundi', '07h30 - 21h00', 'Mardi', '07h30 - 21h00', 'Mercredi', 'Jeudi', '07h30 - 21h00', 'Vendredi', '07h30 - 21h00', 'Samedi', '07h30 - 21h00', 'Dimanche', '07h30 - 21h00'];;
54;Le Ciselin Patrice;8 r Pré d'Avril;74940;ANNECY LE VIEUX;04 50 09 93 77;wwww.restaurant-le-ciselin.fr;;;cuisine française;5.0;;;['fait maison', 'animaux acceptés', 'terrasse', 'parking', 'facilité bébé', 'restaurant repas de groupe'];['Lundi', 'Mardi', '12h00 - 14h00', '19h00 - 22h00', 'Mercredi', '12h00 - 14h00', '19h00 - 22h00', 'Jeudi', '12h00 - 14h00', '19h00 - 22h00', 'Vendredi', '12h00 - 14h00', '19h00 - 22h00', 'Samedi', '12h00 - 14h00', '19h00 - 22h00', 'Dimanche'];;
55;La Piscine;146 rte de Lornard;74410;SAINT JORIOZ;04 50 68 63 29;www.chataigniers.com;;;Cuisine française;5.0;;;['Tennis', 'Résidence de tourisme', 'Résidence hôtelière', 'Grill', 'Piscine', 'Hôtel', 'Accès aux personnes à mobilité réduite', 'Organisation de sèminaires', 'Restaurant', 'Squash', 'Restaurants ', 'Hôtels ', 'Location de salles ', 'Hôtels avec piscine ', 'Organisation de séminaires, de congrès ', 'Résidences de tourisme, résidences hôtelières '];;;
56;Restaurant les Pêcheurs;307 chem la Renouillere;74140;SCIEZ;04 50 72 62 21;https://www.restaurant-les-pecheurs.fr;;;Restaurant poisson;5.0;;;"['Restaurant familial, panoramique', 'Stationnement gratuit sur parking privé', 'Accès aux personnes à mobilité réduite', 'animaux acceptés', 'salle privée', 'terrasse', 'parking', 'restaurant repas de groupe', 'accès handicapés', ""Terrasse les pieds dans l'eau"", ""Repas d'affaire, de fête, d'anniversaire"", 'menu de fêtes', 'plage privée', ""repas d'affaire"", ""repas d'anniversaire"", 'repas de groupe', ""repas d'entreprises"", 'repas de fêtes', 'Restaurants ', 'Restaurants avec terrasse ']";;;
57;Auberge La Ferme de Ferrières;800 rte Burnets pringy;74000;ANNECY;04 50 22 04 00;www.aubergelafermedeferrieres.com;;;;;;;['Gîte', 'Parking', 'Hôtel', 'Animaux acceptés', 'Wi-fi', 'Accès aux personnes à mobilité réduite', 'Restaurant', 'Terrasse', 'Aire de jeux pour les enfants', 'Repas de groupes', 'Facilités bébés', 'Hôtels ', 'Restaurants '];['Lundi', '12h00 - 14h00', '19h00 - 21h00', 'Mardi', '12h00 - 14h00', '19h00 - 21h00', 'Mercredi', 'Jeudi', '12h00 - 14h00', '19h00 - 21h00', 'Vendredi', ' 12h00 - 14h00', '19h00 - 21h00', 'Samedi', '12h00 - 14h00', '19h00 - 21h00', 'Dimanche', '12h00 - 14h00'];;
58;La Strada;24 r Euro;74960;MEYTHET;04 50 22 34 63;https://www.restaurant-strada-meythet.fr;;;Restaurant italien;5.0;;;['Accès aux personnes à mobilité réduite', 'Terrasse', 'Langues parlées : anglais, italien', 'Wi-fi', 'Accueil de groupes sur réservation', 'Restaurants ', 'Pizzerias '];['Lundi', '12h00 - 14h00', 'Mardi', '12h00 - 14h00', 'Mercredi', '12h00 - 14h00', 'Jeudi', '12h00 - 14h00', '19h00 - 22h00', 'Vendredi', '12h00 - 14h00', '19h00 - 22h00', 'Samedi', '12h00 - 14h00', '19h00 - 22h00', 'Dimanche', '12h00 - 14h00'];45.921872;6.090249
59;L'Atelier de Jacky;Devant le Nant;74360;LA CHAPELLE D'ABONDANCE;04 50 71 04 29;http://www.atelier-jacky.fr/;;;restaurant savoyard;5.0;;;"[""Diplômé de l'école hôtelière de Thonon les Bains"", 'fondue', 'spécialités savoyardes', 'terrasse', 'Menu du jour', 'Bar avec terrasse', 'facilité bébé', 'Cuisine élaboré', 'menu de fêtes', 'repas de groupe', 'repas de groupe sur réservation', 'parking', 'raclette', 'tartiflette', 'Repas de groupes sur réservation', 'Spécialité savoyarde fondue, berthoud, raclette...', 'Restaurants ', 'Cafés, bars ']";;;
60;Restaurant Le Verdoyant;Lac Montriond;74110;MONTRIOND;04 50 79 21 96;plus.google.com;;;Restaurant savoyard;5.0;;;['Facilités bébés', 'Terrasse', 'Animaux acceptés', 'Repas de groupe', 'Parking'];['Lundi', '12h00 - 14h30', '18h30 - 23h00', 'Mardi', '12h00 - 14h30', '18h30 - 23h00', 'Mercredi', 'Jeudi', '12h00 - 14h30', '18h30 - 23h00', 'Vendredi', '12h00 - 14h30', '18h30 - 23h00', 'Samedi', '12h00 - 14h30', '18h30 - 23h00', 'Dimanche', '12h00 - 14h30', '18h30 - 23h00'];46.208987;6.720375
61;L'Estaminet;8 r Ste Claire;74000;ANNECY;04 50 45 88 83;https://www.lestaminet-annecy.fr;;;Restaurant français;5.0;;;['Repas de groupes', 'Menus enfants', 'Langue parlée : anglais', 'Climatisation', 'Animaux acceptés', 'restaurant avec terrasse', 'Terrasse', 'Restaurant', 'Service en salle', 'Restaurants ', 'Cafés, bars '];['Lundi', 'Mardi', '09h00 - 00h00', 'Mercredi', '09h00 - 00h00', 'Jeudi', '09h00 - 00h00', 'Vendredi', '09h00 - 00h00', 'Samedi', '09h00 - 01h00', 'Dimanche', '08h30 - 18h00'];45.898411;6.125102
62;Restaurant Le Pré de la Cure;1 pl de la Mairie;74140;YVOIRE;04 50 72 83 58;www.pre-delacure.com;;;Cuisine française;5.0;;;['Parking', 'Animaux acceptés', 'Hammam', 'Wi-fi', 'Piscine couverte', 'Ascenseur', '25 chambres', 'Restaurant', 'Facilités bébés', 'TV/Satellite', 'Sauna', 'Restaurants ', 'Hôtels '];;;
63;L'Arcadie;8 pl Trophée;74540;ALBY SUR CHÉRAN;04 50 68 15 78;restaurantlarcadie.com;;;Restaurant français;5.0;;;"['organisation de baptême', 'Parking', 'maître restaurateur', ""repas d'affaire"", 'Préparation de plats à emporter', 'plat du jour', 'accès internet', 'menu de fêtes', 'repas de mariage', ""repas d'entreprises"", 'wifi', 'plat à emporter', 'terrasse', 'Formule déjeuner', 'Animaux acceptés', 'repas de groupe', 'repas de fêtes', 'Facilités bébés', ""repas d'anniversaire"", 'Repas de groupes']";['Lundi', ' 12h00 - 14h30', 'Mardi', '12h00 - 14h30', 'Mercredi', '12h00 - 14h30', 'Jeudi', '12h00 - 14h30', '19h00 - 23h00', 'Vendredi', '12h00 - 14h30', '19h00 - 23h00', 'Samedi', '19h00 - 23h00', 'Dimanche', '12h00 - 15h30'];45.817148;6.020674
64;Auberge de Groisy;La Marmite 34 rte Chef Lieu;74570;GROISY;04 50 68 09 54;www.auberge-groisy.fr;;;Restaurant français;5.0;;;"['Devis gratuit sur demande', 'Parking', ""Service traiteur toute l'année"", 'Animaux acceptés', 'Terrasse', 'Repas de groupe', 'Accès aux personnes à mobilité réduite']";['Lundi', 'Mardi', 'Mercredi', '12h00 - 13h30', '19h30 - 21h00', 'Jeudi', '12h00 - 13h30', '19h30 - 21h00', 'Vendredi', '12h00 - 13h30', '19h30 - 21h00', 'Samedi', '12h00 - 13h30', '19h30 - 21h00', 'Dimanche', '12h00 - 13h30'];46.016595;6.169342
65;Brasserie des Européens;pl Hôtel de Ville;74000;ANNECY;04 50 45 00 81;www.brasserie-des-europeens.com;;;;;;;['animaux acceptés', 'plats à emporter', 'accès aux personnes à mobilité réduite', 'repas de groupes', 'facilités bébés', 'parking'];['Lundi', '12h00 - 14h00', 'Mardi', '12h00 - 14h00', 'Mercredi', '12h00 - 14h00', 'Jeudi', '12h00 - 14h00', 'Vendredi', '12h00 - 14h00', 'Samedi', '12h00 - 14h00', 'Dimanche', '12h00 - 14h00'];45.89909;6.12855
66;TAJ MAHAL;20 Grande Rue;74160;SAINT JULIEN EN GENEVOIS;04 50 35 11 03;http://www.taj-mahal-restaurant.fr;;;Restaurant indien;1.0;;;['Spécialités indiennes', 'Parking', 'Plats à emporter', 'Repas de groupes', 'Spécialités pakistanaises', 'Terrasse', 'Restaurants ', 'Restaurants indiens '];['Lundi', '12h00 - 14h00', '19h00 - 22h30', 'Mardi', '12h00 - 14h00', '19h00 - 22h30', 'Mercredi', '12h00 - 14h00', '19h00 - 22h30', 'Jeudi', '12h00 - 14h00', '19h00 - 22h30', 'Vendredi', '12h00 - 14h00', '19h00 - 22h30', 'Samedi', '12h00 - 14h00', '19h00 - 22h30', 'Dimanche', '12h00 - 14h00', '19h00 - 22h30'];;
67;Auberge à La Ferme de Bajole;490 chem de la Ferrande;74350;COPPONEX;04 50 44 13 97;www.aubergedebajole.com;;;Cuisine française;5.0;;;['Animaux acceptés', 'Cuisine traditionnelle du terroir', 'restaurant pour réception', 'Accès aux personnes à mobilité réduite', 'Restaurant', 'terrasse', 'Auberge rurale', 'Plats à emporter', 'Parking', 'repas de groupe', 'Anglais parlé', 'Repas de groupes', 'Facilités bébés', 'Restaurants ', 'Auberges '];['Lundi', 'Mardi', 'Mercredi', 'Jeudi', '12h00 - 13h00', 'Vendredi', '12h00 - 13h00', 'Samedi', '12h00 - 13h00', 'Dimanche', '12h00 - 13h00'];;
68;KFC Annecy Seynod;12 chem Périaz;74600;SEYNOD;04 50 51 67 41;www.facebook.com;;;Restauration rapide;5.0;;;['Bornes de commande', 'A emporter', 'Salade', 'WIFI', 'Poulet', 'Poulet grillé', 'Vegan', 'Drive', 'Chèques Vacances', 'Hamburger', 'Sur place', 'Aire de jeux', 'Uber Eats', 'Wrap', 'Burger'];['Lundi', '11h00 - 23h00', 'Mardi', '11h00 - 23h00', 'Mercredi', '11h00 - 23h00', 'Jeudi', '11h00 - 23h00', 'Vendredi', '11h00 - 23h00', 'Samedi', '11h00 - 23h00', 'Dimanche', '11h00 - 23h00'];45.878116;6.089764
69;McDonald's Bonneville;av Charles de Gaulle;74130;BONNEVILLE;04 50 97 88 74;www.restaurants.mcdonalds.fr;;;fast food;1.0;;;"['Fast Food', 'McDrive', 'Vente à emporter', ""L'offre McCafé"", 'Commande en ligne', 'Accès handicapés', 'Hamburger', 'Les Boissons', 'Les Salades', 'Les Menus', 'Climatisation', 'Les Sandwichs', 'Burger', 'Les Desserts', 'Facilités bébés', ""L'Happy anniversaire"", 'Wifi', ""L'offre Happy Meal"", 'burger', 'Restauration rapide ', 'Restaurants ']";['Lundi', '09h00 - 00h00', 'Mardi', '09h00 - 00h00', 'Mercredi', '09h00 - 00h00', 'Jeudi', '09h00 - 00h00', 'Vendredi', '09h00 - 01h00', 'Samedi', '09h00 - 01h00', 'Dimanche', '09h00 - 00h00'];46.07324;6.408542
70;L'Atelier de Jacky;Devant le Nant;74360;LA CHAPELLE D'ABONDANCE;04 50 71 04 29;http://www.atelier-jacky.fr/;;;restaurant savoyard;5.0;;;"[""Diplômé de l'école hôtelière de Thonon les Bains"", 'fondue', 'spécialités savoyardes', 'terrasse', 'Menu du jour', 'Bar avec terrasse', 'facilité bébé', 'Cuisine élaboré', 'menu de fêtes', 'repas de groupe', 'repas de groupe sur réservation', 'parking', 'raclette', 'tartiflette', 'Repas de groupes sur réservation', 'Spécialité savoyarde fondue, berthoud, raclette...', 'Restaurants ', 'Cafés, bars ']";;;
71;La Piscine;146 rte de Lornard;74410;SAINT JORIOZ;04 50 68 63 29;www.chataigniers.com;;;Cuisine française;5.0;;;['Tennis', 'Hôtel', 'Organisation de sèminaires', 'Résidence de tourisme', 'Grill', 'Restaurant', 'Piscine', 'Squash', 'Accès aux personnes à mobilité réduite', 'Résidence hôtelière', 'Restaurants ', 'Hôtels ', 'Location de salles ', 'Hôtels avec piscine ', 'Organisation de séminaires, de congrès ', 'Résidences de tourisme, résidences hôtelières '];;;
72;Restaurant Warm'Up;560 rte Cret Gojon;74200;MARGENCEL;04 50 26 71 40;bowling-margencel.e-monsite.com;;;;;;;['billard français', 'académie de billard', 'Pub', 'salle de bowling', 'Terrasse', 'billard américain', 'compétition de bowling', 'billard anglais', 'Ouvert 7j/7', 'bowling pour enfant', 'Parking', 'matériel de bowling', 'Restaurants ', 'Bowlings ', 'Pubs, bars à bière '];['Lundi', '12h00 - 22h00', 'Mardi', '12h00 - 22h00', 'Mercredi', '12h00 - 22h00', 'Jeudi', '12h00 - 22h00', 'Vendredi', '12h00 - 22h00', 'Samedi', '12h00 - 22h00', 'Dimanche', '12h00 - 22h00'];46.34491;6.421298
73;McDonald's Scionzier;12 r Industrie;74950;SCIONZIER;04 50 89 73 41;www.restaurants.mcdonalds.fr;;;fast food;1.0;;;"['Fast Food', 'McDrive', 'Vente à emporter', ""L'offre McCafé"", 'Commande en ligne', 'Accès handicapés', 'Hamburger', 'Les Boissons', 'Les Salades', 'Les Menus', 'Climatisation', 'Les Sandwichs', 'Burger', 'Les Desserts', 'Facilités bébés', ""L'Happy anniversaire"", 'Wifi', ""L'offre Happy Meal"", 'burger', 'Restauration rapide ', 'Restaurants ']";['Lundi', '10h30 - 22h30', 'Mardi', '10h30 - 22h30', 'Mercredi', '10h30 - 22h30', 'Jeudi', '10h30 - 22h30', 'Vendredi', '10h30 - 22h30', 'Samedi', '10h30 - 23h00', 'Dimanche', '10h30 - 22h30'];46.06699;6.554719
74;PIZZA PEPONE;1 r Vieux Moulin;74960;MEYTHET;04 50 22 74 90;www.pizza-pepone.fr;;;Restaurant italien;5.0;;;"[""repas d'affaire"", 'salle privée', 'Wi-fi', 'repas de groupe', ""repas d'entreprises"", 'repas de fêtes', 'wifi', 'parking', 'Accès aux personnes à mobilité réduite', 'terrasse', 'climatisation', 'espace privatisable', 'Restaurants ', 'Pizzerias ']";['Lundi', 'Mardi', '11h45 - 14h00', '18h45 - 22h30', 'Mercredi', '11h45 - 14h00', '18h45 - 22h30', 'Jeudi', '11h45 - 14h00', '18h45 - 22h30', 'Vendredi', '11h45 - 14h00', '18h45 - 22h30', 'Samedi', '11h45 - 14h00', '18h45 - 22h30', 'Dimanche'];45.921245;6.088837
75;Restaurant Les Jardins De Léman;Grande Rue;74140;YVOIRE;04 50 72 80 32;http://www.restaurant-yvoire.fr;;;Restaurant français;5.0;;;['Animaux acceptés', 'Terrasse', 'Spécialité de poisson du lac Léman'];['Lundi', '12h00 - 14h30', '19h00 - 22h00', 'Mardi', '12h00 - 14h30', '19h00 - 22h00', 'Mercredi', 'Jeudi', '12h00 - 14h30', '19h00 - 22h00', 'Vendredi', '12h00 - 14h30', '19h00 - 22h00', 'Samedi', '12h00 - 14h30', '19h00 - 22h00', 'Dimanche', '12h00 - 14h30', '19h00 - 22h00'];46.370249;6.325826
76;Resto Bistrot D'uo;13 r Jean Moulin;74150;RUMILLY;04 50 64 87 44;http://www.restobistroduo.fr;['Menu Bistronomique Entrée,Plat,Dessert : ', 'Menu Découverte 1 Entrée, Plat, Dessert : ', 'Menu Découverte 2 Entrée, Plat, Fromage, Dessert : '];['29 €', '35 €', '37 €'];cuisine française;4.0;"['Tataki de filet de rumsteck et julienne de légumes croquants assaisonnée de sa marinade acidulée, verdurette', 'Brochette de gambas sauvages en tempura aux senteurs du Japon', ""Merlu à la plancha, risotto aux petits légumes et beurre d'agrumes au poivre Sichuan vert"", ""Quasi veau basse température, terrine de pommes de terre au piment d'Espelette, medley de légumes"", 'Fondant au chocolat cœur coulant à la fève tonka et sa glace caramel demi-sel', 'Entremet au citron de Sicile et Cointreau, sorbet orange sanguine']";['14 €', '14 €', '19 €', '18 €', '7 €', '7 €'];"['Wi-fi', 'terrasse', ""repas d'affaire"", 'Accès aux personnes à mobilité réduite', 'Différentes formules', 'dîner spectacle', 'wifi', 'plat à emporter', 'animaux acceptés', 'parking', 'restaurant repas de groupe', 'accès handicapés', 'climatisation']";['Lundi', '12h00 - 14h00', 'Mardi', '12h00 - 14h00', 'Mercredi', '12h00 - 14h00', '19h00 - 21h30', 'Jeudi', '12h00 - 14h00', '19h00 - 21h30', 'Vendredi', '12h00 - 14h00', '19h00 - 21h30', 'Samedi', '12h00 - 14h00', '19h00 - 21h30', 'Dimanche', '12h00 - 14h00'];;
77;Chinatown;8 pass Bains;74000;ANNECY;04 50 09 29 24;https://www.restaurant-chinois-annecy.fr;;;;;;;['repas de groupe', 'buffet à volonté', 'plat à emporter', 'parking', 'menu enfant'];['Lundi', 'Mardi', '12h00 - 14h00', '19h00 - 23h00', 'Mercredi', '12h00 - 14h00', '19h00 - 23h00', 'Jeudi', '12h00 - 14h00', '19h00 - 23h00', 'Vendredi', '12h00 - 14h00', '19h00 - 23h00', 'Samedi', '12h00 - 14h00', '19h00 - 23h00', 'Dimanche', '12h00 - 14h00', '19h00 - 23h00'];45.899393;6.123025
78;McDonald's Neydens;Centre De Loisirs Vitam Parc 500 rte Envignes;74160;NEYDENS;04 50 79 50 17;www.restaurants.mcdonalds.fr;;;fast food;1.0;;;"['Fast Food', 'McDrive', 'Vente à emporter', ""L'offre McCafé"", 'Commande en ligne', 'Accès handicapés', 'Hamburger', 'Les Boissons', 'Les Salades', 'Les Menus', 'Climatisation', 'Les Sandwichs', 'Burger', 'Les Desserts', 'Facilités bébés', ""L'Happy anniversaire"", 'Wifi', ""L'offre Happy Meal"", 'burger', 'Restauration rapide ', 'Restaurants ']";['Lundi', '08h30 - 00h00\n ', 'Mardi', '08h30 - 00h00', 'Mercredi', '08h30 - 00h00', 'Jeudi', '08h30 - 00h00', 'Vendredi', '08h30 - 00h00', 'Samedi', '08h30 - 00h00', 'Dimanche', '08h30 - 00h00'];46.122194;6.095201
79;Oxo;25 r Centrale;74940;ANNECY LE VIEUX;04 50 68 54 82;fr-fr.facebook.com;;;;;;;['terrasse', 'facilité bébé', 'wifi', 'brasserie'];['Lundi', '11h00 - 00h00', 'Mardi', '11h00 - 03h00', 'Mercredi', '11h00 - 03h00', 'Jeudi', '11h00 - 03h00', 'Vendredi', '11h00 - 03h00', 'Samedi', '11h00 - 03h00', 'Dimanche', '00h00 - 03h00'];;
80;La Piscine;146 rte de Lornard;74410;SAINT JORIOZ;04 50 68 63 29;www.chataigniers.com;;;Cuisine française;5.0;;;['Tennis', 'Résidence de tourisme', 'Résidence hôtelière', 'Grill', 'Piscine', 'Hôtel', 'Accès aux personnes à mobilité réduite', 'Organisation de sèminaires', 'Restaurant', 'Squash', 'Restaurants ', 'Hôtels ', 'Location de salles ', 'Hôtels avec piscine ', 'Organisation de séminaires, de congrès ', 'Résidences de tourisme, résidences hôtelières '];;;
81;Le Poisson Rouge;20 prom Seines;74320;SEVRIER;04 50 52 40 48;www.opoissonrouge.com;;;Restaurant français;1.0;;;['restaurant avec terrasse', 'Parking', 'Cuisine traditionnelle', 'Langue parlée : anglais', 'Organisation de mariages, de communions, de séminaires et autres', 'Grande terrasse', 'Poissons et fruits de mer', 'Menus pour enfants', 'Espace privatisable', 'Facilités bébés', 'Repas de groupes', 'terrasse'];['Lundi', '10h00 - 14h00', '18h00 - 01h00', 'Mardi', '10h00 - 14h00', '18h00 - 01h00', 'Mercredi', '10h00 - 14h00', '18h00 - 01h00', 'Jeudi', '10h00 - 14h00', '18h00 - 01h00', 'Vendredi', '10h00 - 14h00', '18h00 - 01h00', 'Samedi', '10h00 - 14h00', '18h00 - 01h00', 'Dimanche', '10h00 - 14h00\n ', '18h00 - 01h00'];45.867389;6.143355
82;Chinatown;8 pass Bains;74000;ANNECY;04 50 09 29 24;https://www.restaurant-chinois-annecy.fr;;;;;;;['repas de groupe', 'buffet à volonté', 'plat à emporter', 'parking', 'menu enfant'];['Lundi', 'Mardi', '12h00 - 14h00', '19h00 - 23h00', 'Mercredi', '12h00 - 14h00', '19h00 - 23h00', 'Jeudi', '12h00 - 14h00', '19h00 - 23h00', 'Vendredi', '12h00 - 14h00', '19h00 - 23h00', 'Samedi', '12h00 - 14h00', '19h00 - 23h00', 'Dimanche', '12h00 - 14h00', '19h00 - 23h00'];45.899393;6.123025
83;Le Marrakech;6 av Mandallaz;74000;ANNECY;04 50 45 45 21;http://www.restaurantmarrakech.com;;;restaurant marocain;5.0;;;['couscous à emporter', 'facilité bébé', 'restaurant halal', 'accès handicapés', 'Restaurants ', 'Traiteurs '];['Lundi', '12h00 - 14h30', '19h00 - 23h00', 'Mardi', '12h00 - 14h30', '19h00 - 23h00', 'Mercredi', '12h00 - 14h30', '19h00 - 23h00', 'Jeudi', '12h00 - 14h30', '19h00 - 23h00', 'Vendredi', '12h00 - 14h30', '19h00 - 23h00', 'Samedi', '12h00 - 14h30', '19h00 - 23h00', 'Dimanche', '12h00 - 14h30', '19h00 - 23h00'];;
84;Hôtel Restaurant Croix Saint Maurice;29 pl Grenette;74450;LE GRAND BORNAND;04 50 02 20 05;www.hotel-lacroixstmaurice.com;;;Restaurant français;5.0;;;['parking', 'Pizzerias ', 'Hôtels ', 'Restaurants ', 'Spas '];['Lundi', '07h30 - 00h00', 'Mardi', '07h30 - 00h00', 'Mercredi', '07h30 - 00h00', 'Jeudi', '07h30 - 00h00\n ', 'Vendredi', '07h30 - 00h00', 'Samedi', '07h30 - 00h00', 'Dimanche', '07h30 - 00h00'];;
85;Café Brunet;18 pl Gabriel Fauré;74940;ANNECY LE VIEUX;04 50 27 65 65;www.cafebrunet.com;;;Cuisine française;5.0;;;['Repas de groupes', 'Facilités bébés', 'Terrasse', 'Animaux acceptés'];['Lundi', 'Mardi', '12h00 - 14h00', '19h00 - 22h00', 'Mercredi', '12h00 - 14h00', '19h00 - 22h00', 'Jeudi', '12h00 - 14h00', '19h00 - 22h00', 'Vendredi', '12h00 - 14h00', '19h00 - 22h00', 'Samedi', '12h00 - 14h00', '19h00 - 22h00', 'Dimanche'];45.919421;6.142057
86;L'Aparté;39 r Gare;74130;BONNEVILLE;04 50 25 76 36;http://www.laparte.fr;['entrée + plat ou plat + dessert, servi le midi du mercredi au vendredi (sauf jours fériés) : ', 'Menu découverte : ', 'Menu du jour : entrée + plat + fromage ou dessert, servi le midi du mercredi au vendredi (sauf jours fériés) : ', 'Menu gourmand : '];['12,90 €', '26,00 €', '14,90 €', '35,00 €'];français;5.0;"['Crème brûlée vanille à la cassonade', 'Panna cotta vanille et son crumble', ""Escalope de foie gras sur toasts de pain d'épices et fruits de saison"", 'Tartine de saumon fumé, tomate et oignon sur lit de roquette', 'Burger au fromage fondant - steak façon bouchère 180g, salade verte, oignon rouge, lard, tomate et fromage au choix', ""Filets de Rouget à l'échalote""]";['6,20 €', '6,20 €', '15,20 €', '10,90 €', '16,50 €', '16,90 €'];"['pizzeria', 'plat du jour', 'Chaises enfant disponibles', ""Repas de groupe, d'anniversaire"", 'Salle climatisée', 'terrasse', 'restaurant avec terrasse', 'Restaurant pizzaria', 'facilité bébé', 'Banquets', 'repas de groupe', 'menu de fêtes', 'plat à emporter', ""repas d'anniversaire"", 'parking', 'Terrasse ombragée', 'saladerie', 'restaurant repas de groupe', 'accès handicapés', 'Elaboration de menus pour occasions spéciales', 'Restaurant', 'Pizzas à emporter', 'Restaurants ', 'Pizzas à emporter ', 'Pizzerias ', 'Restaurants italiens ']";['Lundi', 'Mardi', '11h45 - 13h30', '18h45 - 21h00', 'Mercredi', '11h45 - 13h30', 'Jeudi', '11h45 - 13h30', '18h45 - 21h00', 'Vendredi', '11h45 - 13h30', '18h45 - 21h30', 'Samedi', '11h45 - 13h30', '18h45 - 21h30', 'Dimanche', '18h45 - 21h00'];;
87;Restaurant La Renaissance (SAS);54 av Charles de Gaulle;74800;LA ROCHE SUR FORON;04 50 03 13 13;www.la-renaissance-sa.com;['FORMULE MENU Entrée + Plat + Café : ', 'FORMULE MENU Plat + Dessert + Café : ', 'FORMULE MENU Entrée + Plat + Dessert : ', 'MENU GOURMAND : '];['15.80 €', '15.80 €', '16.80 €', '36.00 €'];brasserie;4.0;['Dos de Cabillaud en brick de poivre noir et persil', 'Médaillon de Lotte braisé aux petits légumes', 'Crème Catalane et sa Poire rotie aux épices Sorbet Pêche', 'Tartare de Boeuf Charolais Pommes Frites Salade au Balsamique', 'Foie de Veau Poélé au Vinaigre Balsamique'];['25.00 €', '27.00 €', '9.50 €', '19.50 €', '25.00 €'];['Organisation de réceptions', 'Accès aux personnes à mobilité réduite', 'Restaurant', 'Terrasse', 'Traiteur', 'Restaurants ', 'Traiteurs ', 'Traiteurs, organisation de réception '];;;
88;La Cabane Du Pêcheur;876 rte Lac;74250;LA TOUR;04 50 36 91 23;www.lacabanedupecheur.net;['Menu à la carte : '];['45 €'];cuisine française;1.0;;;['animation musicale', 'Repas de famille', 'terrasse', 'repas de groupe', 'animaux acceptés', 'anglais parlé', 'bar à huître', 'parking', 'restaurant repas de groupe', 'accès handicapés', 'climatisation', 'Réservation uniquement par téléphone', 'Restaurant', 'enfant'];['Lundi', 'Mardi', '09h00 - 15h45', 'Mercredi', '09h00 - 14h30', '18h00 - 22h45', 'Jeudi', '09h00 - 14h30', '18h00 - 22h45', 'Vendredi', '09h00 - 14h30\n ', '18h00 - 22h45', 'Samedi', '09h00 - 14h30', '18h00 - 22h45', 'Dimanche', '09h00 - 15h45'];;
89;McDonald's Megève;603 rte Nationale;74120;MEGÈVE;04 50 21 15 15;www.restaurants.mcdonalds.fr;;;fast food;5.0;;;"[""L'Happy anniversaire"", 'Accès handicapés', 'Climatisation', 'Wifi', ""L'offre Happy Meal"", 'McDrive', 'Les Sandwichs', 'Les Desserts', 'Les Menus', 'Vente à emporter', 'Les Salades', ""L'offre McCafé"", 'Fast Food', 'Hamburger', 'Facilités bébés', 'Burger', 'Les Boissons', 'Commande en ligne', 'burger', 'Restauration rapide ', 'Restaurants ']";['Lundi', '09h00 - 23h00', 'Mardi', '09h00 - 23h00', 'Mercredi', '09h00 - 23h00', 'Jeudi', '09h00 - 23h00', 'Vendredi', '09h00 - 23h00', 'Samedi', '09h00 - 23h00', 'Dimanche', '09h00 - 23h00'];45.863988;6.625301
90;Au Chardon d'Ecosse;10 r Vaugelas Pré Carré;74000;ANNECY;04 50 51 24 31;www.auchardon.com;;;;;"['Croustillant de chèvre, marmelade de pêche', 'Saumon gravelax, vinaigrette à la menthe fraîche', 'Risotto crémeux de noix de St Jacques au beurre blanc', ""Filet de loup cuit à l'unilatérale, sauce Hollandaise, pommes vapeur"", 'Sole entière meunière, pommes vapeur. (600 gr environ)']";['15 €', '16 €', '22 €', '24 €', '45 €'];['Cocktail', 'restaurant dansant', 'Repas de groupe', 'concert', 'Terrasse', 'Soirée musicale', 'bar à vin', 'bar de nuit', 'Restaurants ', 'Restaurants dansants ', 'Cafés, bars '];['Lundi', '12h00 - 14h00', '18h00 - 03h00', 'Mardi', '12h00 - 14h00', '18h00 - 03h00', 'Mercredi', '12h00 - 14h00', '18h00 - 03h00', 'Jeudi', '12h00 - 14h00', '18h00 - 03h00', 'Vendredi', '12h00 - 14h00', '18h00 - 03h00', 'Samedi', '12h00 - 14h00', '18h00 - 03h00', 'Dimanche'];;
91;L'ASTI;17 av Cran;74000;ANNECY;04 50 67 08 57;www.restaurant-pizzeria-annecy.fr;;;Restaurant français;5.0;;;"[""repas de groupes, d'anniversaire"", 'Parking', 'Wi-fi', 'Climatisation', 'plat à emporter', 'Accès aux personnes à mobilité réduite', 'Terrasse couverte', 'Restaurants ', 'Pizzerias ']";['Lundi', '07h30 - 15h00', '18h00 - 22h00', 'Mardi', '07h30 - 15h00', '18h00 - 22h00', 'Mercredi', '07h30 - 15h00', '18h00 - 22h00', 'Jeudi', '07h30 - 15h00', '18h30 - 23h00', 'Vendredi', '07h30 - 15h00', '18h30 - 23h00', 'Samedi', '10h00 - 15h00', '18h30 - 23h00', 'Dimanche'];45.905561;6.118968
92;Les 3 Caesars;2 r Euro;74960;MEYTHET;04 50 22 35 20;www.facebook.com;;;Cuisine française;5.0;;;['Restaurant', 'Parking', 'Repas de groupes'];['Lundi', 'Mardi', '12h00 - 15h00', '19h00 - 22h30', 'Mercredi', '12h00 - 15h00', '19h00 - 22h30', 'Jeudi', '12h00 - 15h00', '19h00 - 22h30', 'Vendredi', '12h00 - 15h00', '19h00 - 22h30', 'Samedi', '12h00 - 15h00', '19h00 - 22h30', 'Dimanche'];45.921547;6.090663
93;E-Motion Restaurant;72 av d'aix les bains;74600;SEYNOD;04 50 63 79 90;;;;Restaurant français;2.0;;;['Simulateur de pilotage', 'Séminaire', 'Pétanque sur gazon', 'Restaurant', 'Espace évènementiel', 'Bar-Lounge', 'Restaurants ', 'Restaurants pour réceptions, pour séminaires ', 'Clubs, circuits, terrains de sports mécaniques '];['Lundi', '12h00 - 22h00', 'Mardi', '12h00 - 22h00', 'Mercredi', '12h00 - 22h00', 'Jeudi', '12h00 - 22h30', 'Vendredi', '12h00 - 22h30', 'Samedi', '12h00 - 22h30', 'Dimanche', '12h00 - 22h00'];45.889326;6.107924
94;McDonald's Sallanches;Centre Cial Carrefour 1805 rte Genève;74700;SALLANCHES;04 50 47 87 27;www.restaurants.mcdonalds.fr;;;fast food;1.0;;;"['Les Desserts', 'Les Sandwichs', 'Commande en ligne', 'Les Boissons', 'McDrive', 'Accès handicapés', 'Les Menus', 'Les Salades', 'Hamburger', ""L'offre McCafé"", 'Vente à emporter', ""L'offre Happy Meal"", ""L'Happy anniversaire"", 'Fast Food', 'Climatisation', 'Burger', 'Facilités bébés', 'Wifi', 'burger', 'Restauration rapide ', 'Restaurants ']";['Lundi', '10h30 - 23h30', 'Mardi', '10h30 - 23h30', 'Mercredi', '10h30 - 23h30', 'Jeudi', '10h30 - 23h30', 'Vendredi', '10h30 - 23h30', 'Samedi', '10h30 - 23h30', 'Dimanche', '10h30 - 23h30'];45.951683;6.629857
95;Restaurant le Jardin Impérial;11 r Genève;74100;ANNEMASSE;04 50 38 71 70;https://www.lejardinimperial.com;;;Restaurant chinois;5.0;;;"['Menus', 'Plat du jour', 'Animaux acceptés', 'Plats à emporter', 'Salle climatisée', 'Accès aux personnes à mobilité réduite', ""Ouvert tous les jours, toute l'année"", 'Restaurant', 'Parking à proximité', 'Repas de groupe']";['Lundi', '12h00 - 14h00', '19h00 - 22h30', 'Mardi', '12h00 - 14h00', '19h00 - 22h30', 'Mercredi', '12h00 - 14h00', '19h00 - 22h30', 'Jeudi', '12h00 - 14h00', '19h00 - 22h30', 'Vendredi', '12h00 - 14h00', '19h00 - 22h30', 'Samedi', '12h00 - 14h00', '19h00 - 22h30', 'Dimanche', '12h00 - 14h00', '19h00 - 22h30'];46.192746;6.231846
96;Auberge du Lac;2 rte Port;74290;VEYRIER DU LAC;04 50 60 10 15;www.restaurant-aubergedulac.com;['Menu enfant : ', 'Menu : '];['10 €', '10 €'];Restaurant français;1.0;;;['Repas de groupes', 'Langue parlée : anglais', 'Menu enfants', 'Animaux acceptés', 'Accès aux personnes à mobilité réduite', 'Location de chambres', 'Facilités bébés', 'Terrasse couverte', 'Wi-fi'];['Lundi', 'Mardi', 'Mercredi', '12h00 - 14h30', '19h00 - 21h30\n ', 'Jeudi', '12h00 - 14h30', '19h00 - 21h30', 'Vendredi', '12h00 - 14h30', '19h00 - 21h30', 'Samedi', '12h00 - 14h30', '19h00 - 21h30', 'Dimanche', '12h00 - 14h30', '19h00 - 21h30'];45.881835;6.174564
97;L'Ancoly;445 chem Gettiers;74450;LE GRAND BORNAND;06 84 05 79 80;http://www.ancoly.com/;;;restaurant traditionnel;5.0;;;"['terrasse', 'restaurant repas de groupe', 'accès handicapés', ""restaurant d'altitude"", 'brasserie']";['Lundi', '09h00 - 17h00', 'Mardi', '09h00 - 17h00', 'Mercredi', '09h00 - 17h00', 'Jeudi', '09h00 - 17h00', 'Vendredi', '09h00 - 17h00', 'Samedi', '09h00 - 17h00', 'Dimanche', '09h00 - 17h00'];;
98;McDonald's Annecy;Centre Cial Carrefour 134 av Genève;74000;ANNECY;09 67 17 38 50;www.restaurants.mcdonalds.fr;;;fast food;1.0;;;"['Fast Food', 'McDrive', 'Vente à emporter', ""L'offre McCafé"", 'Commande en ligne', 'Accès handicapés', 'Hamburger', 'Les Boissons', 'Les Salades', 'Les Menus', 'Climatisation', 'Les Sandwichs', 'Burger', 'Les Desserts', 'Facilités bébés', ""L'Happy anniversaire"", 'Wifi', ""L'offre Happy Meal"", 'burger', 'Restauration rapide ', 'Restaurants ']";['Lundi', '08h30 - 00h00', 'Mardi', '08h30 - 00h00', 'Mercredi', '08h30 - 00h00', 'Jeudi', '08h30 - 00h00', 'Vendredi', '08h30 - 00h00', 'Samedi', '08h30 - 00h00', 'Dimanche', '08h30 - 00h00'];45.924893;6.123964
99;Le Sarto;2 quai Perrière;74000;ANNECY;04 50 51 02 65;www.le-sarto.com;;;Restaurant savoyard;1.0;;;['menu du Sarto', 'repas de groupes', 'accès pour les personnes à mobilité réduite', 'animaux acceptés', 'carte des vins', 'menu enfant'];['Lundi', '12h00 - 14h00', '19h00 - 22h30', 'Mardi', '12h00 - 14h00', '19h00 - 22h30', 'Mercredi', '12h00 - 14h00', '19h00 - 22h30', 'Jeudi', '12h00 - 14h00', '19h00 - 22h30', 'Vendredi', '12h00 - 14h00', '19h00 - 23h00', 'Samedi', '12h00 - 14h30', '19h00 - 23h00', 'Dimanche', '12h00 - 14h00', '19h00 - 22h30'];;
100;Restaurant Vincent Favre Félix;15 chem Abbaye;74940;ANNECY LE VIEUX;04 50 01 08 88;www.restaurant-vff.com;;;;;['Foie gras, Chocolat, Cèpes', 'Pomme de terre de région, Jus de volaille, Truffe', 'Céleri rave, Vin jaune, Noisette du Piémont', 'Lotte, Acha des montagnes, Escargots de Poisy', 'Carotte, Orange, Safran', 'Chocolat, Banane/avocat, Passion'];['21 €', '25 €', '25 €', '30 €', '17 €', '16 €'];['traiteur', 'événement privé', 'réception de mariage', 'animaux acceptés', 'accès aux personnes à mobilité réduite', 'terrasse', 'parking', 'table créative'];['Lundi', 'Mardi', '12h00 - 13h45', '19h30 - 21h00', 'Mercredi', '12h00 - 13h45', '19h30 - 21h00', 'Jeudi', '12h00 - 13h45', '19h30 - 21h00', 'Vendredi', '12h00 - 13h45', '19h30 - 21h00', 'Samedi', '12h00 - 13h45', '19h30 - 21h00', 'Dimanche'];;
101;McDonald's Bonneville;av Charles de Gaulle;74130;BONNEVILLE;04 50 97 88 74;www.restaurants.mcdonalds.fr;;;fast food;1.0;;;"[""L'Happy anniversaire"", 'Accès handicapés', 'Climatisation', 'Wifi', ""L'offre Happy Meal"", 'McDrive', 'Les Sandwichs', 'Les Desserts', 'Les Menus', 'Vente à emporter', 'Les Salades', ""L'offre McCafé"", 'Fast Food', 'Hamburger', 'Facilités bébés', 'Burger', 'Les Boissons', 'Commande en ligne', 'burger', 'Restauration rapide ', 'Restaurants ']";['Lundi', '09h00 - 00h00', 'Mardi', '09h00 - 00h00', 'Mercredi', '09h00 - 00h00', 'Jeudi', '09h00 - 00h00', 'Vendredi', '09h00 - 01h00', 'Samedi', '09h00 - 01h00', 'Dimanche', '09h00 - 00h00'];46.07324;6.408542
102;Quick Anthy Last Burger Franchisé indépendant;rte Impériale;74200;ANTHY SUR LÉMAN;04 50 70 03 34;http://www.quick.fr/fr;;;;;;;['burger', 'Restauration rapide ', 'Restaurants '];['Lundi', '11h00 - 23h00', 'Mardi', '11h00 - 23h00', 'Mercredi', '11h00 - 23h00', 'Jeudi', '11h00 - 23h00', 'Vendredi', '11h00 - 23h00', 'Samedi', '11h00 - 23h00', 'Dimanche', '11h00 - 23h00'];;
103;The Snow Company;Hôtel Les Cimes 341 r Charles Feige;74120;MEGÈVE;04 50 21 04 14;http://www.hotellescimes.info;;;;;;;['facilités bébé', 'wifi', 'restaurant', 'Hôtels ', 'Restaurants '];;;
104;PIZZERIA DES LACS;650 av Louis Coppel;74300;THYEZ;04 50 89 87 65;;;;restauration rapide;5.0;;;['pizzeria', 'plat à emporter', 'terrasse', 'restaurant casher', 'service continu', 'restaurant halal', 'accès handicapés'];['Lundi', '11h00 - 14h00', '17h00 - 23h00', 'Mardi', '11h00 - 14h00', '17h00 - 23h00', 'Mercredi', '11h00 - 14h00', '17h00 - 23h00', 'Jeudi', '11h00 - 14h00', '17h00 - 23h00', 'Vendredi', '11h00 - 14h00', '17h00 - 23h00', 'Samedi', '11h00 - 14h00', '17h00 - 23h00', 'Dimanche', '17h00 - 23h00'];;
105;Restaurant Le Romagny;63 r Romagny;74100;ANNEMASSE;04 50 37 39 29;;;;;;;;['10-15 euros ', 'Cuisine française '];['Lundi', '07h00 - 21h00', 'Mardi', '07h00 - 21h00', 'Mercredi', '07h00 - 21h00', 'Jeudi', '07h00 - 21h00', 'Vendredi', '07h00 - 21h00', 'Samedi', '07h00 - 21h00', 'Dimanche'];;
106;L'alibi;214 rte Bauges;74540;HÉRY SUR ALBY;04 50 44 54 28;;;;;;;;['Cafés, bars ', 'Restaurants '];['Lundi', '07h30 - 15h00', 'Mardi', '07h30 - 15h00', '17h00 - 23h00', 'Mercredi', '07h30 - 15h00', '17h00 - 23h00', 'Jeudi', '07h30 - 15h00', '17h00 - 23h00', 'Vendredi', '07h30 - 15h00', '17h00 - 00h00', 'Samedi', '00h00 - 01h00', '07h30 - 13h00', '17h00 - 00h00', 'Dimanche', '00h00 - 01h00', '07h30 - 13h00'];;
107;Bc Annecy;8 fbg Ste Claire;74000;ANNECY;04 38 80 28 34;;;;;;;;;;;
108;LE CAVEAU;13 r Doct Paccard;74400;CHAMONIX MONT BLANC;04 50 55 86 18;;;;cuisine du monde;5.0;;;['pizzeria', 'restaurant végétarien', 'plat à emporter', 'animaux acceptés', 'facilité bébé', 'restaurant repas de groupe', 'climatisation'];['Lundi', '18h30 - 00h00', 'Mardi', '18h30 - 01h00\n ', 'Mercredi', '18h30 - 01h00', 'Jeudi', '18h30 - 01h00', 'Vendredi', '18h30 - 01h00', 'Samedi', '18h30 - 01h00', 'Dimanche', '18h30 - 01h00'];;
109;Au Bureau;Casino d'Evian qu Baron de Blonay;74500;EVIAN LES BAINS;04 50 26 87 77;www.casino-evian.com;;;Restaurant français;2.0;;;['accueil bébé', 'piscine', 'sauna', 'animaux acceptés', 'hammam', 'spa', 'parking', 'salle de sport', 'jardin', 'jeux pour enfants', 'climatisation', 'restaurant', 'télévision', 'accès pour les personnes à mobilité réduite', 'wi-fi'];;;
110;Dubos Thierry;298 r Faucigny;74490;SAINT JEOIRE;04 50 35 29 40;;;;;;;;['pizzeria', 'plat à emporter'];['Lundi', '18h00 - 22h00', 'Mardi', '18h00 - 22h00', 'Mercredi', '18h00 - 22h00', 'Jeudi', '18h00 - 22h00', 'Vendredi', '18h00 - 22h00', 'Samedi', '18h00 - 22h00', 'Dimanche'];;
111;LE FIN GOURMET;94 rte Annemasse;74130;CONTAMINE SUR ARVE;04 50 97 42 90;www.facebook.com/Lefingourmetcontaminesurarve;;;;;;;['parking', 'restaurant', 'Hôtels ', 'Restaurants ', 'Restaurants gastronomiques '];['Lundi', 'Mardi', '12h00 - 14h00', '19h00 - 21h00', 'Mercredi', '12h00 - 14h00', '19h00 - 21h00', 'Jeudi', '12h00 - 14h00', '19h00 - 21h00', 'Vendredi', '12h00 - 14h00', '19h00 - 21h00', 'Samedi', '12h00 - 14h00', '19h00 - 21h00', 'Dimanche', '12h00 - 14h00'];;
112;Brasserie de l'Abbaye de Talloires;chem Moines;74290;TALLOIRES MONTMIN;04 50 60 77 33;http://abbaye-talloires.com;;;;;"[""L'oeuf bio cocotte, façon meurette"", 'Le pâté en croûte Abbaye de Talloires', ""La féra du lac d'Annecy"", 'La joue de boeuf confite à la bière de Savoie']";['19\xa0 €', '21\xa0 €', '29\xa0 €', '28\xa0 €'];['31-45 euros '];['Lundi', '12h00 - 15h00', 'Mardi', '12h00 - 15h00', 'Mercredi', '12h00 - 15h00', 'Jeudi', '12h00 - 15h00', 'Vendredi', '12h00 - 15h00', 'Samedi', 'Dimanche'];;
113;L'Endryre;4770 rte Confins;74220;LA CLUSAZ;09 83 51 29 32;www.lendryre.com;;;Restaurant savoyard;5.0;;;"['organisation de réception', 'terrasse', ""repas d'affaire"", 'restaurant repas de groupe', 'accès handicapés']";['Lundi', '08h30 - 18h00', 'Mardi', '08h30 - 18h00', 'Mercredi', '08h30 - 18h00', 'Jeudi', '08h30 - 18h00', 'Vendredi', '08h30 - 18h00', 'Samedi', '08h30 - 18h00', 'Dimanche', '08h30 - 18h00'];;
114;Kebab Plaisir;325 Grand Rue;74350;CRUSEILLES;04 50 45 20 41;;;;;;;;['plat à emporter', 'animaux acceptés', 'terrasse', 'facilité bébé', 'restaurant halal', 'wifi'];['Lundi', '14h00 - 15h00', 'Mardi', '14h00 - 15h00', 'Mercredi', '14h00 - 15h00', 'Jeudi', '14h00 - 15h00', 'Vendredi', '14h00 - 15h00', 'Samedi', '18h00 - 22h00', 'Dimanche'];;
115;MODINO;lieu-dit Chef Lieu;74600;MONTAGNY LES LANCHES;04 50 08 47 53;www.relaisdeslanches.fr;['Menu à la carte : '];['21 €'];cuisine française;5.0;;;"['Soirée à thème (une fois par mois)', 'terrasse', 'Menu weekend à partir de 30 euros', ""repas d'affaire"", 'Préparation de plats à emporter', 'wifi', 'repas de groupe', 'plat à emporter', ""repas d'entreprises"", 'fait maison', 'Parking pour les autocars', 'restaurant repas de groupe', 'climatisation', 'Menus du marché']";['Lundi', '10h00 - 16h00', 'Mardi', '08h30 - 16h00', '18h30 - 20h30\n ', 'Mercredi', '08h30 - 16h00', '18h30 - 20h30', 'Jeudi', '08h30 - 16h00', '18h30 - 20h30', 'Vendredi', '09h00 - 17h00', '18h30 - 23h45', 'Samedi', '08h30 - 16h00', '18h30 - 23h45', 'Dimanche', '09h00 - 17h00'];;
116;Hôtel Restaurant Le Pré De La Cure;1 pl Mairie;74140;YVOIRE;04 50 72 83 58;www.pre-delacure.com;;;;;;;['Hammam', 'TV/Satellite', 'Parking', 'Wi-fi', 'Animaux acceptés', 'Restaurant', '25 chambres', 'Ascenseur', 'Piscine couverte', 'Facilités bébés', 'Sauna', 'Hôtels ', 'Restaurants '];;;
117;Restaurant Le Rouet;Salvagny;74740;SIXT FER À CHEVAL;04 50 34 40 89;www.facebook.com/leRouet.Salvagny;;;;;['Assiette de charcuterie des Alpes et fromages de la vallée', 'Salade des Alpages', 'Burger du Rouet', 'Plat du jour', 'Café gourmand', 'Coupes de glaces'];['15 €', '14 €', '13 €', '12.5 €', '6.5 €', '6.5 €'];['21-30 euros ', 'Cuisine française '];['Lundi', '10h00 - 18h00', 'Mardi', '10h00 - 18h00', 'Mercredi', '10h00 - 18h00', 'Jeudi', '10h00 - 18h00', 'Vendredi', '10h00 - 22h00', 'Samedi', '18h00 - 22h00', 'Dimanche', '10h00 - 22h00'];;
118;Côté Lac SAS;2560 rte Lac;74140;CHENS SUR LÉMAN;04 50 94 04 16;http://cote-lac-restaurant.business.site;;;;;;;;['Lundi', '12h00 - 14h30', '19h00 - 22h30', 'Mardi', '12h00 - 14h30', '19h00 - 22h30', 'Mercredi', '12h00 - 14h30', '19h00 - 22h30', 'Jeudi', '12h00 - 14h30', '19h00 - 22h30', 'Vendredi', '12h00 - 14h30', '19h00 - 22h30', 'Samedi', '12h00 - 14h30', '19h00 - 22h30', 'Dimanche', '12h00 - 14h30', '19h00 - 22h30'];;
119;Villa Borghese;17 quai Charles Albert Besson;74500;EVIAN LES BAINS;04 50 38 68 38;http://www.villaborghese-restaurant.com;;;;;;;['plat à emporter', 'terrasse', 'parking', 'facilité bébé'];['Lundi', '11h30 - 14h30', '18h30 - 22h30', 'Mardi', '11h30 - 14h30', '18h30 - 22h30', 'Mercredi', '11h30 - 14h30', '18h30 - 22h30', 'Jeudi', ' 11h30 - 14h30', '18h30 - 22h30', 'Vendredi', '11h30 - 14h30', '18h30 - 23h00', 'Samedi', '11h30 - 14h30', '18h30 - 23h00', 'Dimanche', '11h30 - 14h30', '18h30 - 22h30'];;
120;Le Sommet du M;15 rte Rochebrune;74120;MEGÈVE;04 50 21 41 09;;;;;;;;;;;
121;L' Adret de la Flégère;Flégère;74400;CHAMONIX MONT BLANC;04 50 55 34 88;www.restaurants-altitude.com;;;;;;;"['organisation de séminaire', 'service en salle', 'plat à emporter', ""restaurant d'altitude"", 'terrasse', 'réservation conseillée', 'Restaurants ', 'Infrastructures de sports et loisirs ', 'Hôtels ']";;45.960358;6.886536
122;Panda Wang;31 r Château Rouge;74100;ANNEMASSE;04 50 79 73 54;china-town-annemasse.fr;;;;;;;['Sièges sociaux ', 'Restaurants '];;;
123;Couleurs Gourmet;1 r Mme Fleutet;74100;ANNEMASSE;07 83 01 85 71;;;;;;;;;;;
124;Sobanahandi;29 r Doct Coquand;74100;ANNEMASSE;06 76 12 62 19;;;;;;;;;;;
125;Refuge de l'Envers des Aiguilles;Altitude 2207 Metres Le Plan de l'Aiguille;74400;CHAMONIX MONT BLANC;06 70 74 19 43;http://refuge-plan-aiguille.com;;;;;;;"['draps fournis', 'refuge de montagne', ""table d'hôte"", 'gîte nature', 'Gîtes ', ""Clubs de sports d'hiver, de montagne "", 'Restaurants ']";;;
126;Bella Pizza;62 pl la Fontaine;74350;CRUSEILLES;04 50 52 59 26;http://www.bellapizza74.fr;;;;;;;['parking'];['Lundi', '17h45 - 21h30', 'Mardi', 'Mercredi', '17h45 - 21h30', 'Jeudi', '17h45 - 21h30', 'Vendredi', '17h45 - 21h30', 'Samedi', '17h45 - 21h30', 'Dimanche', '17h45 - 21h30'];;
127;Ketom;Croisée des Chemins;74270;CHÊNE EN SEMINE;04 50 45 01 31;;;;;;;;;;;
128;Auberge Du Petit Savoyard;Pont De Fillinges 20 rte Chef Lieu;74250;FILLINGES;04 50 36 45 60;www.petit-savoyard.com;;;grill;1.0;;;['grill', 'parking', 'restaurant repas de groupe'];['Lundi', 'Mardi', 'Mercredi', '20h00 - 04h00', 'Jeudi', '20h00 - 04h00', 'Vendredi', '20h00 - 04h00', 'Samedi', '20h00 - 04h00', 'Dimanche', '20h00 - 04h00'];;
129;Pizza Hut;12 av Cran;74000;ANNECY;04 50 62 50 62;http://www.pizzahut.fr/store/pizza-hut-annecy;['Etudiants (15-25 ans) Sur présentation de votre carte étudiant ou Imagine R en cours de validité Pizzas à volonté + boisson 25cl du lundi au vendredi de 12 à 14h30 (hors week-end et jours fériés) : ', 'Menu Kids (pizza à compser ou pâtes ou 2 croustys poulet ou buffet midi pizzas + dessert + boisson) : ', 'Menu Junior (pizza à composer ou pâtes ou 2 croustys poulet ou 3 chicken wings ou buffet midi pizzas + dessert + boisson) : ', 'Duo Gourmand (1 pizza à partager + 1 entrée à partager + 2 boissons ou 1 pizza à partager + 2 desserts à partager + 2 boissons) : '];['11,30 €', '6,90 €', '9,30 €', '16,20 €'];;;"[""Chèvre chaud (formage de chèvre sur pains à l'ail gratinés à la mozzarella, tomates fraîches, basilic et salade verte)"", 'Wings Original (3 pièces entières servies avec nachos et sauce BBQ)', 'Samouraï (poulet rôti, merguez, oignons frais, sauce tomate, mozzarella, sauce Samouraï)', 'Suprême (boulettes au bœuf, saucisses, pepperoni, champignons frais, oignons frais, poivrons verts, sauce tomate, mozzarella)', 'Brownie Américain (au chocolat noir et noix, servi tiède avec 1 boule de crème glacée vanille, crème façon Chantilly et nappage crème anglaise)', 'Cookie Géant (servi tiède avec 4 boules de glaces et crème Chantilly)']";['6,20 €', '5,90 €', '11,20 €', '11,20 €', '5,00 €', '9,80 €'];['Pizzerias ', 'Restaurants italiens ', 'Restaurants '];['Lundi', '11h00 - 14h00', '18h00 - 23h00', 'Mardi', '11h00 - 14h00', '18h00 - 23h00', 'Mercredi', '11h00 - 14h00', '18h00 - 23h00', 'Jeudi', '11h00 - 14h00', '18h00 - 23h00', 'Vendredi', '11h00 - 14h00', '18h00 - 23h00', 'Samedi', '11h00 - 14h00', '18h00 - 23h00', 'Dimanche', '11h00 - 14h00', '18h00 - 23h00'];;
130;FRYZE;7 av Rhône;74000;ANNECY;04 80 97 08 57;;;;;;;;;;;
131;Pizzeria Casanova;50 rte Vallée du Bouchet;74450;LE GRAND BORNAND;04 50 02 20 88;http://www.le-grand-bornand.ovh/pizzeria-casanova-le-grand-bornand.html;;;cuisine française;5.0;;;['animaux acceptés', 'terrasse', 'facilité bébé', 'restaurant repas de groupe'];['Lundi', '11h30 - 14h30', '18h30 - 22h00', 'Mardi', '11h30 - 14h30', '18h30 - 22h00', 'Mercredi', '11h30 - 14h30', '18h30 - 22h00', 'Jeudi', '11h30 - 14h30\n ', '18h30 - 22h00', 'Vendredi', '11h30 - 14h30', '18h30 - 22h00', 'Samedi', '11h30 - 14h30', '18h30 - 22h00', 'Dimanche', '11h30 - 14h30', '18h30 - 22h00'];;
132;Sosmart;pass Golliardi;74000;ANNECY;09 61 66 49 10;http://20-sur-vins.com;;;;;;;['Soirée oenologique '];;;
133;Restaurant L'aquarama;227 rte Ponton;74210;TALLOIRES MONTMIN;04 50 51 90 19;http://www.restaurant-aquarama.com;;;;;;;;;;
134;Restaurant La Cabane à Léo;Mont D'arbois Lieux Dit rte Bettex;74170;SAINT GERVAIS LES BAINS;06 99 60 43 97;www.facebook.com;;;;;;;"['terrasse', ""repas d'affaire"", 'facilité bébé', 'restaurant bio', 'organisation de réception', 'restaurant végétarien', 'animaux acceptés', 'parking', 'friterie', 'saladerie', 'Zone fumeur', 'restaurant repas de groupe', 'service continu', 'fast Food']";['Lundi', '09h00 - 19h00', 'Mardi', '09h00 - 19h00', 'Mercredi', '09h00 - 19h00', 'Jeudi', '09h00 - 19h00', 'Vendredi', '09h00 - 19h00', 'Samedi', '09h00 - 19h00', 'Dimanche', '09h00 - 19h00'];;
135;Le Petit Paradis;plage Angon;74210;TALLOIRES MONTMIN;04 50 65 21 70;http://www.petitparadisdici.com;;;cuisine française;5.0;;;['terrasse', 'parking', 'facilité bébé', 'restaurant repas de groupe'];['Lundi', '12h00 - 14h00', '19h00 - 21h30', 'Mardi', '12h00 - 14h00', '19h00 - 21h30', 'Mercredi', '12h00 - 14h00', '19h00 - 21h30', 'Jeudi', '12h00 - 14h00', '19h00 - 21h30', 'Vendredi', '12h00 - 14h00', '19h00 - 21h30', 'Samedi', '12h00 - 14h00', '19h00 - 21h30', 'Dimanche', '12h00 - 14h00', '19h00 - 21h30'];;
136;Jem's Kebab Snack;9 r Prés Faure;74800;LA ROCHE SUR FORON;04 50 97 73 62;;;;;;;;['Restauration rapide ', 'Restaurants '];['Lundi', 'Mardi', '10h00 - 14h30', '17h00 - 22h30', 'Mercredi', '10h00 - 14h30', '17h00 - 22h30', 'Jeudi', '10h00 - 14h30', '17h00 - 22h30', 'Vendredi', '10h00 - 14h30', '17h00 - 22h30', 'Samedi', '10h00 - 14h30', '17h00 - 22h30\n ', 'Dimanche', '18h00 - 22h00'];46.06636;6.308959
137;Restaurant La Calèche - SARL RMT;55 pl Eglise;74220;LA CLUSAZ;04 50 02 42 60;http://restaurantlacalechesarlrmt.site-solocal.com;;;cuisine française;4.0;;;['accueil de groupe', 'plat à emporter', 'fait maison', 'animaux acceptés', 'terrasse', 'organisation de séminaire, de mariage, de fête de famille', 'facilité bébé'];['Lundi', '12h00 - 22h00', 'Mardi', '12h00 - 22h00', 'Mercredi', '12h00 - 22h00', 'Jeudi', '12h00 - 22h00', 'Vendredi', '12h00 - 22h00', 'Samedi', '12h00 - 22h00', 'Dimanche', '12h00 - 22h00'];;
138;La Crêperie D'Yvoire;1 r Eglise;74140;YVOIRE;04 50 72 80 78;www.facebook.com;;;cuisine française;1.0;;;['crêperie', 'plat à emporter', 'animaux acceptés', 'terrasse', 'facilité bébé', 'restaurant repas de groupe', 'service continu', 'accès handicapés', 'wifi'];['Lundi', '12h00 - 18h00', 'Mardi', '12h00 - 18h00', 'Mercredi', 'Jeudi', '12h00 - 18h00', 'Vendredi', '12h00 - 18h00', 'Samedi', '12h00 - 18h00', 'Dimanche', '12h00 - 18h00'];;
139;Les Aiguillettes;ld Braitaz;74360;LA CHAPELLE D'ABONDANCE;06 08 16 16 38;www.facebook.com/pg/LesAiguillettes/about/?ref=page_internal;;;;;;;;;;
140;Urban Food;2 av Brogny;74000;ANNECY;04 50 68 60 38;http://www.urbanfood.fr;;;;;;;['Restauration rapide '];;;
141;COOK et CIE SARL;12 r Centrale;74940;ANNECY LE VIEUX;04 50 23 49 22;;;;;;;;['pizzeria', 'animaux acceptés', 'terrasse', 'parking', 'saladerie', 'Zone fumeur', 'restaurant repas de groupe', 'accès handicapés'];['Lundi', '11h00 - 22h00', 'Mardi', '11h00 - 22h00', 'Mercredi', '11h00 - 22h00', 'Jeudi', '11h00 - 22h00', 'Vendredi', '11h00 - 22h00', 'Samedi', '11h00 - 22h00', 'Dimanche', '11h00 - 22h00'];;
142;Le Tremplin de la Croix;897 rte Orgères;74170;SAINT GERVAIS LES BAINS;04 50 18 88 42;;;;;;;;;;;
143;Hostellerie du Lac;La Grande Rive 158 r Lac;74500;NEUVECELLE;04 50 75 02 92;http://www.hostellerie-du-lac.fr;;;;;;;['Parking', 'Piscine', 'Animaux acceptés', 'langues parlées : anglais, allemand', 'Climatisation', 'wi-fi', 'Hôtels ', 'Restaurants ', 'Bureaux de tabac '];['Lundi', '07h00 - 23h30', 'Mardi', '07h00 - 23h30', 'Mercredi', '07h00 - 23h30', 'Jeudi', '07h00 - 23h30', 'Vendredi', '07h00 - 23h30', 'Samedi', '07h00 - 23h30', 'Dimanche', '07h00 - 23h30'];;
144;L'Essentiel;15 pl Pré de Foire;74700;SALLANCHES;09 82 54 65 05;http://lessentiel-restaurant.business.site/?utm;;;;;;;;;;
145;La Tour de Pizz';103 rte Trabets;74310;LES HOUCHES;06 58 53 78 18;http://latourdepizz74310.eatbu.com;;;;;;;['pizzeria'];;;
146;Bingo Sushi;134 av Genève;74000;ANNECY;04 50 67 79 18;;;;cuisine du monde;3.0;;;['organisation de réception', 'restaurant végétarien', 'plat à emporter', 'restaurant végétalien', 'parking', 'restaurant repas de groupe', 'service continu', 'climatisation', 'wifi', 'chef à domicile'];['Lundi', '11h00 - 14h30', '17h00 - 21h00\n ', 'Mardi', '11h00 - 14h30', '17h00 - 21h00', 'Mercredi', '11h00 - 14h30', '17h00 - 21h00', 'Jeudi', '11h00 - 14h30', '17h00 - 21h00', 'Vendredi', '11h00 - 14h30', '17h00 - 21h00', 'Samedi', '11h00 - 14h30', '17h00 - 21h00', 'Dimanche'];45.923836;6.123951
147;Restaurant Les Rhodos;Vge Aux Chévres 4851 rte Lindarets;74110;MONTRIOND;04 50 74 07 86;http://www.restaurant-les-rhodos-74.fr;;;cuisine française;4.0;;;['animaux acceptés', 'terrasse', 'parking', 'facilité bébé', 'restaurant repas de groupe', 'accès handicapés'];['Lundi', '09h00 - 17h00', 'Mardi', '09h00 - 17h00', 'Mercredi', '09h00 - 17h00', 'Jeudi', '09h00 - 17h00', 'Vendredi', '09h00 - 17h00', 'Samedi', ' 09h00 - 17h00', 'Dimanche', '09h00 - 17h00'];;
148;Restaurant l'Alpage;plaine Dranse;74390;CHÂTEL;04 50 81 31 50;;;;;;;;;;;
149;Un Amour de Fourchette LE PETIT CLERMONT;5 r Source de Clermont;74500;EVIAN LES BAINS;06 58 87 24 42;www.facebook.com;;;;;;;;;;
150;Chez Tata;Galerie Président Grande Rue;74300;CLUSES;06 61 84 17 57;fr-fr.facebook.com;;;;;;;;;;
151;Mougel Christophe;19 chem Villard;74450;LE GRAND BORNAND;04 50 63 21 12;;;;cuisine française;5.0;;;['terrasse'];['Lundi', '08h00 - 14h00', '18h00 - 22h00', 'Mardi', '08h00 - 14h00', '18h00 - 22h00', 'Mercredi', '08h00 - 14h00', '18h00 - 22h00', 'Jeudi', ' 08h00 - 14h00', '18h00 - 22h00', 'Vendredi', '08h00 - 14h00', '18h00 - 22h00', 'Samedi', '08h00 - 14h00', '18h00 - 22h00', 'Dimanche', '08h00 - 14h00', '18h00 - 22h00'];;
152;Café des Vignerons;57 rte Tully;74200;THONON LES BAINS;04 56 35 14 26;;;;;;;;['mondial relay', 'Cafés, bars ', 'Restaurants '];['Lundi', '06h30 - 13h00', '16h00 - 19h00', 'Mardi', '06h30 - 13h00', '16h00 - 19h00', 'Mercredi', '06h30 - 13h00', '16h00 - 19h00', 'Jeudi', '06h30 - 13h00', 'Vendredi', '06h30 - 13h00', '16h00 - 19h00', 'Samedi', '08h00 - 13h00', '16h00 - 19h00', 'Dimanche', '08h00 - 12h00'];;
153;Auberge Du Marmiton;1 rte Chef Lieu;74230;DINGY SAINT CLAIR;04 50 02 06 11;https://www.restaurant-thones.fr;;;;;;;['terrasse'];;;
154;Pizza Delice;6 pas Jacquard;74960;CRAN GEVRIER;06 03 58 46 04;ladelice-cran-gevrier.fr;;;Restauration rapide;5.0;;;['parking', 'Restaurants ', 'Pizzas à emporter ', 'Pizzerias '];;;
155;Chez Riz;9 r Robesson;74150;RUMILLY;07 68 35 46 68;www.facebook.com;;;;;;;;['Lundi', 'Mardi', '12h00 - 14h00', '19h00 - 22h00', 'Mercredi', '12h00 - 14h00', '19h00 - 22h00', 'Jeudi', '12h00 - 14h00', '19h00 - 22h00', 'Vendredi', '12h00 - 14h00', '19h00 - 22h00', 'Samedi', '12h00 - 14h00', '19h00 - 22h00', 'Dimanche', '18h00 - 22h00\n '];;
156;La Ferme Sarl;La Ranche 4754 rte Lindarets;74110;MONTRIOND;04 50 74 09 60;http://restaurantlafermesarl.site-solocal.com;;;;;;;['animaux acceptés', 'terrasse', 'facilité bébé'];;;
157;Pizza Moon;résid Le Moliere 18 pl la Fontaine;74350;CRUSEILLES;04 50 44 87 69;http://pizzamoon74.fr;;;restaurant italien;5.0;;;['pizzeria', 'parking'];['Lundi', 'Mardi', '18h00 - 22h00', 'Mercredi', '18h00 - 22h00', 'Jeudi', '18h00 - 22h00', 'Vendredi', '18h00 - 22h00', 'Samedi', '18h00 - 22h00', 'Dimanche', '18h00 - 22h00'];;
158;Prarion 1860 Hôtel Restaurant;6090 rte Prarion;74170;SAINT GERVAIS LES BAINS;04 50 54 40 07;http://www.parion.com;;;;;;;['facilités bébé', 'parking', 'wifi', 'restaurant', 'Hôtels ', 'Restaurants '];;;
159;Restaurant Blaza et Nath;1 r Chablais;74200;THONON LES BAINS;04 50 76 74 28;http://www.nathetblaja.com;;;cuisine française;5.0;;;"['organisation de réception', 'plat à emporter', 'animaux acceptés', 'terrasse', ""repas d'affaire"", 'restaurant repas de groupe', 'accès handicapés', 'climatisation', 'wifi']";['Lundi', 'Mardi', '12h00 - 14h00', '19h00 - 22h00', 'Mercredi', '12h00 - 14h00', '19h00 - 22h00', 'Jeudi', '12h00 - 14h00', '19h00 - 22h00', 'Vendredi', '12h00 - 14h00', '19h00 - 22h00', 'Samedi', '12h00 - 14h00', '19h00 - 22h00', 'Dimanche'];;
160;Indian Gandhi;649 av Alpages;74310;LES HOUCHES;04 50 54 63 96;www.restaurantgandhi.fr;;;;;;;['animaux acceptés', 'parking', 'facilité bébé', 'restaurant repas de groupe', 'Restaurants ', 'Restaurants indiens '];['Lundi', '19h00 - 00h00\n ', 'Mardi', '12h00 - 15h00', '19h00 - 00h00', 'Mercredi', '12h00 - 15h00', '19h00 - 00h00', 'Jeudi', '12h00 - 15h00', '19h00 - 00h00', 'Vendredi', '12h00 - 15h00', '19h00 - 00h00', 'Samedi', '12h00 - 15h00', '19h00 - 00h00', 'Dimanche', ' 12h00 - 15h00', '19h00 - 00h00'];;
161;Restaurant Le Shiva;18 av Mandallaz;74000;ANNECY;04 50 51 76 25;www.restaurant-indien-shiva.com;;;Restaurant indien;3.0;;;['Plats à emporter', 'Animaux acceptés', 'Remise de 10 % sur les plats à emporter', 'Traiteur', 'Formules déjeuner', 'Climatisation', 'Repas de groupes', 'Facilités bébés'];['Lundi', 'Mardi', '19h00 - 22h30', 'Mercredi', '12h00 - 14h30', '19h00 - 22h30', 'Jeudi', '19h00 - 22h30', 'Vendredi', '12h00 - 14h30', '19h00 - 22h30', 'Samedi', '12h00 - 14h30', '19h00 - 22h30', 'Dimanche', '12h00 - 14h30', '19h00 - 22h30'];45.899254;6.115308
162;Le Chatelard SARL;434 rte Chatelard;74190;PASSY;04 50 55 32 98;;;;;;;;;['Lundi', '12h00 - 14h00', '18h00 - 22h00', 'Mardi', '12h00 - 14h00', '18h00 - 22h00', 'Mercredi', '12h00 - 14h00', '18h00 - 22h00', 'Jeudi', '12h00 - 14h00', '18h00 - 22h00', 'Vendredi', '12h00 - 14h00', '18h00 - 22h00', 'Samedi', 'Dimanche'];;
163;Hôtel Les Acacias;14 rte Annecy;74290;VEYRIER DU LAC;04 50 60 11 60;http://www.lac-annecy-acacias.com;;;;;;;['Wi-fi', 'Parking gratuit', 'Banquet', 'animaux acceptés', 'Cuisine traditionnelle', 'Repas de groupes', 'Hôtels ', 'Restaurants '];;;
164;CFK;50 chem Grands Prés;74210;DOUSSARD;04 50 44 18 92;http://www.roadhousecafe.fr;;;restaurant américain;5.0;;;['Américaine '];;;
165;La Gondola;imm Le Moil Sud 3 r Vallard;74240;GAILLARD;04 50 87 05 18;http://nicolacarmen.site-solocal.com;;;Restaurant italien;5.0;;;['animaux acceptés', 'Pizzerias ', 'Pizzas à emporter ', 'Restaurants '];['Lundi', 'Mardi', '11h45 - 14h30', '19h00 - 23h30', 'Mercredi', '11h45 - 14h30', '19h00 - 23h30', 'Jeudi', '11h45 - 14h30', '19h00 - 23h30', 'Vendredi', '11h45 - 14h30', '19h00 - 23h30', 'Samedi', '10h00 - 15h00', '19h00 - 23h30', 'Dimanche', '10h00 - 15h00', '19h00 - 23h30'];;
166;CHALET RESTAURANT BAR DU FER A CHEVAL;Fer à Cheval;74740;SIXT FER À CHEVAL;04 50 89 13 88;http://www.feracheval.ch;;;;;;;;;;
167;Restaurant La Fully;la Fully;74420;VILLARD;04 50 94 25 60;;;;cuisine française;5.0;;;['terrasse', 'parking', 'facilité bébé', 'restaurant repas de groupe'];['Lundi', '11h30 - 00h00', 'Mardi', '11h30 - 00h00', 'Mercredi', '11h30 - 00h00', 'Jeudi', '11h30 - 00h00', 'Vendredi', '11h30 - 00h00', 'Samedi', '11h30 - 00h00', 'Dimanche', '11h30 - 00h00'];;
168;Chalet-Hôtel La Terrasse De Verchaix;Chef Lieu;74440;VERCHAIX;04 50 90 12 67;http://www.terrasse-de-verchaix.com;;;;;;;['Hôtels ', 'Restaurants '];;;
169;Les Rhodos LES RHODODENDRONS;Col Des Aravis;74220;LA CLUSAZ;04 50 64 53 56;http://patnachalet.com;;;;;"['La terrine de campagne maison', ""La trilogie d'os à moëlle"", 'Dos de Sandre en croûte de noix', 'Joue de boeuf braisée sauce Mondeuse', 'La tarte aux noix, glace mascarpone', 'Le « maousse » financier myrtille, glace genépi']";['12\xa0 €', '16\xa0 €', '20\xa0 €', '22\xa0 €', '8\xa0 €', '7\xa0 €'];['animaux acceptés', 'terrasse', 'parking', 'livraison à domicile', 'facilité bébé', 'restaurant repas de groupe', 'accès handicapés', 'wifi'];;;
170;Ben 'Ap Annecy;2 pass Gruffaz;74000;ANNECY;09 84 29 61 44;http://benap-annecy.business.site;;;;;['La soupe froide de petit pois citron et coriandre', 'Salade de pomme de terre aux oignons rouges bio', 'Boulettte de beuf à la japonaise', 'Poulet mariné sauce curry et coco'];['4.4\xa0 €', '3.9\xa0 €', '4.4\xa0 €', '4.4\xa0 €'];['10-15 euros ', 'Fait maison '];['Lundi', '11h00 - 21h00', 'Mardi', '11h00 - 21h00', 'Mercredi', '11h00 - 21h00', 'Jeudi', '11h00 - 21h00', 'Vendredi', '11h00 - 21h00', 'Samedi', '11h00 - 21h00', 'Dimanche'];;
171;Restaurant De La Plage;Le Port rte Plage;74410;SAINT JORIOZ;04 50 63 37 78;http://www.lacuillereaomble.fr;;;;;;;['restaurant repas de groupe'];['Lundi', '09h00 - 11h00', 'Mardi', '09h00 - 11h00', 'Mercredi', '09h00 - 11h00', 'Jeudi', '09h00 - 11h00', 'Vendredi', ' 09h00 - 11h00', 'Samedi', '09h00 - 11h00', 'Dimanche', '09h00 - 11h00'];;
172;Le Cassoton;9 r Hauteville;74150;RUMILLY;09 84 22 66 82;http://www.le-cassoton.fr;;;cuisine française;4.0;"[""Assiette autour de l'asperges, jaune d'oeuf confit"", 'Ceviche de poisson, sorbet ail des ours', ""Cabillaud en croûte d'ail des ours"", 'Magret de canard rôti au miel et au thym', 'Boule de neige façon fraisier', 'La sélection de fromages du chef accompagnée de ses Gourmandises (Fromages affinés par Xavier Thuret, meilleur ouvrier de France fromager)']";['14\xa0 €', '14\xa0 €', '24\xa0 €', '22\xa0 €', '9.5\xa0 €', '11\xa0 €'];['animaux acceptés', 'terrasse', 'parking', 'facilité bébé', 'restaurant repas de groupe', 'accès handicapés'];['Lundi', '12h00 - 14h00', '19h00 - 22h00', 'Mardi', '12h00 - 14h00', '19h00 - 22h00\n ', 'Mercredi', '12h00 - 14h00', '19h00 - 22h00', 'Jeudi', '12h00 - 14h00', '19h00 - 22h00', 'Vendredi', '12h00 - 14h00', '19h00 - 22h00', 'Samedi', '12h00 - 14h00', '19h00 - 22h00', 'Dimanche', '12h00 - 14h00'];;
173;Blue Bay;23 r Michelstadt;74150;RUMILLY;04 50 23 30 67;http://bluebayrestaurant.eatbu.com/?lang=fr#menu;;;;;;;;['Lundi', '12h00 - 14h30', '19h00 - 23h00', 'Mardi', '12h00 - 14h30', '19h00 - 23h00', 'Mercredi', '12h00 - 14h30', '19h00 - 23h00', 'Jeudi', '12h00 - 14h30', ' 19h00 - 23h00', 'Vendredi', '12h00 - 14h30', '19h00 - 23h00', 'Samedi', '12h00 - 14h30', '19h00 - 23h00', 'Dimanche', '12h00 - 14h30', '19h00 - 23h00'];;
174;Le Signal SARL;604 rte Moranches;74170;LES CONTAMINES MONTJOIE;04 50 96 68 63;http://lescontamines.org;;;;;;;"['Panoramique ', 'Parking ', ""Restaurant d'altitude "", 'Accès internet ', 'Auberge ', 'Brasserie ', 'Burger ', 'Frites ', 'Galette ', 'Grill ', 'Montagne ', 'Panini ', 'Péniche ', 'Restauration rapide ']";;;
175;LA CUILLERE A OMBLE 2DP TABLE - LAC & MONTAGNES;2346 rte Talloires;74210;DOUSSARD;04 50 44 30 71;http://www.lacuillereaomble.fr;;;cuisine française;5.0;;;['animaux acceptés', 'terrasse', 'parking', 'bistrot', 'facilité bébé', 'restaurant repas de groupe', 'accès handicapés', 'climatisation'];['Lundi', '09h00 - 23h00', 'Mardi', '09h00 - 23h00', 'Mercredi', '09h00 - 23h00', 'Jeudi', '09h00 - 23h00', 'Vendredi', '09h00 - 23h00', 'Samedi', '09h00 - 23h00', 'Dimanche', '09h00 - 23h00'];;
176;Fabbrica;Le Pre Carre 10 r Vaugelas;74000;ANNECY;04 50 51 20 05;www.facebook.com;['MENU DU JOUR entrée-plat-dessert en semaine uniquement le midi : ', 'MENU DU CAFE DE LA COUR : ', 'PLANCHE APERO A PARTAGER LE SOIR : '];['16.90 €', '38 €', '19 €'];;;"['Salade du moment', ""Escargots de Poisy au Crémant d'Alsace - les 6"", 'La Choucroute alsacienne aux 4 viandes', 'La joue de porc au Pinot Noir, spaetzele', 'Le Pavlova du Café de la Cour', 'La mousse au chocolat voluptueuse sur fond de gavotte']";['12 €', '11 €', '24 €', '17 €', '10 €', '9 €'];['facilité bébé'];['Lundi', 'Mardi', '12h00 - 14h00', '17h30 - 00h00', 'Mercredi', '12h00 - 14h00', '17h30 - 00h00', 'Jeudi', '12h00 - 14h00', '17h30 - 00h00', 'Vendredi', '12h00 - 14h00', '17h30 - 00h00', 'Samedi', '00h00 - 01h00', '12h00 - 15h00', '17h30 - 00h00', 'Dimanche', '00h00 - 01h00'];;
177;PIZZA ITALIA;145 rte Annecy;74370;PRINGY;04 50 65 22 82;;;;;;;;['Pizzerias ', 'Restaurants '];;;
178;Les Arcades;4 quai Eustache Chappuis;74000;ANNECY;04 50 45 09 38;www.facebook.com;;;;;"['Délice Focaccia', ""La terrine d'oie en croûte et ses pistaches"", ""Salade L'Italienne"", 'Salade La César des Arcades', ""Crème brûlée, éclats de M&M's '"", 'Glace 2 boules']";['7.9\xa0 €', '8.9\xa0 €', '13.9\xa0 €', '14.9\xa0 €', '6.9\xa0 €', '4.9\xa0 €'];['21-30 euros '];['Lundi', '12h00 - 15h00', '19h00 - 22h00', 'Mardi', '09h00 - 15h00', '19h00 - 22h00', 'Mercredi', '12h00 - 15h00', '19h00 - 22h00', 'Jeudi', '12h00 - 15h00', '19h00 - 22h00', 'Vendredi', '12h00 - 15h00', '19h00 - 22h00', 'Samedi', '12h00 - 15h00', '19h00 - 22h00', 'Dimanche', '12h00 - 15h00', '19h00 - 22h00'];;
179;La Maison;Zone Commerciale Du Grand Epagny 520 rte Prés Rollier, Epagny;74330;SILLINGY;04 50 22 02 55;http://lamaison-sillingy.site-solocal.com;;;cuisine française;5.0;;;"['Formule du midi', 'organisation de réception', 'plat à emporter', 'terrasse', ""repas d'affaire"", 'restaurant repas de groupe', 'Menus enfants', 'climatisation', 'Restaurant']";['Lundi', '11h45 - 14h30', 'Mardi', '11h45 - 14h30', 'Mercredi', '11h45 - 14h30', ' 19h00 - 22h00', 'Jeudi', '11h45 - 14h30', '19h00 - 22h00', 'Vendredi', '11h45 - 14h30', '19h00 - 23h00', 'Samedi', '11h45 - 14h30', '19h00 - 23h00', 'Dimanche'];;
180;LBH74;pl Gare;74740;SIXT FER À CHEVAL;04 50 34 82 11;;;;;;;;;;;
181;Olivieri Frank;1 r Ile;74000;ANNECY;06 20 52 66 96;;;;;;;;;;;
182;Le Refuge Du Lac;1 pl Port;74500;EVIAN LES BAINS;04 50 70 72 60;;;;;;;;;;;
183;Les Pieds Sous La Table;66 rte Thy;74250;VIUZ EN SALLAZ;04 50 94 95 52;www.facebook.com;;;cuisine française;1.0;;;['terrasse'];['Lundi', '12h00 - 14h00', '19h00 - 22h00', 'Mardi', ' 12h00 - 14h00', '19h00 - 22h00', 'Mercredi', '12h00 - 14h00', '19h00 - 22h00', 'Jeudi', '12h00 - 14h00', '19h00 - 22h00', 'Vendredi', '12h00 - 14h00', '19h00 - 22h00', 'Samedi', '12h00 - 14h00', '19h00 - 22h00', 'Dimanche', '12h00 - 14h00', '19h00 - 22h00'];;
184;L Alambic;19 r Pont Neuf;74150;RUMILLY;04 50 77 98 57;www.facebook.com;;;;;;;"['organisation de réception', 'terrasse', 'parking', ""repas d'affaire"", 'facilité bébé', 'restaurant repas de groupe', 'dîner spectacle', 'restaurant bio', 'wifi']";['Lundi', '06h30 - 00h00', 'Mardi', '06h30 - 01h00', 'Mercredi', '06h30 - 01h00', 'Jeudi', '06h30 - 01h00', 'Vendredi', '06h30 - 01h00', 'Samedi', '06h30 - 01h00', 'Dimanche', '00h00 - 01h00'];;
185;Courtepaille;159 rte Closon;74330;POISY;04 50 24 14 96;http://www.courtepaille.com;;;;;;;;['Lundi', '11h30 - 15h00', '18h30 - 22h30', 'Mardi', '11h30 - 15h00', '18h30 - 22h30', 'Mercredi', '11h30 - 15h00', '18h30 - 22h30', 'Jeudi', '11h30 - 15h00', '18h30 - 22h30', 'Vendredi', '11h30 - 15h00', '18h30 - 22h30', 'Samedi', 'Dimanche'];;
186;Crep'Eat;65 r Carnot;74000;ANNECY;09 67 64 10 61;http://www.crepeat.com/nos-adresses-2;;;;;;;;[];;
187;Demoiselle Des Saix 1600;600 plateau Saix;74340;SAMOËNS;06 86 47 36 08;www.facebook.com;;;;;;;['aéroclub', 'Infrastructures de sports et loisirs ', 'Restaurants '];;;
188;Auberge Du Jotty;le Jotty;74200;LA VERNAZ;04 50 72 11 49;facebook.com;;;;;['Assiette de pays', 'Salade du Jotty', 'Entrecôte', 'Filet de perche à la sauce meunière', 'Fondue Savoyarde', 'Pierre chaude'];['10\xa0 €', '10\xa0 €', '20\xa0 €', '22\xa0 €', '18\xa0 €', '22\xa0 €'];['Cafés, bars ', 'Restaurants '];['Lundi', '07h30 - 15h00', '17h00 - 21h30', 'Mardi', '07h30 - 15h00', '17h00 - 21h30', 'Mercredi', '07h30 - 15h00', '17h00 - 21h30', 'Jeudi', '07h30 - 15h00', '17h00 - 21h30', 'Vendredi', ' 07h30 - 15h00', '17h00 - 21h30', 'Samedi', '17h00 - 21h30', 'Dimanche', '09h00 - 21h30'];;
189;Pizza Max;37 rte Annecy;74410;SAINT JORIOZ;04 50 60 92 56;;;;;;;;['pizzeria', 'plat à emporter'];['Lundi', '17h00 - 21h30', 'Mardi', '17h00 - 21h30', 'Mercredi', 'Jeudi', '17h00 - 21h30', 'Vendredi', '17h00 - 21h30', 'Samedi', '17h00 - 21h30\n ', 'Dimanche', '17h00 - 21h30'];;
190;Bar Restaurant Le Tyrolien;Villaz Merlin rte Plagne;74110;MORZINE;04 50 79 13 15;;;;cuisine française;5.0;;;['animaux acceptés', 'terrasse', 'parking', 'facilité bébé'];['Lundi', '12h00 - 14h00', '19h00 - 22h00', 'Mardi', '12h00 - 14h00', '19h00 - 22h00', 'Mercredi', '12h00 - 14h00', '19h00 - 22h00', 'Jeudi', '12h00 - 14h00', '19h00 - 22h00', 'Vendredi', '12h00 - 14h00', '19h00 - 22h00', 'Samedi', '12h00 - 14h00', '19h00 - 22h00\n ', 'Dimanche', '12h00 - 14h00', '19h00 - 22h00'];;
191;L'Arcadie;8 pl Trophée;74540;ALBY SUR CHERAN;04 50 68 15 78;restaurantlarcadie.com;;;Restaurant français;5.0;;;"['organisation de baptême', 'Parking', 'maître restaurateur', ""repas d'affaire"", 'plat du jour', 'accès internet', 'menu de fêtes', 'repas de mariage', ""repas d'entreprises"", 'wifi', 'plat à emporter', 'terrasse', 'langues parlées : anglais, italien', 'Formule déjeuner', 'Animaux acceptés', 'repas de groupe', 'repas de fêtes', 'Facilités bébés', ""repas d'anniversaire"", 'cuisine traditionnelle, faite maison']";['Lundi', '12h00 - 14h30', 'Mardi', '12h00 - 14h30', 'Mercredi', '12h00 - 14h30', 'Jeudi', '12h00 - 14h30', '19h00 - 23h00', 'Vendredi', '12h00 - 14h30', '19h00 - 23h00', 'Samedi', '19h00 - 23h00', 'Dimanche', '12h00 - 15h30'];45.817148;6.020674
192;La Gamelle;résid Arve Giffre 660 plt Saix;74340;SAMOËNS;06 67 83 85 38;www.facebook.com/LaGamelle1600;;;;;;;;;;
193;Brasserie La Rochoise;Zone Industrielle Des Dragiez 89 imp Vernaz;74800;LA ROCHE SUR FORON;04 50 07 57 78;http://www.bierelarochoise.com;;;;;;;['Fabrication de bières ', 'Cafés, bars ', 'Restaurants '];['Lundi', '16h00 - 19h00', 'Mardi', '16h00 - 19h00', 'Mercredi', '16h00 - 19h00', 'Jeudi', '16h00 - 19h00', 'Vendredi', '16h00 - 19h00', 'Samedi', '16h00 - 19h00', 'Dimanche'];;
194;Restaurant Signal;570 rte Moranches;74170;LES CONTAMINES MONTJOIE;04 50 47 09 12;www.lescontamines.org;;;;;;;['Animaux acceptés', 'Climatisation', 'Wifi', 'Facilités bébés', 'Repas de groupes', 'Accès pour les personnes à mobilité réduite', 'Terrasse', 'Restaurants ', 'Magasins de sport '];['Lundi', '07h15 - 21h00', 'Mardi', '07h15 - 21h00', 'Mercredi', '07h15 - 21h00', 'Jeudi', '07h15 - 21h00', 'Vendredi', '07h15 - 21h00', 'Samedi', '07h15 - 21h00', 'Dimanche', '07h15 - 21h00'];;
195;Auberge La Ferme De Ferrières;Auberge Frm De Ferrieres 800 rte Burnets;74370;FERRIÈRES;04 50 22 04 00;http://www.aubergelafermedeferrieres.com;;;;;;;['parking', 'restaurant', 'Hôtels ', 'Restaurants '];['Lundi', '12h00 - 14h00', '19h00 - 21h00', 'Mardi', '12h00 - 14h00', '19h00 - 21h00', 'Mercredi', 'Jeudi', '12h00 - 14h00', '19h00 - 21h00', 'Vendredi', '12h00 - 14h00', '19h00 - 21h00', 'Samedi', '12h00 - 14h00', '19h00 - 21h00', 'Dimanche', '12h00 - 14h00'];;
196;La Luge a Teran Le Telemark;153 rte Vallon d'en Bas;74340;SAMOËNS;06 85 80 77 00;hiver.samoens.com;;;;;;;['animaux acceptés', 'terrasse'];['Lundi', '09h00 - 18h00', 'Mardi', '09h00 - 18h00', 'Mercredi', '09h00 - 18h00', 'Jeudi', '09h00 - 18h00', 'Vendredi', '09h00 - 18h00', 'Samedi', '09h00 - 18h00', 'Dimanche', '09h00 - 18h00'];;
197;Mizuki;62 r Genève;74240;GAILLARD;04 50 38 86 23;http://www.mizuki-sushi.fr;;;cuisine du monde;5.0;;;['terrasse', 'parking', 'livraison à domicile', 'facilité bébé'];['Lundi', '11h30 - 14h00', '18h00 - 22h00', 'Mardi', '18h00 - 22h00\n ', 'Mercredi', 'Jeudi', '11h30 - 14h00', '18h00 - 22h00', 'Vendredi', '11h30 - 14h00', '18h00 - 22h00', 'Samedi', '11h30 - 14h00', '18h00 - 22h00', 'Dimanche', '18h00 - 22h00'];;
198;Pizz And Co;all Larry;74200;MARIN;04 50 71 48 74;http://pizzco.fr;;;;;;;;;;
199;Le Poisson Rouge;20 prom Seines;74320;SEVRIER;04 50 52 40 48;www.opoissonrouge.com;;;Restaurant français;1.0;;;['Parking', 'Grande terrasse', 'Langue parlée : anglais', 'Organisation de mariages, de communions, de séminaires et autres', 'Menus pour enfants', 'Cuisine traditionnelle', 'Poissons et fruits de mer', 'terrasse', 'Repas de groupes', 'Espace privatisable', 'Facilités bébés'];['Lundi', '10h00 - 14h00', '18h00 - 01h00', 'Mardi', '10h00 - 14h00', '18h00 - 01h00', 'Mercredi', '10h00 - 14h00', '18h00 - 01h00', 'Jeudi', '10h00 - 14h00', '18h00 - 01h00', 'Vendredi', '10h00 - 14h00', '18h00 - 01h00', 'Samedi', '10h00 - 14h00', '18h00 - 01h00', 'Dimanche', '10h00 - 14h00', '18h00 - 01h00'];45.867389;6.143355
200;Chalet De La Pricaz;Montmin Col de la Forclaz;74210;TALLOIRES MONTMIN;04 50 60 72 61;http://www.sav.org/pricaz.html;;;cuisine française;1.0;;;['animaux acceptés', 'terrasse', 'parking', 'facilité bébé', 'restaurant repas de groupe', 'accès handicapés'];['Lundi', '10h00 - 21h30', 'Mardi', '10h00 - 21h30', 'Mercredi', '10h00 - 21h30', 'Jeudi', '10h00 - 21h30', 'Vendredi', '10h00 - 21h30', 'Samedi', '10h00 - 21h30', 'Dimanche', '10h00 - 21h30'];;
201;La P'tite Nana;12 r Sommeiller;74000;ANNECY;04 50 77 82 05;;;;;;;;;;;
202;Le Picabraise;40 rte Pontets;74320;SEVRIER;04 50 51 36 45;http://www.lepicabraise.com;;;cuisine française;5.0;;;['animaux acceptés', 'terrasse', 'parking', 'facilité bébé', 'restaurant repas de groupe', 'wifi', 'climatisation'];['Lundi', '12h00 - 14h00', '19h00 - 23h00', 'Mardi', '12h00 - 14h00', '19h00 - 23h00', 'Mercredi', '12h00 - 14h00', '19h00 - 23h00', 'Jeudi', '12h00 - 14h00', '19h00 - 23h00', 'Vendredi', '12h00 - 14h00', '19h00 - 23h00', 'Samedi', '12h00 - 14h00', '19h00 - 23h00', 'Dimanche', '12h00 - 14h00', '19h00 - 23h00'];;
203;L'Anatolie;193 av Chamonix;74190;LE FAYET;04 50 47 88 13;;;;kebab;5.0;;;['kebab', 'terrasse', 'parking', 'restaurant repas de groupe', 'restaurant halal', 'accès handicapés', 'wifi', 'climatisation'];['Lundi', '11h00 - 14h00', '18h00 - 22h00', 'Mardi', '11h00 - 14h00', ' 18h00 - 22h00', 'Mercredi', '11h00 - 14h00', '18h00 - 22h00', 'Jeudi', '11h00 - 14h00', '18h00 - 22h00', 'Vendredi', '11h00 - 14h00', '18h00 - 22h00', 'Samedi', '11h00 - 14h00', '18h00 - 22h00', 'Dimanche', '17h30 - 22h00'];;
204;Alpage de Balme;domaine Du Tour Skiable Commune Argentière rte Tour;74400;CHAMONIX MONT BLANC;06 83 33 86 61;www.facebook.com/Restaurant-Alpage-de-Balme-947627818716263;;;Restaurant savoyard;5.0;;;['Fourneaux', 'Parking', 'service continu'];;;
205;LA HALTE DU MOULIN SEBKAR SARL;Chef Lieu;74430;SEYTROUX;04 50 84 70 89;http://www.lahaltedumoulin.com;;;;;"[""Le saumon Gravlax aux agrumes et mousse de betterave à l'orange"", 'Les nems au reblochon et pomme Granny smith, salade de saison et sorbet pomme verte', 'La pièce du boucher sélectionée, sauce au vin rouge et échalote confite', 'Le filet mignon de porc aux champignons', 'La fondue savoyarde aux 3 fromages accompagnée de salade verte et charcuterie', ""La planche montagnarde de la vallée d'Aulps et de fromages affinés de la région""]";['11\xa0 €', '11\xa0 €', '21\xa0 €', '19\xa0 €', '22\xa0 €', '18\xa0 €'];['21-30 euros ', 'Cuisine française ', 'Restaurants ', 'Cafés, bars '];['Lundi', 'Mardi', '12h00 - 14h00', 'Mercredi', '12h00 - 14h00', 'Jeudi', '12h00 - 14h00', '19h00 - 22h30', 'Vendredi', '12h00 - 14h00', '19h00 - 22h30', 'Samedi', '12h00 - 14h00', '19h00 - 22h30', 'Dimanche', '12h00 - 14h00'];;
206;Hôtel Restaurant D'Argonay EURL;3 pl Arthur Lavy;74370;ARGONAY;04 50 27 20 21;http://www.hotel-annecy-nord-argonay.fr;;;;;;;['bar', 'demi-pension', 'ascenseur', 'parking', 'chambre avec terrasse', 'séminaire', 'wifi', 'restaurant', 'Hôtels ', 'Restaurants '];['Lundi', '08h00 - 19h00', 'Mardi', '08h00 - 19h00', 'Mercredi', '08h00 - 19h00', 'Jeudi', '08h00 - 19h00', 'Vendredi', '08h00 - 19h00', 'Samedi', '08h00 - 19h00', 'Dimanche', ' 08h00 - 19h00'];;
207;Hôtel Restaurant De La Plage;av Plage;74140;EXCENEVEX;04 50 72 81 12;http://hoteldelaplage-excenevex.com;;;;;;;['restaurant', 'Hôtels ', 'Restaurants '];['Lundi', '08h00 - 22h00', 'Mardi', '08h00 - 22h00', 'Mercredi', ' 08h00 - 22h00', 'Jeudi', '08h00 - 22h00', 'Vendredi', '08h00 - 22h00', 'Samedi', '08h00 - 22h00', 'Dimanche', '08h00 - 22h00'];;
208;Les Dents De Lanfon SAS;1 rte Col de Bluffy;74290;BLUFFY;04 50 65 82 11;http://www.completement-fondue.com;;;;;;;['animaux acceptés', 'facilités bébé', 'parking', 'wifi', 'restaurant', 'Hôtels ', 'Restaurants '];['Lundi', '09h00 - 14h00', 'Mardi', '09h00 - 14h00', 'Mercredi', '09h00 - 14h00', '19h00 - 21h30', 'Jeudi', '09h00 - 14h00', '19h00 - 21h30', 'Vendredi', '09h00 - 14h00', '19h00 - 21h30', 'Samedi', '09h00 - 14h00', '19h00 - 21h30', 'Dimanche', '09h00 - 14h00'];;
209;Hotel Restaurant Le Bellevue;Ascenseur le Nouy;74500;THOLLON LES MÉMISES;04 50 70 92 79;http://www.hotellebellevue.com;;;;;;;['télévision', 'animaux acceptés', 'hôtel avec piscine', 'facilités bébé', 'parking', 'wifi', 'accès handicapé', 'restaurant', 'Hôtels ', 'Restaurants '];;;
210;MAXI DELICES;49 av Champ Fleuri;74600;SEYNOD;04 50 23 32 33;fr.facebook.com;;;restauration rapide;5.0;;;['terrasse', 'facilité bébé', 'restaurant halal', 'wifi', 'cheminée', 'plat à emporter', 'kebab', 'livraison à domicile', 'Zone fumeur', 'restaurant repas de groupe', 'service continu', 'accès handicapés', 'climatisation', 'chef à domicile'];['Lundi', '10h00 - 23h00', 'Mardi', '10h00 - 23h00', 'Mercredi', '10h00 - 23h00', 'Jeudi', '10h00 - 23h00', 'Vendredi', '13h30 - 23h00', 'Samedi', '10h00 - 23h00', 'Dimanche', '10h00 - 23h00'];;
211;Oxxy Beach;Parc De La Chataigneraie av St Disdille;74200;THONON LES BAINS;09 53 97 02 06;http://www.oxxybeach.fr;;;;;;;;;;
212;LES SAPINS;131 r Vieille Route;74490;SAINT JEOIRE;04 50 35 80 38;www.lessapins.fr;;;;;;;['Soirée étape', 'Parking', 'Animaux acceptés', 'Petit déjeuner', 'Service pressing', 'Wi-fi', 'Demi-pension', 'Restaurant', 'Salle de réunion', 'Terrasse', 'TV/Satellite', 'Facilités bébés', 'Hôtels ', 'Restaurants '];['Lundi', 'Mardi', '12h00 - 14h00', '19h00 - 22h30\n ', 'Mercredi', '12h00 - 14h00', '19h00 - 22h30', 'Jeudi', '12h00 - 14h00', '19h00 - 22h30', 'Vendredi', '12h00 - 14h00', '19h00 - 22h30', 'Samedi', '12h00 - 14h00', '19h00 - 22h30', 'Dimanche', '12h00 - 14h00'];;
213;Olympique Bar;21 r Ste Claire;74000;ANNECY;04 50 45 08 38;;;;cuisine française;1.0;;;['Cuisine française '];['Lundi', '12h00 - 00h00', 'Mardi', '12h00 - 00h00\n ', 'Mercredi', '12h00 - 00h00', 'Jeudi', '12h00 - 00h00', 'Vendredi', '12h00 - 00h00', 'Samedi', '12h00 - 00h00', 'Dimanche', '12h00 - 00h00'];45.898285;6.124542
214;Le Prado;39 r Crête;74000;CRAN GEVRIER;04 50 67 18 54;fr-fr.facebook.com;;;;;;;['pizzeria', 'parking', 'climatisation'];['Lundi', 'Mardi', '17h30 - 21h00', 'Mercredi', '17h30 - 21h00', 'Jeudi', '17h30 - 21h00', 'Vendredi', '17h30 - 21h30', 'Samedi', '17h30 - 21h30', 'Dimanche', '17h30 - 21h30'];;
215;Chez Tante Marie;Langin;74500;BERNEX;04 50 73 60 35;http://www.bernex-cheztantemarie.com;;;cuisine française;5.0;;;['animaux acceptés', 'terrasse', 'parking', 'facilité bébé', 'restaurant repas de groupe', 'accès handicapés', 'wifi', 'climatisation'];['Lundi', '12h00 - 13h30', '19h00 - 20h30', 'Mardi', 'Mercredi', '12h00 - 13h30', '19h00 - 20h30', 'Jeudi', '12h00 - 13h30', '19h00 - 20h30', 'Vendredi', '12h00 - 13h30', '19h00 - 20h30', 'Samedi', '12h00 - 13h30', '19h00 - 20h30', 'Dimanche', '12h00 - 13h30'];;
216;Centre De Balnéothérapie La Fée Bien-Etre;973 rte Vonnes;74390;CHÂTEL;04 50 73 25 80;http://www.residence-hotel-chatel.com;;;;;;;['Résidences de tourisme, résidences hôtelières ', 'Restaurants ', 'Instituts de beauté '];;;
217;Bony's Café;résid Le Claridge 5 r Chablais;74100;ANNEMASSE;04 50 37 33 16;www.facebook.com;;;;;;;['animaux acceptés', 'terrasse', 'restaurant repas de groupe', 'accès handicapés', 'climatisation', 'wifi', 'brasserie'];['Lundi', '10h30 - 15h00', '18h30 - 23h00', 'Mardi', '10h30 - 15h00', '18h30 - 23h00', 'Mercredi', '10h30 - 15h00', '18h30 - 23h00', 'Jeudi', '10h30 - 15h00', '18h30 - 23h00', 'Vendredi', '10h30 - 15h00', '18h30 - 23h00', 'Samedi', '10h30 - 15h00', '18h30 - 23h00', 'Dimanche'];;
218;Restaurant le Vieux Mazot;690 rte Chaine D'Or;74490;SAINT JEOIRE;04 50 36 61 37;www.le-vieux-mazot.fr;;;;;;;['terrasse', 'parking', 'facilité bébé', 'restaurant repas de groupe'];;;
219;Hôtel Best Western Porte Sud de Genève;rte Chosal;74160;ARCHAMPS;04 50 31 16 06;http://www.bestwesternportesudgeneve.com;;;;;;;"['Consigne à bagages', 'Réception ouverte 24 heures sur 24', 'Bar/salon', 'Salles de réunion', 'Salle de fitness', 'Petit-déjeuner disponible (en supplément)', 'Tennis sur place', 'Piscine couverte', 'Boutiques de souvenirs ou kiosque à journaux', 'Service de départ express', 'Accès Internet Wi-Fi gratuit', 'Restaurant', ""Baby-sitting ou garde d'enfants (supplément)"", 'Parking gratuit en libre service', 'Coffre-fort à la réception', 'Laverie', 'Personnel multilingue', 'Sauna', 'Espace conférence', ""Centre d'affaires"", 'Ascenseur', 'Nombre total de chambres : 90', ""Garde d'enfants"", ""Nombre d'étages : 3"", 'Hammam', 'Hôtels ', 'Cafés, bars ', 'Restaurants ']";;;
220;DELICES DES TERROIRS;37 av Loverchy;74000;ANNECY;04 50 45 82 65;http://lesmoustachesdezebulon.com;;;cuisine française;2.0;;;['pizzeria', 'plat à emporter', 'terrasse', 'parking', 'restaurant repas de groupe'];['Lundi', '12h00 - 14h00', '18h00 - 22h00', 'Mardi', '12h00 - 14h00', '18h00 - 22h00', 'Mercredi', '12h00 - 14h00', '18h00 - 22h00', 'Jeudi', '12h00 - 14h00', '18h00 - 22h00', 'Vendredi', '12h00 - 14h00', '18h00 - 22h00', 'Samedi', '18h00 - 22h00', 'Dimanche', '18h00 - 22h00\n '];;
221;L'entrée des artistes;63 av Sénevulaz;74200;THONON LES BAINS;04 50 81 75 71;http://lentree-des-artistes-thonon.fr;;;;;;;;['Lundi', '12h00 - 22h30', 'Mardi', '12h00 - 22h30', 'Mercredi', '12h00 - 22h30', 'Jeudi', '12h00 - 22h30', 'Vendredi', '12h00 - 23h00', 'Samedi', '12h00 - 23h00', 'Dimanche', '12h00 - 22h30'];;
222;La Tête Au Moine;bât A imm Silène La Chèvrerie;74470;BELLEVAUX;04 50 17 34 99;www.facebook.com/La-T%C3%AAte-Au-Moine-84616417263;;;;;['Planche panachée (assortiment de charcuterie et de fromages)', 'Fondue Savoyarde (charcuterie, salade verte)', 'Tartare de boeuf coupé au couteau', 'Café gourmand', 'Crème brûlée'];['17.2 €', '18.8 €', '20.8 €', '8.4 €', '6 €'];['bar branché', 'Animaux acceptés', 'brasserie', 'Tarif de groupes à partir de 15 personnes', 'restaurant français', 'wifi', 'Bar de nuit', 'terrasse', 'restaurant de fruits de mer', 'Repas de groupes', 'parking', 'Restaurants ', 'Cafés, bars '];['Lundi', '11h00 - 22h00', 'Mardi', '11h00 - 22h00', 'Mercredi', '11h00 - 22h00', 'Jeudi', '11h00 - 22h00', 'Vendredi', '11h00 - 03h00', 'Samedi', '11h00 - 03h00', 'Dimanche', '11h00 - 00h00'];46.212772;6.570927
223;Chez Marie Jo;773 rte Soly;74250;FILLINGES;04 50 36 26 71;http://www.chezmariejo.com;;;;;;;;['Lundi', '12h00 - 14h30', '19h00 - 23h00', 'Mardi', 'Mercredi', 'Jeudi', '12h00 - 14h30', '19h00 - 23h00', 'Vendredi', '12h00 - 15h30', '19h00 - 23h00', 'Samedi', '12h00 - 15h30', '19h00 - 23h00', 'Dimanche', '12h00 - 15h30', '19h00 - 23h00'];;
224;Bchef Annemasse;8 all Simone Signoret;74100;ANNEMASSE;04 50 75 64 15;http://www.franchise.bchef.fr;;;;;;;['bagel', 'Restauration rapide ', 'Restaurants '];[];;
225;AGA Burger;28 r Résistance;74100;ANNEMASSE;07 69 67 41 91;http://agaburger.com;;;;;;;['Burger ', 'Frites ', 'Galette ', 'Restauration rapide '];['Lundi', '11h00 - 18h30', 'Mardi', '11h00 - 18h30', 'Mercredi', '11h00 - 18h30', 'Jeudi', '11h00 - 18h30', 'Vendredi', '11h00 - 18h30', 'Samedi', '11h00 - 18h30', 'Dimanche'];;
226;La Ferme De L'Hospital;r Mollard;74160;BOSSEY;04 50 43 61 43;http://www.ferme-hospital.com;['Menu Bouche à oreille : ', 'Menu dégustation surprise : '];['45 €', '120 €'];cuisine française;5.0;;;['animaux acceptés', 'terrasse', 'ferme-auberge', 'parking', 'restaurant repas de groupe', 'climatisation'];['Lundi', 'Mardi', '12h00 - 13h30', '19h30 - 21h30', 'Mercredi', '12h00 - 13h30', '19h30 - 21h30', 'Jeudi', '12h00 - 13h30', '19h30 - 21h30', 'Vendredi', '12h00 - 13h30', '19h30 - 21h30', 'Samedi', '12h00 - 13h30', '19h30 - 21h30', 'Dimanche'];;
227;Hôtel Fleur De Neige;564 rte Vonnes;74390;CHÂTEL;04 50 73 20 10;http://www.hotel-fleurdeneige.fr/index.php/fr;;;;;;;['télévision', 'hôtel avec piscine', 'wifi', 'hammam', 'sauna', 'coffre-fort', 'bar', 'demi-pension', 'animaux acceptés', 'parking', 'facilités bébé', 'hôtel spa', 'accès handicapé', 'Hôtels ', 'Restaurants '];['Lundi', '12h00 - 13h30', '19h00 - 21h00', 'Mardi', '12h00 - 13h30\n ', '19h00 - 21h00', 'Mercredi', '12h00 - 13h30', '19h00 - 21h00', 'Jeudi', '12h00 - 13h30', '19h00 - 21h00', 'Vendredi', '12h00 - 13h30', '19h00 - 21h00', 'Samedi', '12h00 - 13h30', '19h00 - 21h00', 'Dimanche', '12h00 - 13h30', '19h00 - 21h00'];;
228;Brasserie des Bruyères;Bruyères 960 rte Envers du Chinaillon;74450;LE GRAND BORNAND;04 50 32 83 65;;;;;;;;['animaux acceptés', 'terrasse', 'parking', 'restaurant repas de groupe', 'wifi'];['Lundi', '08h00 - 20h00', 'Mardi', '08h00 - 20h00', 'Mercredi', '08h00 - 20h00', 'Jeudi', '08h00 - 20h00', 'Vendredi', '08h00 - 20h00', 'Samedi', '08h00 - 20h00', 'Dimanche', '08h00 - 20h00'];;
229;Le Bistrot des Arts;9 pl Arts;74200;THONON LES BAINS;04 50 26 45 15;http://www.lebistrotdesarts.com;;;;;;;['bar à vin', 'Cafés, bars ', 'Restaurants '];['Lundi', '12h00 - 14h00', 'Mardi', '12h00 - 14h00', 'Mercredi', '12h00 - 14h00', 'Jeudi', ' 12h00 - 14h00', 'Vendredi', '12h00 - 14h00', '20h00 - 23h00', 'Samedi', '12h00 - 14h00', '20h00 - 23h00', 'Dimanche'];;
230;Le Serasson;Lieu Dit les Tendues Praz sur Arly;74120;PRAZ SUR ARLY;06 47 40 51 69;;;;;;;;['terrasse', 'restaurant repas de groupe'];;;
231;Pub Au Bureau;Casino d'Evian quai Baron de Blonay;74500;EVIAN-LES-BAINS;04 50 26 87 77;www.casino-evian.com;;;Restaurant français;2.0;;;['salle de sport', 'accès pour les personnes à mobilité réduite', 'parking', 'wi-fi', 'hammam', 'télévision', 'sauna', 'jardin', 'climatisation', 'jeux pour enfants', 'restaurant', 'spa', 'accueil bébé', 'animaux acceptés', 'piscine'];;;
232;La Kouzna;Gare Du Signal 1488 rte Plan du Moulin;74170;LES CONTAMINES MONTJOIE;06 32 84 79 63;facebook.com;;;;;;;['fast Food'];;;
233;Lasoret Cécile;103 rte Trabets;74310;LES HOUCHES;04 50 53 49 63;;;;;;;;;;;
234;Le Pacha;7 r Industrie;74000;ANNECY;09 84 16 16 16;;;;fast food;5.0;;;['restaurant végétarien', 'plat à emporter', 'terrasse', 'restaurant halal', 'wifi', 'fast Food', 'chef à domicile'];['Lundi', '08h00 - 00h00', 'Mardi', '08h00 - 00h00', 'Mercredi', '08h00 - 00h00', 'Jeudi', '08h00 - 00h00', 'Vendredi', '08h00 - 00h00', 'Samedi', '08h00 - 00h00', 'Dimanche', '08h00 - 00h00'];;
235;Xu (SNC);11 av Mont Blanc;74950;SCIONZIER;07 86 96 09 91;;;;;;;;;;;
236;Le Recto;10 r République;74000;ANNECY;04 50 52 97 31;;;;;;;;['restaurant végétarien', 'terrasse', 'wifi', 'Restaurants ', 'Cafés, bars '];;;
237;Food Night;r Gare;74000;ANNECY;09 73 66 12 13;www.facebook.com/Foodnight74;;;;;;;;['Lundi', 'Mardi', '20h00 - 04h00', 'Mercredi', '20h00 - 04h00', 'Jeudi', '20h00 - 04h00', 'Vendredi', '20h00 - 04h00', 'Samedi', '20h00 - 04h00', 'Dimanche', '20h00 - 04h00'];;
238;BAR DES FONTANETTES;Les Fontanettes Sud;74230;LE BOUCHET;04 50 27 52 06;;;;;;;;['Terrasse', 'Repas de groupe', 'Ouvert 7j/7', 'Restaurants ', 'Cafés, bars ', 'Gîtes '];['Lundi', '12h00 - 15h00', '19h00 - 21h00', 'Mardi', '12h00 - 15h00', '19h00 - 21h00', 'Mercredi', '12h00 - 15h00', '19h00 - 21h00', 'Jeudi', '12h00 - 15h00', '19h00 - 21h00', 'Vendredi', '12h00 - 15h00', '19h00 - 21h00', 'Samedi', '12h00 - 15h00', '19h00 - 21h00', 'Dimanche', '12h00 - 15h00', '19h00 - 21h00'];;
239;Super Megève;Rochebrune;74120;MEGÈVE;04 50 21 22 05;;;;;;;;['Cuisine française '];;;
240;Hôtel Beauregard;rte Bois Venants;74110;MORZINE;04 50 79 11 05;http://www.lebeauregard-morzine.com;;;;;;;['télévision', 'jardin', 'animaux acceptés', 'hôtel avec piscine', 'facilités bébé', 'parking', 'wifi', 'accès handicapé', 'restaurant', 'Hôtels ', 'Restaurants '];;;
241;Hôtel Royal;13 av Mateirons, Rive Sud Du Lac De Geneve;74500;NEUVECELLE;04 50 26 85 00;www.hotel-royal-evian.com;;;;;;;['accueil bébé', 'piscine', 'sauna', 'animaux acceptés', 'hammam', 'spa', 'parking', 'salle de sport', 'jardin', 'jeux pour enfants', 'climatisation', 'restaurant', 'télévision', 'accès pour les personnes à mobilité réduite', 'wi-fi', 'Hôtels ', 'Restaurants ', 'Hôtels 5* ', 'Cafés, bars '];;;
242;Le Vaffieu;les Folliets;74260;LES GETS;04 50 79 09 43;www.facebook.com;;;cuisine française;5.0;;;['animaux acceptés', 'terrasse', 'facilité bébé', 'restaurant repas de groupe'];;;
243;Fromagerie Des Perrières;137 rte Perrières;74260;LES GETS;09 67 89 70 04;www.fruitiere-lesgets.com;;;;;;;['Familiale ', 'Accueil de groupe ', 'Accès pour personnes à mobilité réduite ', 'Animaux acceptés ', 'Facilité bébé ', 'Parking ', 'Repas de groupe ', 'Terrasse ', '21-30 euros ', 'Cuisine française ', 'Restaurant savoyard '];;;
244;Le Blanchot SARL;14 Gén Store Flaine;74300;ARÂCHES LA FRASSE;09 51 62 60 08;www.facebook.com;;;;;;;['Cuisine française '];;;
245;JSL 74;6 r Chablais;74100;ANNEMASSE;04 50 92 01 42;;;;cuisine française;4.0;;;['animaux acceptés', 'terrasse', 'parking', 'facilité bébé', 'restaurant repas de groupe', 'accès handicapés', 'climatisation'];['Lundi', '12h00 - 14h00', '19h00 - 22h00', 'Mardi', '12h00 - 14h00', '19h00 - 22h00', 'Mercredi', '12h00 - 14h00', '19h00 - 22h00', 'Jeudi', '12h00 - 14h00', '19h00 - 22h00', 'Vendredi', '12h00 - 14h00', '19h00 - 22h00', 'Samedi', '19h00 - 22h00', 'Dimanche'];46.19546;6.236351
246;Chalet de la Floria;Chalet Buvette La Floria chem Floriaz;74400;CHAMONIX MONT BLANC;06 23 50 37 76;http://chamonix.com/chalet-de-la-floria-(1350-m),48-119745,fr.html;;;;;;;['Cuisine française ', 'Restaurants ', 'Cafés, bars '];['Lundi', '10h00 - 12h30', '14h00 - 17h00', 'Mardi', '10h00 - 12h30', '14h00 - 17h00', 'Mercredi', '10h00 - 12h30', '14h00 - 17h00', 'Jeudi', '10h00 - 12h30', '14h00 - 17h00', 'Vendredi', '10h00 - 12h30', '14h00 - 17h00', 'Samedi', 'Dimanche'];;
247;LA SAUVAGEONNE;2637 rte Leutaz;74120;MEGÈVE;04 50 91 90 81;http://www.restaurant-sauvageonne.com;;;cuisine française;2.0;;;['46-60 euros ', 'Cuisine française '];;;
248;Les Carroz Domal;Chalet Des Molliets Molliets;74300;ARÂCHES LA FRASSE;04 50 90 05 09;http://www.chaletdesmolliets.fr;;;cuisine française;2.0;;;['animaux acceptés', 'grill', 'terrasse', 'parking', 'facilité bébé', 'restaurant repas de groupe'];['Lundi', '09h00 - 23h00', 'Mardi', '09h00 - 23h00', 'Mercredi', '09h00 - 23h00', 'Jeudi', '09h00 - 23h00', 'Vendredi', '09h00 - 23h00', 'Samedi', '09h00 - 23h00', 'Dimanche', '09h00 - 23h00'];;
249;Le Local A Pizzas;1005 Centre Commercial;74500;PUBLIER;09 63 59 40 24;;;;;;;;;;;
250;Crescendo Restauration;Galerie Lafayette 25 av Parmelan;74000;ANNECY;04 50 51 15 71;http://www.crescendo-restauration.fr;;;;;;;['animaux acceptés', 'terrasse', 'parking', 'facilité bébé', 'restaurant repas de groupe', 'accès handicapés', 'climatisation', 'wifi'];['Lundi', '08h30 - 14h30', '18h30 - 21h30', 'Mardi', '08h30 - 14h30', '18h30 - 21h30', 'Mercredi', '08h30 - 14h30', '18h30 - 21h30', 'Jeudi', '08h30 - 14h30', '18h30 - 21h30', 'Vendredi', '08h30 - 14h30', '18h30 - 21h30', 'Samedi', '08h30 - 14h30', '18h30 - 21h30', 'Dimanche', '11h30 - 21h30'];;
251;La Fringale SARL;17 av Chavoire;74940;ANNECY LE VIEUX;04 50 27 89 01;http://www.siteconnect.fr;;;restauration rapide;4.0;;;['animaux acceptés', 'terrasse', 'restaurant repas de groupe', 'climatisation'];;;
252;Hôtel Restaurant du Faucigny;170 r César Vuarchex;74950;SCIONZIER;04 50 98 16 71;www.hotel-faucigny.com;['Formule du jour (midi : entrée/ plat ou plat /dessert) : ', 'Menu du jour ( entrée/ plat / dessert) : '];['13,90 €', '18,90 €'];;;['Entrecôte grillée - Sauce au choix', 'Filet de Perches sauce Citron', 'SALADE DE BEIGNET DE REBLOCHON NOIX & PETALES DE JAMBON CRU FUME', 'Salade cesar - poulet marinés - jambon fumé - sauce au parmesan'];['19,90 €', '21,90 €', '13,90 €', '12,90 €'];['parking', 'restaurant repas de groupe', 'accès handicapés', 'wifi', 'climatisation', 'Restaurants ', 'Hôtels ', 'Résidences de tourisme, résidences hôtelières ', 'Organisation de séminaires, de congrès '];['Lundi', '12h00 - 13h30', '19h30 - 21h00', 'Mardi', '12h00 - 13h30', '19h30 - 21h00', 'Mercredi', '12h00 - 13h30', '19h30 - 21h00', 'Jeudi', '12h00 - 13h30', '19h30 - 21h00', 'Vendredi', '12h00 - 13h30', '19h30 - 21h00', 'Samedi', 'Dimanche'];;
253;HOTEL U'FREDY;Envers Les Etages 2878 rte Etale;74220;LA CLUSAZ;04 50 02 45 39;http://www.ufredy.com/en;;;;;;;['télévision', 'animaux acceptés', 'facilités bébé', 'parking', 'séminaire', 'wifi', 'restaurant', 'Hôtels ', 'Restaurants '];;;
254;Le Calife;14 pl Hôtel de Ville;74000;ANNECY;04 50 10 40 32;;;;;;;;['plat à emporter'];;;
255;Le Capucin Gourmand;1520 rte Genève;74130;VOUGY;04 50 34 03 50;http://www.lecapucingourmand.com;;;cuisine française;3.0;;;['terrasse', 'parking', 'facilité bébé', 'restaurant repas de groupe', 'accès handicapés', 'climatisation'];['Lundi', 'Mardi', '12h00 - 13h30', ' 19h30 - 21h00', 'Mercredi', '12h00 - 13h30', '19h30 - 21h00', 'Jeudi', '12h00 - 13h30', '19h30 - 21h00', 'Vendredi', '12h00 - 13h30', '19h30 - 21h00', 'Samedi', '12h00 - 13h30', '19h30 - 21h00', 'Dimanche'];;
256;PEKIN WOK;22 bd Pré Biollat;74200;ANTHY SUR LÉMAN;04 50 16 07 73;;;;;;;;;;;
257;Cafetti;10 r Nicolas Girod;74300;CLUSES;04 50 98 94 77;;;;;;;;['Salons de thé ', 'Restaurants '];;;
258;Camping L'Idéal;715 rte Chaparon;74210;LATHUILE;04 50 23 75 28;http://www.campingideal.com/fr;;;;;;;"['Location de vélos ', 'Location de caravanes, de mobile homes ', ""Location d'appartements "", 'Restaurants ', 'Campings ']";;;
259;Kabuki;91 r Genève;74240;GAILLARD;04 50 92 48 03;;;;;;;;['parking', 'restaurant repas de groupe', 'Restaurants ', 'Restaurants japonais '];['Lundi', '19h00 - 22h00', 'Mardi', '12h00 - 13h30', '19h00 - 22h00', 'Mercredi', '12h00 - 13h30', '19h00 - 22h00', 'Jeudi', '12h00 - 13h30', '19h00 - 22h00', 'Vendredi', '12h00 - 13h30', '19h00 - 22h00', 'Samedi', ' 12h00 - 13h30', '19h00 - 22h00', 'Dimanche'];;
260;L'ArdoizA2 café;9 r Granges;74200;THONON LES BAINS;04 50 26 65 41;www.facebook.com;;;;;;;['Cuisine française ', 'Restaurants ', 'Cafés, bars '];;;
261;Mnari Khalil;129 imp Ecureuils;74970;MARIGNIER;07 61 62 72 61;www.facebook.com;;;;;;;['pizzeria'];['Lundi', 'Mardi', '18h30 - 22h30', 'Mercredi', '18h30 - 22h30', 'Jeudi', '18h30 - 22h30', 'Vendredi', '18h30 - 22h30', 'Samedi', '18h30 - 22h30', 'Dimanche', '18h30 - 22h30\n '];46.08698;6.498229
262;Chez Yucel;r Orme;74600;SEYNOD;04 50 69 44 59;;;;;;;;['Cuisine française '];;;
263;Chez Jo'es;1050 lieu-dit Fouly;74500;BERNEX;04 50 72 43 62;;;;;;;;['terrasse', 'parking', 'facilité bébé'];;;
264;Brasserie des Deux Gares;18 chem Cristalliers;74400;CHAMONIX MONT BLANC;04 50 53 16 62;;;;;;;;['Cuisine française '];;;
265;Jsab Fooding;349 rte Villavit;74450;LE GRAND BORNAND;04 50 60 20 71;;;;;;;;;;;
266;Le 155 Steakhouse;155 prom Festival;74110;MORZINE;04 50 74 20 02;fr-fr.facebook.com;;;;;;;"['organisation de réception', 'terrasse', ""repas d'affaire"", 'restaurant repas de groupe', 'accès handicapés']";['Lundi', '12h00 - 15h30', '19h30 - 22h00', 'Mardi', '12h00 - 15h30', '19h30 - 22h00', 'Mercredi', '12h00 - 15h30', '19h30 - 22h00', 'Jeudi', '12h00 - 15h30', '19h30 - 22h00', 'Vendredi', '12h00 - 15h30', '19h30 - 22h00', 'Samedi', '12h00 - 15h30', '19h30 - 22h00', 'Dimanche', '12h00 - 15h30', '19h30 - 22h00'];;
267;Au Café Gourmand;1078 r Allobroges;74140;SAINT CERGUES;04 50 87 27 24;;;;;;;;;;;
268;Le Telemar'K;Chef Lieu;74360;ABONDANCE;04 50 73 02 24;;;;;;;;['Cafés, bars ', 'Restaurants '];;;
269;Il Piccolo;Impasse De Tilbury 97 rte Serveray;74300;ARÂCHES LA FRASSE;04 50 90 51 57;;;;cuisine du monde;1.0;;;['terrasse', 'parking'];['Lundi', '12h00 - 14h00', '19h00 - 22h00', 'Mardi', 'Mercredi', '12h00 - 14h00', '19h00 - 22h00', 'Jeudi', '12h00 - 14h00', '19h00 - 22h00', 'Vendredi', ' 12h00 - 14h00', '19h00 - 22h00', 'Samedi', '12h00 - 14h00', '19h00 - 22h00', 'Dimanche', '12h00 - 14h00', '19h00 - 22h00'];;
270;La petite blaitiere;22 chem Pied du Grépon;74400;CHAMONIX MONT BLANC;06 60 04 96 12;http://la-petite-blatiere-restauration-rapide-chamonix-mont-blanc.eatbu.com/?lang=fr;;;;;;;;['Lundi', '09h30 - 19h00', 'Mardi', '09h30 - 19h00', 'Mercredi', '09h30 - 19h00', 'Jeudi', '09h30 - 19h00', 'Vendredi', '09h30 - 19h00\n ', 'Samedi', '09h30 - 19h00', 'Dimanche', '09h30 - 19h00'];;
271;JHM;61 r Chene;74260;LES GETS;04 50 75 44 59;http://www.theoriginalshotels.com/hotels/la-marmotte-la-tapiaz-spa;;;;;;;['Centrales de réservations hôtelières ', 'Hôtels ', 'Restaurants ', 'Résidences de tourisme, résidences hôtelières ', 'Instituts de beauté '];;;
272;Creperie du Thion;9 quai Ile;74000;ANNECY;04 50 45 54 09;;;;;;;;['crêperie', 'terrasse'];;;
273;HOTEL U'FREDY;Envers Les Etages 2878 rte Etale;74220;LA CLUSAZ;04 50 02 45 39;http://www.ufredy.com/en;;;;;;;['télévision', 'animaux acceptés', 'facilités bébé', 'parking', 'séminaire', 'wifi', 'restaurant', 'Hôtels ', 'Restaurants '];;;
274;Dolce Et Pasta VIVALPI;3 pl Eglise;74300;CLUSES;04 50 47 98 06;www.facebook.com;;;restaurant italien;4.0;;;['plat à emporter', 'terrasse', 'parking', 'restaurant repas de groupe', 'accès handicapés'];;;
275;The Chalet Host Co;rte Nants;74110;MORZINE;06 30 77 92 23;http://www.hugedomains.com/domain_profile.cfm?d=thechalethostco&e=com;;;;;;;['facilité bébé'];['Lundi', '07h00 - 00h00', 'Mardi', '07h00 - 05h00', 'Mercredi', '07h00 - 05h00', 'Jeudi', ' 07h00 - 05h00', 'Vendredi', '07h00 - 05h00', 'Samedi', '00h00 - 05h00', 'Dimanche'];;
276;Acciuga;14 av Pont Tasset;74960;CRAN GEVRIER;09 83 68 20 55;http://acciuga.fr;;;;;;;['plat à emporter', 'parking', 'facilité bébé', 'wifi'];['Lundi', '09h30 - 14h00', '17h00 - 19h30', 'Mardi', '09h30 - 14h00', '17h00 - 19h30', 'Mercredi', '09h30 - 14h00', '17h00 - 19h30', 'Jeudi', '09h30 - 14h00', '17h00 - 19h30', 'Vendredi', '09h30 - 14h00', '17h00 - 19h30', 'Samedi', 'Dimanche'];;
277;PIZZA PANAMA 3;32 r Faucigny;74100;ANNEMASSE;04 56 30 03 82;;;;;;;;;;;
278;Le Berenice;6 av Pasteur;74100;ANNEMASSE;04 50 84 26 06;http://www.berenice.net;;;;;['Os a la moelle et toast', 'Poireaux a la vinaigrette', 'Filets de Dorades grillés a l?huile d?olive', 'Magret de canard sauce roquefort et purée maison', 'Charlotte de saison', 'Mousse au chocolat'];['5.8\xa0 €', '2.4\xa0 €', '14.8\xa0 €', '12.8\xa0 €', '6.5\xa0 €', '6.5\xa0 €'];['21-30 euros ', 'Cuisine française '];['Lundi', '11h00 - 14h00', '18h30 - 22h00', 'Mardi', '11h00 - 14h00', '18h30 - 22h00', 'Mercredi', ' 11h00 - 14h00', '18h30 - 22h00', 'Jeudi', '11h00 - 14h00', '18h30 - 22h00', 'Vendredi', '11h00 - 14h00', '18h30 - 22h00', 'Samedi', '11h00 - 14h00', '18h30 - 22h00', 'Dimanche'];;
279;MESSELMANI PIZZA;Ens L Arlequin 54 av Gare;74100;ANNEMASSE;04 50 92 54 72;;;;;;;;;;;
280;Restaurant Le Romagny;63 r Romagny;74100;ANNEMASSE;04 50 37 39 29;;;;;;;;['10-15 euros ', 'Cuisine française '];['Lundi', '07h00 - 21h00', 'Mardi', '07h00 - 21h00', 'Mercredi', '07h00 - 21h00', 'Jeudi', '07h00 - 21h00', 'Vendredi', '07h00 - 21h00', 'Samedi', '07h00 - 21h00', 'Dimanche'];;
281;La Flèche d'Or;973 rte Vonnes;74390;CHÂTEL;04 50 73 36 03;www.residence-hotel-chatel.com;;;;;;;['1 étoile ', 'Animaux acceptés ', 'Chambre avec terrasse ', 'Garage ', 'Hammam ', 'Parking ', 'Sauna ', 'Spa ', 'Télévision ', 'Jacuzzi ', 'Laverie ', 'Sèche-linge ', 'Hôtel avec piscine intérieure ', 'Location de chalet ', 'Salle de billard ', 'Résidences de tourisme, résidences hôtelières ', 'Restaurants '];['Lundi', '12h00 - 14h00', '19h00 - 21h00', 'Mardi', '12h00 - 14h00', '19h00 - 21h00', 'Mercredi', ' 12h00 - 14h00', '19h00 - 21h00', 'Jeudi', '12h00 - 14h00', '19h00 - 21h00', 'Vendredi', '12h00 - 14h00', '19h00 - 21h00', 'Samedi', '12h00 - 14h00', '19h00 - 21h00', 'Dimanche', '12h00 - 14h00', '19h00 - 21h00'];;
282;LOUJO;306 rte Magnonnet;74410;DUINGT;09 53 00 34 83;;;;;;;;;;;
283;Le Spot;66 pl Fruitière;74310;LES HOUCHES;04 50 54 46 76;;;;cuisine française;5.0;;;['plat à emporter', 'terrasse', 'climatisation', 'wifi', 'brasserie'];['Lundi', '07h00 - 01h00', 'Mardi', '07h00 - 01h00', 'Mercredi', '07h00 - 01h00', 'Jeudi', '07h00 - 01h00', 'Vendredi', '07h00 - 01h00', 'Samedi', '07h00 - 01h00', 'Dimanche', '07h00 - 01h00'];;
284;La terrasse du Golf de Giez;304 rte Thovey;74210;GIEZ;04 50 02 53 84;http://www.golfdegiez.fr;;;cuisine française;5.0;['Carpaccio de Boeuf .Pesto, roquette, copeaux de parmesan', 'DÃ©clinaison de tomates et burratina fumÃ©e. Une entrÃ©e estivale et gourmande au fromage de burrata fumÃ©.', 'Brochette de Saint Jacques, Saisie Ã\xa0 la plancha et servi sur un condiment de mangue, Â« beurre passion Â» et Wok de lÃ©gumes du marchÃ©, riz basmati.', 'Filets de perches Â« meuniÃ¿res Â» .LÃ©gumes croquants du marchÃ©, cÃ¢pres frits et frites maisons.', 'CafÃ© Gourmand', 'Tarte du jour'];['12Â\xa0 €', '13Â\xa0 €', '25Â\xa0 €', '24Â\xa0 €', '10Â\xa0 €', '6Â\xa0 €'];"['terrasse', 'karaoké', ""repas d'affaire"", 'facilité bébé', 'dîner spectacle', 'wifi', 'organisation de réception', 'restaurant végétarien', 'plat à emporter', 'jardin', 'animaux acceptés', 'restaurant végétalien', 'parking', 'Zone fumeur', 'restaurant repas de groupe', 'service continu', 'accès handicapés', 'Restaurants ', 'Terrains, clubs de golf ']";['Lundi', '12h00 - 16h00', 'Mardi', '12h00 - 16h00', 'Mercredi', '12h00 - 16h00', 'Jeudi', '12h00 - 16h00', 'Vendredi', '12h00 - 16h00', 'Samedi', '12h00 - 16h00', 'Dimanche', '12h00 - 16h00'];;
285;ALANA;15 rte Contamine;74130;FAUCIGNY;04 80 00 13 81;;;;;;;;;;;
286;Frecathy Sarl;384 rte Plage;74320;SEVRIER;09 67 29 84 27;;;;;;;;;;;
287;La petite blaitiere;22 chem Pied du Grépon;74400;CHAMONIX MONT BLANC;06 60 04 96 12;http://la-petite-blatiere-restauration-rapide-chamonix-mont-blanc.eatbu.com/?lang=fr;;;;;;;;['Lundi', '09h30 - 19h00', 'Mardi', '09h30 - 19h00', 'Mercredi', '09h30 - 19h00', 'Jeudi', '09h30 - 19h00', 'Vendredi', '09h30 - 19h00', 'Samedi', '09h30 - 19h00', 'Dimanche', '09h30 - 19h00'];;
288;Brasserie des Arts;2 r Arts;74200;THONON LES BAINS;04 50 71 78 07;www.facebook.com;;;;;;;['animaux acceptés', 'terrasse', 'parking', 'Zone fumeur', 'restaurant repas de groupe'];['Lundi', '11h45 - 14h30', 'Mardi', '11h45 - 14h30', 'Mercredi', '11h45 - 14h30', 'Jeudi', '11h45 - 14h30', 'Vendredi', '11h45 - 14h30', 'Samedi', '11h45 - 14h30', 'Dimanche'];;
289;Larc;26 r Arc en Ciel;74940;ANNECY LE VIEUX;09 66 98 97 61;http://www.hotel-arcenciel.net;;;;;;;['télévision', 'animaux acceptés', 'facilités bébé', 'parking', 'wifi', 'restaurant', 'Hôtels ', 'Restaurants '];;;
290;Sushi-Doki;10 r Fernand David;74160;SAINT JULIEN EN GENEVOIS;06 59 23 02 85;http://www.sushi-doki.com;;;;;;;;;;
291;Captain Pub;11 r Pont Morens;74000;ANNECY;04 50 45 79 80;http://www.captain-pub.fr;;;;;;;['Cafés, bars ', 'Restaurants '];['Lundi', '11h00 - 00h00', 'Mardi', '11h00 - 02h00', 'Mercredi', '11h00 - 02h00', 'Jeudi', '11h00 - 02h00', 'Vendredi', '11h00 - 00h00', 'Samedi', '11h00 - 02h00', 'Dimanche', '00h00 - 02h00'];;
292;Restaurant La Pagerie;12 r Libération;74240;GAILLARD;04 50 38 34 00;http://www.restaurant-lapagerie.com;;;cuisine française;5.0;"['Foie gras de canard français cuit à basse température, gelée de yuzu', 'Raviole de king crabe, émulsion de pois', ""Carré d'agneau"", 'Filet de boeuf simmementhal', 'Patchwork de fruits frais', 'Pomme caramélisée, confiture de lait']";['0\xa0 €', '0\xa0 €', '0\xa0 €', '0\xa0 €', '0\xa0 €', '0\xa0 €'];['21-30 euros ', 'Cuisine française '];['Lundi', 'Mardi', '19h00 - 22h00', 'Mercredi', '19h00 - 22h00', 'Jeudi', '19h00 - 22h00', 'Vendredi', '19h00 - 22h00', 'Samedi', '19h00 - 22h00', 'Dimanche'];;
293;Crazy Clock;49 bd Costa de Beauregard;74000;SEYNOD;09 71 21 25 04;www.facebook.com;;;;;;;;;;
294;Micheletto Pierre;11 rte Tremplin;74400;LES BOSSONS;09 60 52 35 19;;;;;;;;;;;
295;Le City;8 pl Aviateurs;74580;VIRY;04 50 74 31 26;http://www.leromanticaviry74.com;;;;;;;['crêperie', 'plat à emporter', 'jardin', 'animaux acceptés', 'terrasse', 'service continu', 'accès handicapés', 'climatisation'];['Lundi', 'Mardi', '10h00 - 21h30', 'Mercredi', '10h00 - 21h30', 'Jeudi', ' 10h00 - 21h30', 'Vendredi', '10h00 - 21h30', 'Samedi', '10h00 - 21h30', 'Dimanche'];46.117294;6.038018
296;IMMA;28 r Charles Feige;74120;MEGÈVE;04 50 21 22 44;http://www.lehiboublanc.fr;;;cuisine française;4.0;;;['animaux acceptés', 'terrasse', 'facilité bébé', 'service continu', 'brasserie'];['Lundi', '10h00 - 00h00', 'Mardi', 'Mercredi', 'Jeudi', '10h00 - 00h00', 'Vendredi', '10h00 - 00h00', 'Samedi', '10h00 - 00h00', 'Dimanche', '10h00 - 00h00'];;
297;Le Drugstore;66 rte Fruitière;74650;CHAVANOD;04 50 44 58 95;;;;;;;;['Magasins bio ', 'Restaurants '];['Lundi', '08h30 - 14h30', 'Mardi', '08h30 - 14h30', 'Mercredi', '08h30 - 14h30', 'Jeudi', '08h30 - 14h30', 'Vendredi', '08h30 - 14h30', '18h00 - 22h00', 'Samedi', '09h00 - 14h30', 'Dimanche'];;
298;FLEUR DES NEIGES SARL;228 Taille de Mas de Nant Crue;74110;MORZINE;04 50 79 01 23;http://www.hotel-fleur-des-neiges.fr;;;;;;;['télévision', 'animaux acceptés', 'hôtel avec piscine', 'salle de sport', 'facilités bébé', 'parking', 'hôtel spa', 'wifi', 'restaurant', 'Hôtels ', 'Restaurants '];;;
299;Good Morning Vietnam;4 r Pasteur;74200;THONON LES BAINS;04 50 76 20 08;http://good-morning-vietnam.business.site;;;;;;;['Asiatique ', 'Vietnamienne '];;;
300;Restaurant le Bistrot de Megève;76 r Charles Feige;74120;MEGÈVE;04 50 21 32 74;http://www.lebistrotdemegeve.com;;;;;;;['animaux acceptés', 'terrasse', 'restaurant repas de groupe', 'accès handicapés'];['Lundi', '12h00 - 15h00', '19h00 - 22h30', 'Mardi', '12h00 - 15h00', '19h00 - 22h30', 'Mercredi', '12h00 - 15h00', '19h00 - 22h30', 'Jeudi', '12h00 - 15h00', '19h00 - 22h30', 'Vendredi', '12h00 - 15h00', '19h00 - 22h30', 'Samedi', '12h00 - 15h00', '19h00 - 22h30', 'Dimanche', '12h00 - 15h00', '19h00 - 22h30'];;
301;Hotel Au Coeur De Megève;44 r Charles Feige;74120;MEGÈVE;04 50 21 25 30;http://www.coeurdemegeve.com/;;;;;;;['bar', 'télévision', 'animaux acceptés', 'facilités bébé', 'wifi', 'accès handicapé', 'coffre-fort', 'restaurant', 'Hôtels ', 'Restaurants '];;;
302;La Ciboulette;10 r Vaugelas;74000;ANNECY;04 50 45 74 57;http://www.laciboulette-annecy.com/indexUk.aspx;;;cuisine française;5.0;;;['animaux acceptés', 'terrasse', 'parking', 'gastronomique', 'restaurant repas de groupe', 'accès handicapés', 'wifi'];['Lundi', 'Mardi', '12h00 - 13h00', ' 19h30 - 21h00', 'Mercredi', '12h00 - 13h00', '19h30 - 21h00', 'Jeudi', '12h00 - 13h00', '19h30 - 21h00', 'Vendredi', '12h00 - 13h00', '19h30 - 21h00', 'Samedi', '12h00 - 13h00', '19h30 - 21h00', 'Dimanche'];;
303;Restaurant Le Moulin Du Pépé;1444 rte Albertville;74410;SAINT JORIOZ;04 50 51 06 60;www.campingeuropa.com;;;Restaurant savoyard;5.0;;;['cheminée', 'organisation de réception', 'plat à emporter', 'animaux acceptés', 'terrasse', 'parking', 'facilité bébé', 'restaurant repas de groupe', 'accès handicapés', 'Restaurants ', 'Campings ', 'Location de caravanes, de mobile homes '];;;
304;Fleur De Riz;12 r Granges;74200;THONON LES BAINS;04 50 81 91 07;http://www.fleurderiz.com;;;cuisine du monde;5.0;;;['plat à emporter'];['Lundi', 'Mardi', '12h00 - 14h00', '17h00 - 21h00', 'Mercredi', '12h00 - 14h00', '17h00 - 21h00', 'Jeudi', '12h00 - 14h00', '17h00 - 21h00', 'Vendredi', '12h00 - 14h00', '17h00 - 21h00', 'Samedi', '12h00 - 14h00', '17h00 - 21h00', 'Dimanche'];;
305;Free Wok;Galerie Marchande Les Sorbiers B 13 r Royale;74000;ANNECY;06 78 50 16 60;www.facebook.com;;;;;;;;['Lundi', 'Mardi', '18h00 - 22h30', 'Mercredi', '18h00 - 22h30', 'Jeudi', '18h00 - 22h30', 'Vendredi', '18h00 - 22h30', 'Samedi', '11h30 - 22h00', 'Dimanche', '18h00 - 22h00'];;
306;Le Jean-Jacques;27 r Jean Jacques Rousseau;74000;ANNECY;04 50 45 47 05;;;;Cuisine française;5.0;;;['Cuisine française '];['Lundi', '09h30 - 16h00', '18h00 - 22h00', 'Mardi', '09h30 - 16h00', '18h00 - 22h00', 'Mercredi', 'Jeudi', '09h30 - 16h00', '18h00 - 22h00', 'Vendredi', '09h30 - 16h00', '18h00 - 22h00', 'Samedi', '09h30 - 16h00', '18h00 - 22h00', 'Dimanche', '09h30 - 16h00', '18h00 - 22h00'];;
307;Altitude 1647;Beauregard;74220;LA CLUSAZ;04 50 02 44 00;www.altitude1647.com;;;;;;;['télévision', 'animaux acceptés', 'facilités bébé', 'parking', 'restaurant', 'Hôtels ', 'Restaurants '];;;
308;DELICES DES TERROIRS;37 av Loverchy;74000;ANNECY;04 50 45 82 65;http://lesmoustachesdezebulon.com;;;cuisine française;2.0;;;['pizzeria', 'plat à emporter', 'terrasse', 'parking', 'restaurant repas de groupe'];['Lundi', '12h00 - 14h00', '18h00 - 22h00', 'Mardi', '12h00 - 14h00', '18h00 - 22h00', 'Mercredi', '12h00 - 14h00', '18h00 - 22h00', 'Jeudi', '12h00 - 14h00', '18h00 - 22h00', 'Vendredi', '12h00 - 14h00', '18h00 - 22h00', 'Samedi', '18h00 - 22h00', 'Dimanche', '18h00 - 22h00'];;
309;Le Doxaty;4 r Faucille;74100;ANNEMASSE;04 50 84 12 32;www.facebook.com/ledoxaty;;;;;;;;;;
310;Le Fournil D'Or;21 Grande Rue;74300;CLUSES;09 72 86 69 36;;;;;;;;;;;
311;Chef à la Maison;833 rte Chef Lieu;74250;FILLINGES;06 49 41 60 83;;;;;;;;;;;
312;L'ETABLE DES COMPLICES;106 pl Hôtel de Ville;74130;BONNEVILLE;04 50 25 72 66;www.facebook.com;;;;;;;"['plat à emporter', 'animaux acceptés', 'terrasse', 'parking', ""repas d'affaire"", 'accès handicapés', 'wifi']";['Lundi', '07h00 - 16h00', 'Mardi', '07h00 - 16h00', 'Mercredi', '07h00 - 16h00', 'Jeudi', '07h00 - 16h00', 'Vendredi', '07h00 - 16h00', 'Samedi', 'Dimanche', '07h00 - 16h00'];;
313;Restaurant Lou Baitandys;224 rte Front de Neige;74260;LES GETS;04 50 79 74 34;;;;;;;;['animaux acceptés', 'terrasse', 'facilité bébé', 'restaurant repas de groupe'];['Lundi', '08h30 - 18h00', 'Mardi', '08h30 - 18h00', 'Mercredi', '08h30 - 18h00', 'Jeudi', '08h30 - 18h00', 'Vendredi', '08h30 - 18h00', 'Samedi', '08h30 - 18h00', 'Dimanche', '08h30 - 18h00'];;
314;PEKIN WOK;22 bd Pré Biollat;74200;ANTHY SUR LÉMAN;04 50 16 07 73;;;;;;;;;;;
315;La Régalade;45 r Centre;74140;DOUVAINE;04 50 95 66 94;;;;;;;;['plat à emporter'];['Lundi', '17h30 - 22h00', 'Mardi', '17h30 - 22h00\n ', 'Mercredi', '17h30 - 22h00', 'Jeudi', '17h30 - 22h00', 'Vendredi', '17h30 - 22h00', 'Samedi', '17h30 - 22h00', 'Dimanche', '17h30 - 22h00'];;
316;Le Pizz'ayez Pizzas A Emporter;Zone Industrielle De Findrol 175 rte Thonon;74250;FILLINGES;04 50 36 81 33;www.facebook.com;;;;;;;['pizzeria', 'plat à emporter'];['Lundi', '17h30 - 22h00', 'Mardi', '17h30 - 22h00', 'Mercredi', '17h30 - 22h00', 'Jeudi', 'Vendredi', '17h30 - 22h00', 'Samedi', '17h30 - 22h00', 'Dimanche', '17h30 - 22h00'];;
317;Restaurant La Boheme;97 pl Grenette;74450;LE GRAND BORNAND;04 50 02 27 93;http://www.legrandbornand.com/restaurant-la-boheme.html;;;cuisine française;1.0;;;['restaurant sans gluten', 'restaurant végétarien', 'plat à emporter', 'animaux acceptés', 'terrasse', 'parking', 'facilité bébé', 'restaurant repas de groupe', 'accès handicapés', 'climatisation'];['Lundi', '12h00 - 14h00', '19h00 - 22h00', 'Mardi', '12h00 - 14h00', '19h00 - 22h00', 'Mercredi', '12h00 - 14h00', '19h00 - 22h00', 'Jeudi', '12h00 - 14h00', '19h00 - 22h00', 'Vendredi', '12h00 - 14h00', '19h00 - 22h00', 'Samedi', '12h00 - 14h00', '19h00 - 22h00', 'Dimanche', '12h00 - 14h00', '19h00 - 22h00'];;
318;Dubos Thierry;298 r Faucigny;74490;SAINT JEOIRE;04 50 35 29 40;;;;;;;;['pizzeria', 'plat à emporter'];['Lundi', '18h00 - 22h00', 'Mardi', '18h00 - 22h00', 'Mercredi', '18h00 - 22h00', 'Jeudi', '18h00 - 22h00', 'Vendredi', '18h00 - 22h00', 'Samedi', '18h00 - 22h00', 'Dimanche'];;
319;Ternelia Entre Lac Et Montagnes;209 rte Champs Fleuris;74410;SAINT JORIOZ;04 50 77 72 11;lac-annecy-saint-jorioz.ternelia.com;;;;;;;"['aire de baignade', ""mur d'escalade"", 'terrain de basket-ball', 'Infrastructures de sports et loisirs ', 'Villages, clubs de vacances ', 'Terrains, clubs de tennis ', 'Hôtels ', 'Restaurants ', 'Organisation de séminaires, de congrès ']";['Lundi', '09h00 - 11h00', '17h00 - 19h00', 'Mardi', '09h00 - 11h00', '17h00 - 19h00', 'Mercredi', '09h00 - 11h00', '17h00 - 19h00', 'Jeudi', '09h00 - 11h00', '17h00 - 19h00', 'Vendredi', '09h00 - 12h00', '14h00 - 20h00', 'Samedi', '09h00 - 12h00', '14h00 - 20h00', 'Dimanche', '09h00 - 12h00', '14h00 - 20h00'];;
320;Idéal 1850;3001 rte Edmond De Rothschild;74120;MEGÈVE;04 50 21 31 26;http://montdarbois.edmondderothschildheritage.com/fr/restaurants/ideal-1850;;;;;;;['cheminée', 'terrasse', 'grill'];['Lundi', '19h30 - 21h30', 'Mardi', 'Mercredi', 'Jeudi', '19h30 - 21h30', 'Vendredi', '19h30 - 21h30', 'Samedi', '19h30 - 21h30', 'Dimanche', '19h30 - 21h30'];;
321;LE BXL;19 av Edouard André;74150;RUMILLY;09 86 46 03 37;;;;;;;;;;;
322;POIVRE et SEL;9 av Iles;74000;ANNECY;04 50 57 48 13;;;;cuisine française;5.0;;;['plat à emporter', 'animaux acceptés', 'terrasse', 'restaurant repas de groupe'];['Lundi', 'Mardi', '07h30 - 20h00', 'Mercredi', '07h30 - 20h00', 'Jeudi', '07h30 - 20h00', 'Vendredi', '07h30 - 20h00', 'Samedi', '09h00 - 18h00', 'Dimanche', '09h00 - 18h00'];;
323;F.W;19 av Petit Port;74000;ANNECY;04 50 52 49 43;;;;;;;;;;;
324;Les Montagnardes;r Grottes de Balme;74300;MAGLAND;09 66 83 39 56;www.cafedebalme.com;;;;;;;"['Poule au pot', ""architecte d'intérieur pour home staging"", ""agencement d'appartement"", 'Coq au vin', ""repas d'affaire"", 'Blanquette de veau', ""architecte d'intérieur designer"", 'Tartes', 'Desserts', 'Cuisine traditionnelle française', 'Bœuf bourguignon', 'Cours de cuisine', 'Café Balme', ""repas d'entreprises"", 'Pot-au-feu', 'Restaurants ', 'Vente, installation de cuisines ', ""Architectes d'intérieur "", 'Décorateurs ']";['Lundi', 'Mardi', '09h00 - 18h00', 'Mercredi', '09h00 - 18h00', 'Jeudi', '09h00 - 18h00', 'Vendredi', '09h00 - 18h00', 'Samedi', '09h00 - 18h00', 'Dimanche'];;
325;Camp De Base Café;av Mont Blanc;74190;PASSY;04 50 53 28 94;http://www.campdebasecafe.com;;;;;;;['saladerie', 'Traiteurs ', 'Restaurants '];['Lundi', '09h00 - 19h00', 'Mardi', '09h00 - 19h00', 'Mercredi', '09h00 - 19h00', 'Jeudi', '09h00 - 19h00', 'Vendredi', '09h00 - 19h00\n ', 'Samedi', '09h00 - 19h00', 'Dimanche'];;
326;Chalet des Marmottes;401 av Gare;74310;LES HOUCHES;06 51 22 41 05;http://aubergedelarve.eresto.net;;;;;;;;;;
327;Sushi-Doki;10 r Fernand David;74160;SAINT JULIEN EN GENEVOIS;06 59 23 02 85;http://www.sushi-doki.com;;;;;;;;;;
328;Le Chalet du Port;Lieu Dit Le Port 580 pro Philippe D'Orlye;74290;MENTHON SAINT BERNARD;04 50 60 05 83;business.google.com;;;Restaurant poisson;5.0;;;['restaurant végétarien', 'animaux acceptés', 'terrasse', 'parking', 'facilité bébé', 'restaurant repas de groupe', 'accès handicapés'];['Lundi', '09h00 - 22h00', 'Mardi', '09h00 - 22h00', 'Mercredi', '09h00 - 22h00', 'Jeudi', '09h00 - 22h00', 'Vendredi', '09h00 - 22h00', 'Samedi', '09h00 - 22h00', 'Dimanche', '09h00 - 22h00'];;
329;Hôtel Restaurant Le Kandahar;1620 rte Dranse;74390;CHÂTEL;04 50 73 30 60;http://hotelrestaurantlekandahar.site-solocal.com;;;;;;;['accès internet', 'accueil de jeune sportif', 'télévision', 'animaux acceptés', 'parking', 'facilités bébé', 'wifi', 'accueil de groupe sportif', 'restaurant', 'Hôtels ', 'Restaurants '];;;
330;Sushi Annemasse;8 av Pasteur;74100;ANNEMASSE;04 50 83 35 71;http://www.sushishop.fr;;;restaurant japonais;5.0;['Maki Thon (6 pièces)', 'Suny Roll (6 pièces)', 'Black Pepper', ' Tulip concombre cheese', 'Sashimi saumon (5 pièces)', 'Sashimi Mixte thon saumon (15 pièces)'];['4.90 €', '6.90 €', '3.50 €', '1.90 €', '5.50 €', '14.90 €'];['Asiatique ', 'Japonaise ', '21-30 euros '];['Lundi', '11h00 - 14h30', '18h00 - 23h00', 'Mardi', '11h00 - 14h30', '18h00 - 23h00', 'Mercredi', '11h00 - 14h30', '18h00 - 23h00\n ', 'Jeudi', '11h00 - 14h30', '18h00 - 23h00', 'Vendredi', '11h00 - 14h30', '18h00 - 23h00', 'Samedi', '12h00 - 15h30', '18h00 - 23h00', 'Dimanche', '12h00 - 15h00', '18h00 - 23h00'];;
331;Hostellerie du Lac;La Grande Rive 158 r Lac;74500;NEUVECELLE;04 50 75 02 92;http://www.hostellerie-du-lac.fr;;;;;;;['Parking', 'Piscine', 'Animaux acceptés', 'langues parlées : anglais, allemand', 'Climatisation', 'wi-fi', 'Hôtels ', 'Restaurants ', 'Bureaux de tabac '];['Lundi', '07h00 - 23h30', 'Mardi', '07h00 - 23h30', 'Mercredi', '07h00 - 23h30', 'Jeudi', '07h00 - 23h30', 'Vendredi', '07h00 - 23h30', 'Samedi', '07h00 - 23h30', 'Dimanche', '07h00 - 23h30'];;
332;La Bocca;232 rte Vonnes;74390;CHÂTEL;04 50 17 24 39;www.facebook.com;;;;;;;['plat à emporter', 'terrasse', 'parking', 'facilité bébé', 'wifi'];;;
333;Gusto E Basta;10 chem Moulins;74110;MORZINE;07 49 05 95 40;;;;;;;;['Pizzerias ', 'Restaurants '];;;
334;La Fruitière;823 all Recteur Payot;74400;CHAMONIX MONT BLANC;04 50 55 10 00;;;;;;['AUBERGINE À LA FLAMME', 'COEUR DE FAUX FILET AUX ÉPICES COMME UN CARPACCIO', 'ENTRECÔTE DE VEAU', 'FILET DE CANETTE', 'BOL DE RIZ SAUVAGE DE CAMARGUE', 'MINI RATATOUILLE CONFITE AU BASILIC'];['14\xa0 €', '18\xa0 €', '21\xa0 €', '19\xa0 €', '7\xa0 €', '7\xa0 €'];['31-45 euros '];;;
335;La Maison Des Bois - Marc Veyrat;Col de la Croix Fry;74230;MANIGOD;04 50 60 00 00;http://www.marc-veyrat.fr;;;;;;;['1 étoile ', 'Hôtels ', 'Restaurants '];['Lundi', 'Mardi', 'Mercredi', 'Jeudi', '19h15 - 21h00', 'Vendredi', '12h15 - 13h30', '19h15 - 21h00', 'Samedi', '12h15 - 13h30', '19h15 - 21h00', 'Dimanche', '12h00 - 13h30'];;
336;Hôtel Restaurant De La Plage;av Plage;74140;EXCENEVEX;04 50 72 81 12;http://hoteldelaplage-excenevex.com;;;;;;;['restaurant', 'Hôtels ', 'Restaurants '];['Lundi', '08h00 - 22h00', 'Mardi', '08h00 - 22h00', 'Mercredi', '08h00 - 22h00', 'Jeudi', '08h00 - 22h00', 'Vendredi', '08h00 - 22h00\n ', 'Samedi', '08h00 - 22h00', 'Dimanche', '08h00 - 22h00'];;
337;Pizza Fresca;15 r Granges;74200;THONON LES BAINS;04 50 71 38 47;http://www.pizza-fresca-thonon.fr;;;cuisine française;5.0;;;['pizzeria', 'plat à emporter', 'terrasse', 'parking', 'facilité bébé', 'restaurant repas de groupe', 'accès handicapés', 'wifi'];['Lundi', '11h00 - 13h30', '18h00 - 21h45', 'Mardi', '11h00 - 13h30', '18h00 - 21h45', 'Mercredi', '11h00 - 13h30', '18h00 - 21h45', 'Jeudi', '11h00 - 13h30', '18h00 - 21h45', 'Vendredi', '11h00 - 13h30', '18h00 - 21h45', 'Samedi', '11h00 - 13h30', '18h00 - 21h45', 'Dimanche'];;
338;Alpybieres;50 che Croix, Zone des Césardes;74600;SEYNOD;04 50 32 40 20;www.facebook.com/Alpybieres.annecy/;;;;;;;['Fabrication de bières ', 'Restaurants ', 'Pubs, bars à bière ', 'Cafés, bars ', 'Cavistes ', 'Boissons (fabrication, gros) '];['Lundi', '11h00 - 22h00', 'Mardi', '11h00 - 22h00', 'Mercredi', '11h00 - 22h00', 'Jeudi', '11h00 - 22h30', 'Vendredi', '10h00 - 23h00', 'Samedi', '10h00 - 23h00', 'Dimanche'];;
339;Nouch;2 r Collège Chapuisien;74000;ANNECY;06 81 16 31 05;;;;;;;;;;;
340;Leman Kid;1 imp Poudrière;74200;THONON LES BAINS;07 52 04 09 64;http://www.lemankid.fr;;;;;;;"['Cuisine française ', 'Restaurants ', ""Parcs d'attractions, de loisirs ""]";['Lundi', 'Mardi', 'Mercredi', '13h30 - 18h30', 'Jeudi', 'Vendredi', '16h00 - 18h00', 'Samedi', '10h00 - 18h30', 'Dimanche', '10h00 - 18h30'];;
341;Le Yeti;Les Carroz D Araches 247 rte Moulins;74300;ARÂCHES LA FRASSE;04 50 53 50 23;;;;;;;;;;;
342;Bella Vita;r Orme;74000;SEYNOD;04 50 01 50 50;http://bellavita-pizza-annecy.fr;;;;;;;['pizzeria'];;;
343;Kumo;65 r Carnot;74000;ANNECY;04 50 46 00 13;;;;;;;;['Asiatique ', 'Japonaise '];['Lundi', '08h30 - 20h00', 'Mardi', '08h30 - 20h00', 'Mercredi', '08h30 - 20h00', 'Jeudi', '08h30 - 20h00', 'Vendredi', '08h30 - 20h00', 'Samedi', '08h30 - 20h00', 'Dimanche'];45.904663;6.124184
344;Del Arte;65 r Carnot;74000;ANNECY;04 50 57 66 26;http://www.delarte.fr/restaurant-italien-pizzeria-annecy.html;;;;;;;['Pizzerias ', 'Restaurants '];['Lundi', '09h00 - 22h30', 'Mardi', '09h00 - 22h30', 'Mercredi', '09h00 - 22h30', 'Jeudi', '09h00 - 22h30', 'Vendredi', '09h00 - 22h30', 'Samedi', '09h00 - 22h30', 'Dimanche', '10h00 - 22h30'];;
345;Fred Pizzas;977 rte Salève;74560;MONNETIER MORNEX;06 99 43 05 36;www.facebook.com/pg/Fred-pizza-1523956661219272/about/?ref=page_internal;;;;;;;;['Lundi', 'Mardi', '18h00 - 21h00', 'Mercredi', '18h00 - 21h00', 'Jeudi', '18h00 - 21h00', 'Vendredi', '18h00 - 21h00', 'Samedi', '18h00 - 21h00', 'Dimanche', '18h00 - 21h00'];;
346;King Kebab;3 r Théâtre;74500;EVIAN LES BAINS;06 65 13 93 72;;;;;;;;;;;
347;Restaurant Du Chemin De Fer;1023 rte Gare;74140;SAINT CERGUES;04 50 43 51 32;;;;;;;;['Animaux acceptés', 'Parking', 'Zone Fumeur', 'Facilité bébé', 'Restaurant repas de groupes', 'Terrasse'];['Lundi', '12h00 - 14h00', '19h00 - 22h00', 'Mardi', 'Mercredi', 'Jeudi', '12h00 - 14h00', '19h00 - 22h00', 'Vendredi', '12h00 - 14h00', '19h00 - 22h00', 'Samedi', '12h00 - 14h00', '19h00 - 22h00', 'Dimanche', '12h00 - 14h00', '19h00 - 22h00'];;
348;La Fattoria;352 rte Chablais;74140;VEIGY FONCENEX;04 50 31 16 76;http://la-fattoria.blogspot.ch;;;;;;;"['pizzeria', 'plat à emporter', 'terrasse', ""repas d'affaire"", 'restaurant repas de groupe', 'accès handicapés']";['Lundi', 'Mardi', '12h00 - 14h00', '19h00 - 22h00', 'Mercredi', '12h00 - 14h00', '19h00 - 22h00', 'Jeudi', '12h00 - 14h00', '19h00 - 22h00', 'Vendredi', '12h00 - 14h00', '19h00 - 22h00', 'Samedi', '12h00 - 14h00', '19h00 - 22h00', 'Dimanche', '12h00 - 14h00', '19h00 - 22h00'];;
349;LE TREMPLIN THE PLACE TO BE;Hôtel Le Tremplin 166 Taille de Mas du Pleney;74110;MORZINE;04 50 83 15 59;http://www.hotel-tremplin.com;;;;;;;;;;
350;Chalet Kitchen;Les Flocons;74260;LES GETS;06 34 38 22 29;www.chaletkitchen.com;;;;;;;['Bourgogne ', 'Restaurant régional ', 'Livraison de repas ', 'Enfant ', 'Fait maison ', 'Menu de fêtes ', 'Menu végan ', 'Montagne ', 'Plat du jour ', 'Produit local ', 'Repas de fêtes '];;;
351;HOTEL ARBOISIE SAS;483 rte Gollet;74120;MEGÈVE;04 50 47 08 52;http://arboisie-megeve.com/nos-restaurants;;;;;;;"['Consigne à bagages', 'Journaux gratuits dans le hall', 'Nombre de salles de réunion : 5', 'Service de nettoyage à sec', 'Snack bar et/ou épicerie fine', 'Salle de fitness 24 heures sur 24', 'Forfait pour les remontées mécaniques disponibles', 'Réception ouverte 24 heures sur 24', 'Club pour enfants (gratuit)', 'Bar/salon', 'Bain à remous', 'Salles de réunion', 'Petit-déjeuner disponible (en supplément)', 'Navette vers les pistes', 'Piscine couverte', 'Accès direct aux pistes', 'Nombre de bâtiments : 1', 'Accès Internet Wi-Fi gratuit', ""Surface de l'espace conférence (pieds) : 70"", 'Piscine en plein air', ""Nombre d'étages : 5"", ""Baby-sitting ou garde d'enfants (supplément)"", 'Nombre de restaurants : 2', ""Surface de l'espace conférence (mètres) : 7"", 'Année de construction : 2007', 'Nombre total de chambres : 69', 'Coffre-fort à la réception', 'Laverie', 'Parking sans voiturier (payant)', 'Soins de remise en forme sur place', 'Terrasse', 'Sauna', 'Espace conférence', 'Navette gratuite pour les sites locaux', 'Spa à service complet', ""Centre d'affaires"", 'Local à skis', 'Ascenseur', 'Hammam', 'Hôtels ', 'Restaurants ']";;;
352;L B G 2;985 rte Bois Enclos;74100;JUVIGNY;04 50 74 61 39;;;;;;;;;;;
353;Les Carroz Domal;Chalet Des Molliets Molliets;74300;ARÂCHES LA FRASSE;04 50 90 05 09;http://www.chaletdesmolliets.fr;;;cuisine française;2.0;;;['animaux acceptés', 'grill', 'terrasse', 'parking', 'facilité bébé', 'restaurant repas de groupe'];['Lundi', '09h00 - 23h00', 'Mardi', '09h00 - 23h00', 'Mercredi', '09h00 - 23h00', 'Jeudi', '09h00 - 23h00', 'Vendredi', '09h00 - 23h00', 'Samedi', '09h00 - 23h00', 'Dimanche', '09h00 - 23h00'];;
354;La Becanerie;155 r Centre;74260;LES GETS;04 56 35 67 49;www.facebook.com;;;;;;;;;;
355;Restaurant le Bistrot de Megève;76 r Charles Feige;74120;MEGÈVE;04 50 21 32 74;http://www.lebistrotdemegeve.com;;;;;;;['animaux acceptés', 'terrasse', 'restaurant repas de groupe', 'accès handicapés'];['Lundi', '12h00 - 15h00', '19h00 - 22h30', 'Mardi', '12h00 - 15h00', '19h00 - 22h30', 'Mercredi', '12h00 - 15h00', '19h00 - 22h30', 'Jeudi', '12h00 - 15h00', '19h00 - 22h30', 'Vendredi', '12h00 - 15h00', '19h00 - 22h30', 'Samedi', '12h00 - 15h00', '19h00 - 22h30', 'Dimanche', '12h00 - 15h00', '19h00 - 22h30'];;
356;Auberge De Sulens;Grand Carré 74 rte Aiguille;74230;MANIGOD;04 50 44 97 52;www.manigod.com;;;;;;;['animaux acceptés', 'terrasse', 'facilité bébé', 'restaurant repas de groupe', 'accès handicapés'];;;
357;L'Asia;770 av Bonnatrait;74140;SCIEZ;04 50 72 60 30;http://www.restaurant-lasia.com;;;cuisine française;5.0;;;['terrasse', 'parking', 'facilité bébé', 'restaurant repas de groupe'];['Lundi', '19h00 - 22h30', 'Mardi', '12h00 - 14h00', '19h00 - 22h30', 'Mercredi', '12h00 - 14h00', '19h00 - 22h30', 'Jeudi', '12h00 - 14h00', '19h00 - 22h30', 'Vendredi', '12h00 - 14h00', '19h00 - 22h30', 'Samedi', '12h00 - 14h00', '19h00 - 22h30', 'Dimanche'];;
358;Hôtel Alizé;2 av Jean Léger;74500;EVIAN LES BAINS;04 50 75 49 49;http://www.hotel-alize-evian.com;;;;;;;['Résidences de tourisme, résidences hôtelières ', 'Hôtels ', 'Restaurants ', 'Organisation de séminaires, de congrès '];;;
359;LE YETI;le Badnay;74440;MORILLON;04 50 90 11 39;http://yeti-restaurant.fr;;;;;;;['plat à emporter', 'terrasse', 'restaurant repas de groupe', 'brasserie'];['Lundi', '12h00 - 14h00', '19h00 - 22h00', 'Mardi', '12h00 - 14h00', '19h00 - 22h00', 'Mercredi', '12h00 - 14h00', '19h00 - 22h00', 'Jeudi', '12h00 - 14h00', '19h00 - 22h00', 'Vendredi', '12h00 - 14h00', '19h00 - 22h00', 'Samedi', 'Dimanche'];;
360;Pizz'a Pietro;138 rte Thônes;74450;SAINT JEAN DE SIXT;04 50 02 73 90;;;;;;;;['pizzeria', 'plat à emporter'];['Lundi', '17h30 - 21h30', 'Mardi', '17h30 - 21h30', 'Mercredi', '17h30 - 21h30', 'Jeudi', '17h30 - 21h30', 'Vendredi', '17h30 - 21h30', 'Samedi', '17h30 - 21h30', 'Dimanche', '17h30 - 21h30'];;
361;June;4 r Marquisats;74000;ANNECY;04 50 52 06 35;;;;;;;;;;;
362;AU BORD DU THIOU;4 pl Saint François de Sales;74000;ANNECY;04 50 45 54 09;;;;cuisine française;1.0;;;['crêperie', 'animaux acceptés', 'terrasse', 'parking', 'facilité bébé', 'restaurant repas de groupe', 'accès handicapés'];['Lundi', '10h30 - 18h30', 'Mardi', 'Mercredi', '10h30 - 18h30', 'Jeudi', '10h30 - 18h30', 'Vendredi', '10h30 - 18h30', 'Samedi', '10h30 - 18h30', 'Dimanche', '10h30 - 18h30'];;
363;Restaurant Le Wetzet;360 chem Grangettes;74260;LES GETS;06 87 93 10 32;;;;;;;;['crêperie', 'animaux acceptés', 'terrasse', 'parking', 'Zone fumeur', 'facilité bébé', 'restaurant repas de groupe', 'accès handicapés'];;;
364;Le Vent Des Sables SAS;Chemin De La Plage  30 chem Galotte;74140;EXCENEVEX;04 50 72 37 81;http://www.leventdessables.com;;;restaurant de poisson;5.0;;;"['cheminée', 'jardin', 'terrasse', 'parking', ""repas d'affaire"", 'service continu', 'restaurant repas de groupe', 'accès handicapés', 'wifi', 'climatisation', 'brasserie']";['Lundi', '10h00 - 23h00', 'Mardi', '10h00 - 23h00', 'Mercredi', '10h00 - 23h00', 'Jeudi', '10h00 - 23h00\n ', 'Vendredi', '10h00 - 23h00', 'Samedi', '10h00 - 23h00', 'Dimanche', '10h00 - 23h00'];;
365;Restaurant le Cap Horn Lowi;80 r Moulins;74400;CHAMONIX MONT BLANC;04 50 21 80 80;http://www.caphorn-chamonix.com/en;;;cuisine française;4.0;"['Café gourmand', ""Profiterolles, glace vanille et sauce chocolat, comme vous n'avez jamais vu..."", ""Carpaccio de boeuf Wagyu, huile d'olive, salade de roquette et Parmesan"", 'Céviche, poisson mariné au citron vert, piment et oignons rouges', 'Filet de Dorade Bio à la Plancha, sauce vierge', 'Magret de Canard, sauce soja, fruits secs et riz basmati']";['8.5 €', '12 €', '15 €', '12 €', '24 €', '23 €'];['animaux acceptés', 'terrasse', 'facilité bébé', 'restaurant repas de groupe', 'accès handicapés'];['Lundi', '12h00 - 14h00', '19h00 - 22h30', 'Mardi', '12h00 - 14h00', '19h00 - 22h30', 'Mercredi', '12h00 - 14h00', '19h00 - 22h30', 'Jeudi', '12h00 - 14h00', '19h00 - 22h30', 'Vendredi', '12h00 - 14h00', '19h00 - 23h00', 'Samedi', '12h00 - 14h00', '19h00 - 23h00', 'Dimanche', '12h00 - 14h00', '19h00 - 22h30'];;
366;Résid.Hôtel Rent;531 rte Nationale;74120;MEGÈVE;04 50 91 19 19;http://www.hotelmegeve.com;;;;;;;['télévision', 'animaux acceptés', 'facilités bébé', 'parking', 'wifi', 'restaurant', 'Hôtels ', 'Restaurants '];;;
367;Tacosetco;3 av Vallées;74200;THONON LES BAINS;04 50 26 37 20;www.facebook.com;;;;;;;;;;
368;La Yourte;9 montée Calvaire;74120;MEGÈVE;04 50 53 54 15;www.facebook.com;;;;;;;;;;
369;Chez Ced;22 r Pont Neuf;74150;RUMILLY;09 50 98 20 18;www.facebook.com;;;;;['Oeuf basse température, sauce fromage, prosciutto San Daniele', 'Cari Poulet', 'Filet de Boeuf, champignons et pommes de terre, sauce champignon', 'Mi cuit chocolat et glace caramel'];['5\xa0 €', '12\xa0 €', '22\xa0 €', '6\xa0 €'];"['plat à emporter', 'restaurant traditionnel de viande', 'plat fait maison', 'possibilité de réservation', 'repas de groupe', ""restaurant traditionnel d'abats"", 'restaurant réunionnais']";;;
370;Aris;1608 rte Nationale;74120;MEGÈVE;09 63 22 57 59;http://rakuichi.eu;;;;;;;['Asiatique ', 'Japonaise ', '16-20 euros ', 'Restauration rapide '];;;
371;Pizz And Co;all Larry;74200;MARIN;04 50 71 48 74;http://pizzco.fr;;;;;;;;;;
372;Sas 42jr;15 rte Jaillet;74120;MEGÈVE;04 50 18 50 30;www.facebook.com;;;;;;;;;;
373;Ferme de la Charbonnierre;Col Bluffy 1539 rte Thônes;74290;MENTHON SAINT BERNARD;04 50 02 82 59;http://www.lafermedelacharbonniere.com;;;;;;;['Fabrication de fromages ', 'Agriculteurs ', 'Charcuteries ', 'Fromageries ', 'Restaurants '];;;
374;AU COCHON DES NEIGES H.F.A.;résid Granges 21 rte Confins;74220;LA CLUSAZ;04 50 02 62 62;www.facebook.com;;;;;;;['animaux acceptés', 'terrasse', 'parking', 'facilité bébé', 'restaurant repas de groupe'];['Lundi', '12h00 - 14h00', '19h00 - 22h00', 'Mardi', 'Mercredi', 'Jeudi', '12h00 - 14h00', '19h00 - 22h00', 'Vendredi', '12h00 - 14h00', '19h00 - 22h00', 'Samedi', '12h00 - 14h00', '19h00 - 22h00', 'Dimanche', '12h00 - 14h00', '19h00 - 22h00'];;
375;Tandoori Corner;5 r Alfred Bastin;74100;ANNEMASSE;04 50 80 12 81;;;;;;;;;;;
376;3BFOOD;8 r Egalité;74800;LA ROCHE SUR FORON;04 50 07 08 14;;;;;;;;;;;
377;LA CARLINE;Mairie;74440;MORILLON;04 50 90 37 56;www.facebook.com;;;restaurant savoyard;5.0;;;['animaux acceptés', 'terrasse', 'parking', 'facilité bébé', 'restaurant repas de groupe'];['Lundi', '12h00 - 14h00', '19h00 - 21h00', 'Mardi', '12h00 - 14h00', '19h00 - 21h00', 'Mercredi', ' 12h00 - 14h00', '19h00 - 21h00', 'Jeudi', '12h00 - 14h00', '19h00 - 21h00', 'Vendredi', '12h00 - 14h00', '19h00 - 21h00', 'Samedi', '12h00 - 14h00', '19h00 - 21h00', 'Dimanche', '12h00 - 14h00', '19h00 - 21h00'];;
378;Marscott;182 rte Edmond De Rothschild;74120;MEGÈVE;09 66 96 38 71;;;;;;;;;;;
379;Le Serasson;Lieu Dit les Tendues Praz sur Arly;74120;PRAZ SUR ARLY;06 47 40 51 69;;;;;;;;['terrasse', 'restaurant repas de groupe'];;;
380;Hôtel Restaurant La Croix de Savoie & Spa SOC NOUVELLE LA CROIX DE SAVOIE;768 rte Pernand;74300;ARÂCHES LA FRASSE;04 50 90 00 26;http://www.lacroixdesavoie.fr;;;;;;;"['ascenseur', 'télévision', 'conciergerie', 'transfert aéroport', 'chambre avec terrasse', 'séminaire', 'service en chambre', 'wifi', 'hammam', 'coffre-fort', 'sauna', 'bar', 'demi-pension', 'transfert gare', 'organisation de réception', 'jardin', ""ouvert toute l'année"", 'pension complète', 'animaux acceptés', 'parking', 'facilités bébé', 'hôtel spa', 'accès handicapé', 'restaurant', 'Hôtels ', 'Restaurants ']";;;
381;Avia;aut A40;74520;VALLEIRY;04 50 04 38 49;http://www.avia-france.fr/no/reseau/les-stations-service-avia-en-france.html;;;;;;;['espace alimentation', 'station de gonflage de pneu', 'toilettes', 'piste poids-lourds', 'petite restauration', 'douche', 'facilité pour bébé', 'GPL', 'Stations-service ', 'Restaurants '];;;
382;New Asian SARL;13 r Esserts;74100;VILLE LA GRAND;04 50 39 65 08;www.facebook.com;;;;;;;"['organisation de réception', 'restaurant végétarien', 'plat à emporter', 'animaux acceptés', 'parking', ""repas d'affaire"", 'facilité bébé', 'restaurant repas de groupe', 'restaurant halal', 'accès handicapés', 'climatisation']";['Lundi', 'Mardi', '12h00 - 14h30', '19h00 - 23h00', 'Mercredi', '12h00 - 14h30', '19h00 - 23h00', 'Jeudi', '12h00 - 14h30', '19h00 - 23h00', 'Vendredi', '12h00 - 14h30', '19h00 - 23h00', 'Samedi', '12h00 - 14h30', '19h00 - 23h00', 'Dimanche', '12h00 - 14h30', '19h00 - 23h00'];;
383;Hôtel Castellan;Ascenseur Hotel 324 rte Bechigne;74390;CHÂTEL;04 50 17 22 10;http://www.lecastellan.com;;;;;;;['bar', 'demi-pension', 'télévision', 'pension complète', 'animaux acceptés', 'facilités bébé', 'parking', 'chambre communicante', 'séminaire', 'wifi', 'accès handicapé', 'restaurant', 'Hôtels ', 'Restaurants '];;;
384;Hôtel la Villa du Lac;12 rte Tournette;74290;VEYRIER DU LAC;04 50 60 10 06;http://lemanoirdulac.site-solocal.com;;;;;"['Croustillant de Reblochon', 'Reblochonnade de st jacques', ""Carré d'agneau rôti au thym frais"", 'Filet de Perche frais Meunière', ""Carpaccio d'ananas à la menthe fraîche et son sorbet citron frais"", 'Fondant au chocolat du Chef et sa glace vanille Bourbon']";['13\xa0 €', '18\xa0 €', '25\xa0 €', '23\xa0 €', '8\xa0 €', '10\xa0 €'];['terrasse', 'facilité bébé', 'Restaurants ', 'Hôtels '];;;
385;MCDONALD'S GPP;r René Cassin;74240;GAILLARD;04 50 82 74 22;http://mcdonalds-environnement.fr;;;;;;;['burger', 'Restauration rapide ', 'Restaurants '];[];;
386;Restaurant le Vieux Mazot;690 rte Chaine D'Or;74490;SAINT JEOIRE;04 50 36 61 37;www.le-vieux-mazot.fr;;;;;;;['terrasse', 'parking', 'facilité bébé', 'restaurant repas de groupe'];;;
387;Asia fusion;50 av Genève;74200;THONON LES BAINS;04 58 66 11 22;http://www.asiafusion.fr;;;;;;;;['Lundi', '12h00 - 14h00', '19h00 - 22h00', 'Mardi', 'Mercredi', '12h00 - 14h00', '19h00 - 22h00', 'Jeudi', '12h00 - 14h00', '19h00 - 22h00', 'Vendredi', '12h00 - 14h00', '19h00 - 23h00', 'Samedi', '12h00 - 14h00', '19h00 - 23h00', 'Dimanche', '12h00 - 14h00', '19h00 - 22h00'];;
388;Hôtel restaurant l'Edelweiss;Col de la Forclaz Montmin;74210;TALLOIRES MONTMIN;04 50 60 70 24;www.edelweiss74.com;;;Restaurant français;5.0;;;"['Produits frais', 'Hôtel', 'Service événementiel', 'repas de mariage', 'Terrasse', ""repas d'anniversaire"", ""Repas d'anniversaire, de mariage"", 'Restaurants ', 'Hôtels ']";['Lundi', ' 08h00 - 23h00', 'Mardi', '08h00 - 23h00', 'Mercredi', '08h00 - 23h00', 'Jeudi', '08h00 - 23h00', 'Vendredi', '08h00 - 23h00', 'Samedi', '08h00 - 23h00', 'Dimanche', '08h00 - 23h00'];45.809584;6.245711
389;La Taillanderie;304 rte du Thovey;74210;GIEZ;04 50 02 53 84;www.lataillanderie.fr;;;;;;;['desserts', 'menu', 'sélection de fromages du moment'];['Lundi', '11h45 - 16h00', '19h00 - 21h30', 'Mardi', '11h45 - 16h00', '19h00 - 21h30', 'Mercredi', '11h45 - 16h00', '19h00 - 21h30', 'Jeudi', '11h45 - 16h00', '19h00 - 21h30', 'Vendredi', '11h45 - 16h00', '19h00 - 21h30', 'Samedi', '11h45 - 16h00', '19h00 - 21h30', 'Dimanche', '11h45 - 16h00'];;
390;La Table;Hotel Ermitage 1230 av du Léman Neuvecelle;74500;EVIAN LES BAINS;04 50 26 85 54;www.hotel-ermitage-evian.com;;;;;;;['salle de sport', 'accès pour les personnes à mobilité réduite', 'parking', 'wi-fi', 'hammam', 'télévision', 'sauna', 'jardin', 'climatisation', 'jeux pour enfants', 'restaurant', 'spa', 'accueil bébé', 'animaux acceptés', 'piscine'];;;
391;Le Regal;100 av St Martin;74700;SALLANCHES;04 56 12 33 19;;;;;;;;;;;
392;Restaurant Les Copeaux;610 R Centre 28 rte Benevy;74260;LES GETS;04 50 79 78 50;;;;;;;;;['Lundi', '12h00 - 15h00', '19h00 - 23h00', 'Mardi', '12h00 - 15h00', '19h00 - 23h00', 'Mercredi', '12h00 - 15h00', '19h00 - 23h00', 'Jeudi', '12h00 - 15h00', '19h00 - 23h00', 'Vendredi', '12h00 - 15h00', '19h00 - 23h00', 'Samedi', '12h00 - 15h00', '19h00 - 23h00', 'Dimanche', '12h00 - 15h00', ' 19h00 - 23h00'];;
393;Le Punjabi SARL;Im Le Sarde 10 pl Hôtel de Ville;74140;DOUVAINE;04 50 39 96 87;http://www.restaurant-punjabi.com;;;;;;;['Épiceries fines ', 'Restaurants '];['Lundi', '19h00 - 23h00', 'Mardi', '19h00 - 23h00', 'Mercredi', '19h00 - 23h00', 'Jeudi', '19h00 - 23h00', 'Vendredi', '12h00 - 14h00', '19h00 - 23h00', 'Samedi', '12h00 - 14h00', '19h00 - 23h00', 'Dimanche', '12h00 - 14h00', '19h00 - 23h00'];;
394;Crescendo Restauration;Ccal Carrefour 1751 av Genève;74700;SALLANCHES;04 50 93 98 94;http://www.crescendo-restauration.fr/restaurant-sallanches-10.html;;;;;;;['animaux acceptés', 'terrasse', 'parking', 'facilité bébé', 'restaurant repas de groupe', 'accès handicapés', 'climatisation', 'wifi'];['Lundi', '08h30 - 21h30', 'Mardi', '08h30 - 21h30', 'Mercredi', '08h30 - 21h30', 'Jeudi', '08h30 - 21h30', 'Vendredi', '08h30 - 21h30', 'Samedi', '08h30 - 21h30', 'Dimanche', '08h30 - 21h30'];;
395;Very Pizza;1 r Hauteville;74150;RUMILLY;04 50 18 83 71;;;;;;;;;;;
396;Aux Ducs de Savoie;Hôtel Les Ducs De Savoie r 23 Juillet 1944;74500;SAINT GINGOLPH;04 50 76 73 09;http://www.auxducsdesavoie.fr;;;cuisine française;2.0;;;['animaux acceptés', 'terrasse', 'parking', 'gastronomique', 'facilité bébé', 'restaurant repas de groupe', 'wifi'];['Lundi', 'Mardi', 'Mercredi', '12h00 - 14h00', '19h00 - 21h00', 'Jeudi', '12h00 - 14h00', '19h00 - 21h00', 'Vendredi', '12h00 - 14h00', '19h00 - 21h00', 'Samedi', '12h00 - 14h00', '19h00 - 21h00', 'Dimanche', '12h00 - 14h00'];;
397;Au Petit Bonheur;125 Leschaux;74360;VACHERESSE;04 50 81 17 70;http://chesselsimone.site-solocal.com;;;;;;;"[""Chambres d'hôtes "", 'Restaurants ']";;;
398;Restaurant L'Incandescent Rôtissier;4 fbg Ste Claire;74000;ANNECY;04 50 63 96 23;facebook.com;;;;;;;;;;
399;L'Assiette Dans Les Nuages;8 r Baronnet;74000;ANNECY;04 50 33 56 71;http://lassiettedanslesnuagesannecy.business.site;;;;;;;;['Lundi', '11h30 - 14h00', 'Mardi', '11h30 - 14h00', 'Mercredi', '11h30 - 14h00', 'Jeudi', '11h30 - 14h00\n ', 'Vendredi', '11h30 - 14h00', 'Samedi', 'Dimanche'];45.910065;6.139246
400;Restaurant L'aquarama;227 rte Ponton;74210;TALLOIRES MONTMIN;04 50 51 90 19;http://www.restaurant-aquarama.com;;;;;;;;;;
401;La Case A Pizza;Le Mont Blanc 31 av Sardagne;74300;CLUSES;04 50 58 60 17;http://www.caseapizza.fr;;;restaurant italien;5.0;;;['pizzeria', 'plat à emporter', 'Vin italien', 'animaux acceptés', 'parking', 'Pizza à emporter', 'Dessert « fait maison »', 'Bruschetta', 'accès handicapés', 'Commande par téléphone au 04 50 58 60 17 ou sur place', 'Restaurants ', 'Pizzas à emporter '];['Lundi', 'Mardi', '17h30 - 21h30', 'Mercredi', '17h30 - 21h30', 'Jeudi', '17h30 - 21h30', 'Vendredi', '11h30 - 13h30', '17h30 - 21h30', 'Samedi', '11h30 - 13h30', '17h30 - 21h30', 'Dimanche', '17h30 - 21h30'];;
402;O'padcha;lieu dit Chavanette - Mur Suisse  Avoriaz;74110;MORZINE;06 80 95 96 04;facebook.com/opadcha;;;;;;;['Bourgogne ', 'Bar à salade ', 'Burger ', 'Grill ', 'Restaurant savoyard '];;;
403;Restaurant Le Midi;15 r Montréal;74100;VILLE LA GRAND;04 50 92 47 37;;;;brasserie;5.0;;;"['animaux acceptés', 'terrasse', 'parking', ""repas d'affaire"", 'restaurant repas de groupe', 'restaurant halal', 'climatisation', 'brasserie']";['Lundi', '06h00 - 16h00', 'Mardi', '06h00 - 16h00', 'Mercredi', '06h00 - 16h00', 'Jeudi', '06h00 - 16h00', 'Vendredi', '06h00 - 16h00', 'Samedi', 'Dimanche'];;
404;Camping Europa;1444 rte Albertville;74410;SAINT JORIOZ;04 50 68 51 01;www.campingeuropa.com;;;Restaurant savoyard;5.0;;;['cheminée', 'organisation de réception', 'plat à emporter', 'animaux acceptés', 'terrasse', 'parking', 'facilité bébé', 'restaurant repas de groupe', 'accès handicapés', 'Restaurants ', 'Campings ', 'Location de caravanes, de mobile homes '];;;
405;Restaurant La Rebloche;94 chem Tête de Romme;74300;NANCY SUR CLUSES;04 50 89 24 86;http://www.larebloche.eresto.net;;;;;;;['Cafés, bars ', 'Restaurants '];;;
406;Kheops Pizza;16 av Genève;74000;ANNECY;04 50 57 78 46;;;;;;;;;;;
407;Chai Guillaume;301 r Joseph Vallot;74400;CHAMONIX MONT BLANC;06 18 39 00 02;http://www.chai-guillaume.com;;;;;;;;;;
408;La Source à Pizza;Les Faverges 51 rte Sources;74500;SAINT PAUL EN CHABLAIS;04 50 71 45 50;http://www.lasourceapizza.com;;;;;;;['Pizzerias ', 'Restaurants '];['Lundi', 'Mardi', '18h00 - 21h30', 'Mercredi', '18h00 - 21h30', 'Jeudi', '18h00 - 21h30', 'Vendredi', '18h00 - 21h30', 'Samedi', '18h00 - 21h30', 'Dimanche', '18h00 - 21h30'];;
409;Au Maya;4662 rte Nationale 203;74800;ETEAUX;04 50 97 10 79;;;;;;;;['animaux acceptés', 'terrasse', 'parking', 'facilité bébé', 'restaurant repas de groupe'];['Lundi', '12h00 - 14h00', '19h00 - 22h00', 'Mardi', '12h00 - 14h00', '19h00 - 22h00', 'Mercredi', '12h00 - 14h00', '19h00 - 22h00', 'Jeudi', '12h00 - 14h00', '19h00 - 22h00', 'Vendredi', '12h00 - 14h00', '19h00 - 22h00', 'Samedi', '12h00 - 14h00', 'Dimanche'];;
410;Le Super Gets;imm Orée Des Pistes 122 chem Carry;74260;LES GETS;04 50 75 31 52;http://www.lesgets.com/le-super-gets.html;;;;;;;['Cafés, bars ', 'Restaurants '];['Lundi', '09h00 - 12h00', 'Mardi', '09h00 - 12h00', 'Mercredi', '09h00 - 12h00', 'Jeudi', '09h00 - 12h00', 'Vendredi', '09h00 - 12h00', '16h00 - 19h00', 'Samedi', '09h00 - 12h00', '16h00 - 19h00', 'Dimanche', '08h30 - 12h00', '17h00 - 19h00'];;
411;Croc Pizza;4 av Jean Léger;74500;EVIAN LES BAINS;04 50 75 93 04;www.crocpizza.com;;;;;;;['pizzeria', 'animaux acceptés', 'terrasse', 'parking', 'facilité bébé', 'restaurant repas de groupe', 'accès handicapés', 'climatisation'];['Lundi', '18h00 - 22h00', 'Mardi', '18h00 - 22h00', 'Mercredi', '18h00 - 22h00', 'Jeudi', 'Vendredi', '18h00 - 22h00', 'Samedi', '18h00 - 22h00', 'Dimanche', '18h00 - 22h00'];;
412;La Glacière;rte Solaison;74130;BRIZON;04 50 96 93 54;;;;;;;;;;;
413;Auberge Camélia;406 rte Villaz;74570;AVIERNOZ;04 50 22 44 24;www.hotelcamelia.com;;;;;;;['bar', 'animaux acceptés', 'parking', 'chambre double', 'wifi', 'Hôtels ', 'Restaurants '];['Lundi', '12h00 - 14h00', 'Mardi', '12h00 - 14h00', '19h30 - 21h30', 'Mercredi', '12h00 - 14h00', '19h30 - 21h30', 'Jeudi', '12h00 - 14h00', '19h30 - 21h30', 'Vendredi', '12h00 - 14h00', '19h30 - 21h30', 'Samedi', '12h00 - 14h00', '19h30 - 21h30', 'Dimanche', '12h00 - 14h00'];;
414;L'Abreuvoir;Vonnes;74390;CHÂTEL;04 50 73 24 89;http://info.chatel.com/l-abreuvoir-en.html;;;;;;;['terrasse', 'parking', 'facilité bébé', 'restaurant repas de groupe'];['Lundi', 'Mardi', '12h00 - 13h30', '19h00 - 21h00', 'Mercredi', '12h00 - 13h30', '19h00 - 21h00', 'Jeudi', '12h00 - 13h30', '19h00 - 21h00', 'Vendredi', '12h00 - 13h30', '19h00 - 21h00', 'Samedi', '12h00 - 13h30', '19h00 - 21h00', 'Dimanche', '12h00 - 13h30', '19h00 - 21h00'];;
415;3BFOOD;8 r Egalité;74800;LA ROCHE SUR FORON;04 50 07 08 14;;;;;;;;;;;
416;Anghelone Démétrio;105 av Industrie;74970;MARIGNIER;04 50 34 85 22;;;;;;;;;;;
417;INNOCENTI SARL;36 rte Sallanches;74920;COMBLOUX;04 50 90 16 27;http://www.pizzeria-innocenti-combloux.fr;;;;;;;['Épiceries fines ', 'Restaurants '];;;
418;Bar Restaurant le Grand Cry;4020 rte Chavannes;74260;LES GETS;04 50 79 72 97;http://www.le-grand-cry.com/index.html;;;;;;;['animaux acceptés', 'terrasse', 'facilité bébé'];;;
419;Select Pizza;3 pl Annapurna;74000;ANNECY;04 50 09 87 15;;;;;;;;['parking'];['Lundi', 'Mardi', '11h00 - 13h00', '18h00 - 21h30', 'Mercredi', '11h00 - 13h00', '18h00 - 21h30', 'Jeudi', '11h00 - 13h00', '18h00 - 21h30', 'Vendredi', '11h00 - 13h00', '18h00 - 21h30', 'Samedi', '11h00 - 13h00', '18h00 - 21h30', 'Dimanche', '18h00 - 21h00'];;
420;La Tour de Pizz;32 r Ravier;74100;AMBILLY;09 86 32 64 83;www.facebook.com;;;;;;;['pick up'];['Lundi', 'Mardi', '11h00 - 14h30', '18h00 - 23h30', 'Mercredi', '11h00 - 14h30', '18h00 - 23h30', 'Jeudi', '11h00 - 14h30', '18h00 - 23h30', 'Vendredi', '11h00 - 14h30', ' 18h00 - 23h30', 'Samedi', '11h00 - 14h30', '18h00 - 23h30', 'Dimanche', '18h00 - 23h30'];;
421;La Vaudaire;3 pl Port;74500;EVIAN LES BAINS;04 50 75 53 49;;;;;;;;;['Lundi', '07h00 - 19h30', 'Mardi', 'Mercredi', 'Jeudi', '07h00 - 19h30', 'Vendredi', '07h00 - 19h30', 'Samedi', '07h00 - 19h30', 'Dimanche', '07h00 - 19h30'];;
422;Restaurant le Fangle;Avoriaz;74110;MORZINE;04 50 74 02 24;www.facebook.com;;;cuisine française;5.0;;;['animaux acceptés', 'terrasse'];;;
423;L'Eridan;Quai Isle 4 quai Evéché;74000;ANNECY;04 50 45 77 77;;;;cuisine française;5.0;;;['terrasse', 'Zone fumeur', 'restaurant repas de groupe'];['Lundi', '12h00 - 14h30', '18h30 - 22h00', 'Mardi', '12h00 - 14h30', '18h30 - 22h00', 'Mercredi', '12h00 - 14h30', '18h30 - 22h00', 'Jeudi', '12h00 - 14h30', '18h30 - 22h00', 'Vendredi', '12h00 - 14h30', '18h30 - 22h00', 'Samedi', '12h00 - 14h30', '18h30 - 22h00', 'Dimanche', '12h00 - 14h30', '18h30 - 22h00'];;
424;Crêperie du Lutin;5 r Monnaie;74500;EVIAN LES BAINS;04 50 75 68 76;;;;cuisine française;5.0;;;['animaux acceptés', 'terrasse'];;;
425;King Marcel La Clusaz;16 r Eglise;74220;LA CLUSAZ;04 50 32 21 45;restaurant.kingmarcel.fr;;;;;;;['Espace Fidélité', 'Click and Collect', 'Nos Engagements', 'Commandez en ligne', 'NOS BURGERS F(R)AIS MAISON', 'PETITES FAIMS', 'NOS SALADES', 'NOS FORMULES', 'Restaurants ', 'Restauration rapide '];['Lundi', '11h30 - 14h30', '18h00 - 22h00', 'Mardi', '11h30 - 14h30', '18h00 - 22h00', 'Mercredi', '11h30 - 14h30', '18h00 - 22h00', 'Jeudi', '11h30 - 14h30', '18h00 - 22h00', 'Vendredi', '11h30 - 14h30', ' 18h00 - 22h00', 'Samedi', '11h30 - 14h30', '18h00 - 22h00', 'Dimanche', '11h30 - 14h30', '18h00 - 22h00'];45.905299;6.423517
426;Le Central LE CENTRAL PALACE;1 r Clefs;74230;THÔNES;04 50 02 00 04;www.facebook.com;;;;;;;['plat à emporter', 'terrasse', 'restaurant repas de groupe'];['Lundi', '06h30 - 01h00', 'Mardi', '06h30 - 01h00', 'Mercredi', '06h30 - 01h00\n ', 'Jeudi', '06h30 - 01h00', 'Vendredi', '06h30 - 01h00', 'Samedi', '06h30 - 01h00', 'Dimanche', '08h00 - 01h00'];;
427;La Pizza;4 pl Charles de Gaulle;74500;EVIAN LES BAINS;04 50 75 05 36;http://www.lapizzaevian.com;;;cuisine française;5.0;['Foie gras maison et toasts chaud (70g)', 'Salade de tomates et mozzarella', 'Filet de boeuf sauce au choix (200gr) VDF', 'Filet de truite rose frais', 'Fondant au chocolat au coeur de Toblerone', 'Tarte aux pommes et chantilly'];['16\xa0 €', '10\xa0 €', '26.5\xa0 €', '18\xa0 €', '7.5\xa0 €', '7.5\xa0 €'];"['pizzeria', 'plat à emporter', 'animaux acceptés', 'terrasse', 'parking', ""repas d'affaire"", 'facilité bébé', 'restaurant repas de groupe', 'accès handicapés', 'wifi', 'climatisation']";['Lundi', '12h00 - 14h00', '19h00 - 23h00', 'Mardi', 'Mercredi', '12h00 - 14h00', '19h00 - 23h00', 'Jeudi', '12h00 - 14h00', '19h00 - 23h00', 'Vendredi', '12h00 - 14h00', '19h00 - 23h00', 'Samedi', '12h00 - 14h00', '19h00 - 23h00', 'Dimanche', '12h00 - 14h00', '19h00 - 23h00'];;
428;Hôtel Mercure Annecy Sud;76 av Aix les Bains;74600;SEYNOD;04 50 52 09 66;http://www.accorhotels.com/fr/hotel0340hotelmercureannecysud/index.shtml;;;;;;;['ascenseur', 'parking', 'chambre communicante', 'wifi', 'coffre-fort', 'Hôtels ', 'Restaurants '];;;
429;LE FRETI;12 r Ste Claire;74000;ANNECY;04 50 51 29 52;www.lefreti.fr;;;;;;;"['Abondance ', 'Beaufort ', 'Fromage blanc ', 'Fromage de brebis ', 'Fromage de chèvre ', 'Fromage de savoie ', 'Fromage roquefort ', 'Gruyère ', 'Lait cru ', 'Reblochon ', 'Tomme de savoie ', ""Bleu d'auvergne "", 'Fromage suisse ', 'Vacherin ', 'Fromageries ', 'Restaurants ']";;;
430;Mapp Manufacture Amicale Pasta Pizza;Metz Tessy la Ravoire;74330;EPAGNY METZ TESSY;04 50 60 76 87;http://www.mapp-restaurant.com;;;;;;;['terrasse', 'parking', 'wifi'];['Lundi', '07h30 - 14h00', 'Mardi', '07h30 - 14h00', 'Mercredi', '07h30 - 14h00', 'Jeudi', '07h30 - 14h00', 'Vendredi', '07h30 - 14h00', 'Samedi', 'Dimanche'];;
431;L'Evenement Gourmand;St Cergues 577 rte Framboises;74140;MACHILLY;04 50 31 22 13;http://www.saint-cergues.fr/Evenements-Gourmands;;;;;;;;;;
432;Chalet Hôtel Le Chasse Montagne;Les Folliets 2296 rte Chavannes;74260;LES GETS;04 50 75 55 51;http://www.lechassemontagne.com;;;;;;;['télévision', 'jardin', 'animaux acceptés', 'facilités bébé', 'parking', 'hôtel spa', 'wifi', 'restaurant', 'Hôtels ', 'Restaurants '];;;
433;Very Pizza;1 r Hauteville;74150;RUMILLY;04 50 18 83 71;;;;;;;;;;;
434;Bistrot Le Cousin Michel;3 r Italiens;74200;THONON LES BAINS;04 50 81 18 35;www.facebook.com;;;;;;;;;;
435;La Covagne;4740 Col du Corbier;74430;LE BIOT;04 50 71 78 24;www.facebook.com;;;;;;;;;;
436;La Coquelle;538 r Lyret;74400;CHAMONIX MONT BLANC;04 50 18 50 73;;;;cuisine française;1.0;;;['21-30 euros ', 'Cuisine française ', 'Restaurant savoyard '];['Lundi', '10h00 - 22h00', 'Mardi', '10h00 - 22h00', 'Mercredi', '10h00 - 22h00', 'Jeudi', '10h00 - 22h00', 'Vendredi', '10h00 - 22h00', 'Samedi', '10h00 - 22h00', 'Dimanche', '10h00 - 22h00'];;
437;La Bergerie;15 rte Confins;74220;LA CLUSAZ;04 50 02 63 40;www.facebook.com;;;;;;;['animaux acceptés', 'terrasse'];['Lundi', '10h00 - 22h00', 'Mardi', 'Mercredi', '10h00 - 22h00', 'Jeudi', '10h00 - 22h00', 'Vendredi', ' 10h00 - 22h00', 'Samedi', '10h00 - 22h00', 'Dimanche', '10h00 - 22h00'];;
438;Pizza Pepone;10 av Gambetta;74000;ANNECY;04 50 09 25 09;;;;;;;;['pizzeria', 'Restaurants ', 'Pizzas à emporter '];;;
439;La Ferme De  L'Hospital;r Mollard;74160;BOSSEY;09 77 05 75 51;http://www.ferme-hospital.com;;;;;;;"['organisation de réception', 'jardin', 'terrasse', 'parking', ""repas d'affaire"", 'gastronomique', 'restaurant repas de groupe', 'accès handicapés', 'wifi', 'climatisation']";['Lundi', 'Mardi', '12h00 - 13h30', '19h15 - 21h00', 'Mercredi', '12h00 - 13h30', '19h15 - 21h00', 'Jeudi', '12h00 - 13h30', '19h15 - 21h00', 'Vendredi', '12h00 - 13h30', '19h15 - 21h00', 'Samedi', '12h00 - 13h30', '19h15 - 21h00', 'Dimanche'];;
440;Le Pontvys;80 r Pontvys;74970;MARIGNIER;04 50 34 63 58;www.lepontvys.com;;;cuisine française;5.0;"['Tartare de Truite au Guacamole, Vinaigrette aux Herbes', ""Tartine Grillée à l'Oeuf Poché, Espuma au Vin Rouge, Façon Meurette"", 'Feuillantine de Langoustine au Sésame, Epinards Frais et Sauce Légère au Curry 1001 Nuits', 'Pavé de Bar aux Morilles et Crème de Persil', 'Pain Perdu Brioché à la Fève de Tonka', 'Parfait Glacé au Miel, Coulis de Clémentines et Fruits Frais']";['14\xa0 €', '14\xa0 €', '27\xa0 €', '32\xa0 €', '9\xa0 €', '10\xa0 €'];"['restaurant sans gluten', 'terrasse', ""repas d'affaire"", 'facilité bébé', 'cheminée', 'organisation de réception', 'restaurant végétarien', 'jardin', ""repas d'entreprises"", ""repas d'affaires, de groupe"", 'animaux acceptés', ""repas d'anniversaire"", 'parking', 'restaurant repas de groupe', 'accès handicapés', 'chef à domicile']";['Lundi', 'Mardi', '12h00 - 14h00', '19h00 - 21h00', 'Mercredi', '12h00 - 14h00', '19h00 - 21h00', 'Jeudi', '12h00 - 14h00', '19h00 - 21h00', 'Vendredi', '12h00 - 14h00', '19h00 - 21h00', 'Samedi', '12h00 - 14h00', '19h00 - 21h00', 'Dimanche'];;
441;Le Relais Du Mont Blanc;19 rte Bellegarde;74300;MAGLAND;04 50 21 00 85;http://www.lerelaisdumontblanc.fr;;;;;;;['télévision', 'jardin', 'facilités bébé', 'parking', 'wifi', 'restaurant', 'Hôtels ', 'Restaurants '];['Lundi', '07h00 - 23h00', 'Mardi', '07h00 - 23h00', 'Mercredi', '07h00 - 23h00', 'Jeudi', '07h00 - 23h00\n ', 'Vendredi', '07h00 - 23h00', 'Samedi', '07h00 - 23h00', 'Dimanche', '07h00 - 23h00'];;
442;Jpva;32 r Marquisats;74000;ANNECY;09 83 73 98 14;;;;;;;;;;;
443;Crêperie les Airelles;180 rte N-D de La Gorge;74170;LES CONTAMINES MONTJOIE;04 50 47 10 49;http://www.creperielesairelles.fr;;;;;;;['Cuisine française '];;;
444;La Tour de Pizz;32 r Ravier;74100;AMBILLY;09 86 32 64 83;www.facebook.com;;;;;;;['pick up'];['Lundi', 'Mardi', '11h00 - 14h30', '18h00 - 23h30', 'Mercredi', '11h00 - 14h30', '18h00 - 23h30', 'Jeudi', '11h00 - 14h30', '18h00 - 23h30', 'Vendredi', '11h00 - 14h30', '18h00 - 23h30', 'Samedi', '11h00 - 14h30', '18h00 - 23h30', 'Dimanche', '18h00 - 23h30'];;
445;Casa Valério;88 r Lyret;74400;CHAMONIX MONT BLANC;04 50 55 93 40;http://www.casavalerio.net;;;;;;;['wifi', 'repas de groupe', 'Pizzerias ', 'Restaurants '];['Lundi', '12h00 - 23h30', 'Mardi', '12h00 - 23h30', 'Mercredi', '12h00 - 23h30', 'Jeudi', '12h00 - 23h30', 'Vendredi', '12h00 - 23h30', 'Samedi', '12h00 - 23h30', 'Dimanche', '12h00 - 23h30'];;
446;Hôtel l'Arc en Ciel;18 pl Crête;74200;THONON LES BAINS;04 50 71 90 63;www.hotelarcencielthonon.com;;;;;;;['Restauration', 'Langue parlée : anglais', 'Garage', 'Piscine', 'Wi-fi gratuit', 'Salle de sport', 'Sauna', 'Parking fermé', 'Hôtels ', 'Résidences de tourisme, résidences hôtelières ', 'Restaurants ', 'Organisation de séminaires, de congrès '];['Lundi', '07h00 - 23h00', 'Mardi', '07h00 - 23h00', 'Mercredi', '07h00 - 23h00', 'Jeudi', '07h00 - 23h00', 'Vendredi', '07h00 - 23h00', 'Samedi', '07h00 - 23h00', 'Dimanche', '07h00 - 21h00'];;
447;L'Atelier De Jacky;Chef Lieu;74360;LA CHAPELLE D'ABONDANCE;04 50 71 04 29;;;;;;;;;;;
448;Les Aiguillettes;ld Braitaz;74360;LA CHAPELLE D'ABONDANCE;06 08 16 16 38;www.facebook.com/pg/LesAiguillettes/about/?ref=page_internal;;;;;;;;;;
449;Aux Ducs de Savoie;Hôtel Les Ducs De Savoie r 23 Juillet 1944;74500;SAINT GINGOLPH;04 50 76 73 09;http://www.auxducsdesavoie.fr;;;cuisine française;2.0;;;['animaux acceptés', 'terrasse', 'parking', 'gastronomique', 'facilité bébé', 'restaurant repas de groupe', 'wifi'];['Lundi', 'Mardi', 'Mercredi', '12h00 - 14h00', '19h00 - 21h00', 'Jeudi', '12h00 - 14h00', '19h00 - 21h00', 'Vendredi', '12h00 - 14h00', '19h00 - 21h00', 'Samedi', '12h00 - 14h00', '19h00 - 21h00', 'Dimanche', '12h00 - 14h00'];;
450;Café Restaurant Fructus;Arcine 153 r Mairie;74270;CLARAFOND;04 50 77 90 13;;['Menu trois plats : '];['15 €'];cuisine française;4.0;;;['terrasse', 'parking', 'facilité bébé', 'restaurant repas de groupe', 'accès handicapés'];['Lundi', '12h00 - 14h00', '19h30 - 20h30', 'Mardi', '12h00 - 14h00', 'Mercredi', 'Jeudi', '12h00 - 14h00', '19h30 - 20h30', 'Vendredi', '12h00 - 14h00', '19h30 - 20h30', 'Samedi', '12h00 - 14h00', '19h30 - 20h30', 'Dimanche', '12h00 - 14h00', '19h30 - 20h30'];;
451;LE YETI;582 rte Alpage;74110;MORZINE;04 50 74 12 78;http://www.leyeti-avoriaz.fr;;;;;;;['Bars à thèmes ', 'Restaurants ', 'Cafés, bars '];['Lundi', '09h00 - 17h00', 'Mardi', '09h00 - 17h00', 'Mercredi', '09h00 - 17h00', 'Jeudi', '09h00 - 17h00', 'Vendredi', '09h00 - 17h00', 'Samedi', '09h00 - 17h00', 'Dimanche', '09h00 - 17h00'];;
452;Seven;33 pl Grenette;74700;SALLANCHES;04 50 58 82 76;www.facebook.com;;;;;;;['Sièges sociaux ', 'Restaurants '];;;
453;La Pomme De Pin;5270 Lindarets La Lecherette;74110;MONTRIOND;04 50 74 90 64;www.pommedepain.fr;;;;;;;['animaux acceptés', 'terrasse', 'facilité bébé', 'restaurant repas de groupe', 'sandwicherie'];['Lundi', '09h00 - 17h00', 'Mardi', '09h00 - 17h00', 'Mercredi', '09h00 - 17h00', 'Jeudi', '09h00 - 17h00', 'Vendredi', '09h00 - 17h00\n ', 'Samedi', '09h00 - 17h00', 'Dimanche', '09h00 - 17h00'];;
454;Le Baccara;Casino d'Evian quai Baron de Blonay;74500;EVIAN-LES-BAINS;04 50 26 87 07;www.casino-evian.com;;;Restaurant français;1.0;;;['accès pour les personnes à mobilité réduite', 'jeux pour enfants', 'télévision', 'spa', 'wi-fi', 'hammam', 'climatisation', 'animaux acceptés', 'restaurant', 'salle de sport', 'jardin', 'parking', 'piscine', 'sauna', 'accueil bébé'];['Lundi', '12h00 - 14h30', '19h00 - 23h00', 'Mardi', '12h00 - 14h30', '19h00 - 23h00', 'Mercredi', '12h00 - 14h30', '19h00 - 23h00', 'Jeudi', '12h00 - 14h30', '19h00 - 23h00', 'Vendredi', '12h00 - 14h30', '19h00 - 00h00', 'Samedi', '12h00 - 14h30', '19h00 - 00h00', 'Dimanche', '12h00 - 13h30'];46.401577;6.589653
455;Lycée Hôtelier Savoie Leman;Ecole Hoteliere 40 bd Carnot;74200;THONON LES BAINS;04 50 71 13 80;http://www.ecole-hoteliere-thonon.com/hotel-restaurants;;;;;;;"['segpa', 'lycée avec internat', 'Lycées professionnels publics ', 'Restaurants ', ""Lycées d'enseignement général et technologique publics "", 'Enseignement : tourisme, cuisine, hôtellerie ', 'Enseignement supérieur public ']";['Lundi', '08h00 - 22h00', 'Mardi', '08h00 - 22h00', 'Mercredi', '08h00 - 22h00', 'Jeudi', '08h00 - 22h00\n ', 'Vendredi', '08h00 - 22h00', 'Samedi', 'Dimanche'];;
456;Lyric's Food;439 rte Col des Aravis;74220;LA CLUSAZ;04 50 02 49 76;http://www.lyricsfood.fr;;;restauration rapide;5.0;;;['organisation de réception', 'plat à emporter', 'terrasse', 'parking', 'restaurant repas de groupe', 'accès handicapés', 'wifi', 'fast Food'];['Lundi', '11h00 - 14h00', '18h00 - 22h00', 'Mardi', '11h00 - 14h00', '18h00 - 22h00', 'Mercredi', '11h00 - 14h00', '18h00 - 22h00', 'Jeudi', '11h00 - 14h00', '18h00 - 22h00', 'Vendredi', '11h00 - 14h00', '18h00 - 22h00', 'Samedi', '11h00 - 14h00', '18h00 - 22h00', 'Dimanche', '11h00 - 14h00', ' 18h00 - 22h00'];;
457;Douze Douze;130 r Eglise;74310;LES HOUCHES;04 50 91 52 06;http://www.le-delice.info;;;;;"['Calamar au sel et poivre', 'Hot & Sticky, Ailes de poulet', 'Délice Gourmet Burger', 'Gourmet Veggie Burger', 'Assiette de fromage', ""Cheesecake bailey's, myrtille et caramel beurre salé""]";['13.5\xa0 €', '10.5\xa0 €', '19\xa0 €', '17.5\xa0 €', '14\xa0 €', '11\xa0 €'];['animaux acceptés', 'terrasse', 'parking', 'facilité bébé', 'restaurant repas de groupe', 'wifi'];['Lundi', '12h00 - 14h00', '19h00 - 23h00', 'Mardi', '12h00 - 14h00', '19h00 - 23h00\n ', 'Mercredi', '12h00 - 14h00', '19h00 - 23h00', 'Jeudi', '12h00 - 14h00', '19h00 - 23h00', 'Vendredi', '12h00 - 14h00', '19h00 - 23h00', 'Samedi', '12h00 - 14h00', '19h00 - 23h00', 'Dimanche', '12h00 - 14h00', '19h00 - 23h00'];;
458;Pandroz Goubet;1099 rte Nationale;74300;MAGLAND;09 88 00 52 81;;;;;;;;;;;
459;La Bonne Gamelle;76 chem Bas de la Mulaterie;74450;LE GRAND BORNAND;04 50 51 07 38;;;;;;;;;;;
460;La Petite Cour;58 pl Tilleul;74800;CORNIER;04 50 03 98 13;http://www.lapetitecour74.com;;;cuisine française;3.0;;;['animaux acceptés', 'terrasse', 'parking', 'facilité bébé', 'restaurant repas de groupe', 'wifi'];['Lundi', '12h00 - 14h00', 'Mardi', '12h00 - 14h00', '19h00 - 21h00', 'Mercredi', '12h00 - 14h00', 'Jeudi', '12h00 - 14h00', '19h00 - 21h00', 'Vendredi', '12h00 - 14h00', '19h00 - 21h00', 'Samedi', '12h00 - 14h00', '19h00 - 21h00', 'Dimanche'];;
461;Brasserie de la Paix;2 r Paix;74000;ANNECY;04 50 63 89 70;www.facebook.com;;;;;;;['restaurant sans gluten', 'grill', 'terrasse', 'facilité bébé', 'wifi', 'brasserie', 'restaurant végétarien', 'plat à emporter', 'animaux acceptés', 'restaurant végétalien', 'parking', 'bistrot', 'friterie', 'Zone fumeur', 'accès handicapés'];['Lundi', '07h30 - 17h00', 'Mardi', '07h30 - 17h00', 'Mercredi', '07h30 - 17h00', 'Jeudi', '07h30 - 23h00', 'Vendredi', '07h30 - 23h00', 'Samedi', '07h30 - 23h00', 'Dimanche'];;
462;Vintage by juno;300 rte Annecy;74370;PRINGY;04 50 44 65 63;http://www.vintage-by-juno.com/fr/evenements,2/2018,292.html;;;;;;;['Cavistes ', 'Restaurants '];['Lundi', 'Mardi', '10h00 - 12h30', '14h30 - 20h00', 'Mercredi', '10h00 - 12h30', '14h30 - 20h00', 'Jeudi', '10h00 - 12h30', '14h30 - 20h00', 'Vendredi', '10h00 - 12h30', '14h30 - 20h00', 'Samedi', '10h00 - 13h00', '14h00 - 20h00', 'Dimanche', '09h30 - 13h30'];;
463;Le Kabuki;9 Bis av Chevêne;74000;ANNECY;0450517901;;;;Restaurant japonais;3.0;;;['Parking', 'Cuisine ouverte', 'Wi-fi', 'Repas de groupes'];['Lundi', '19h00 - 22h00', 'Mardi', '12h00 - 13h30', '19h00 - 22h00', 'Mercredi', '12h00 - 13h30', '19h00 - 22h00', 'Jeudi', '12h00 - 13h30', '19h00 - 22h00', 'Vendredi', '12h00 - 13h30', '19h00 - 22h00', 'Samedi', '12h00 - 13h30', '19h00 - 22h00', 'Dimanche'];45.900959;6.118142
464;Hôtel Gay Séjour;Seythenex 58 rte Tertenoz;74210;FAVERGES SEYTHENEX;04 50 44 52 52;http://www.hotel-gay-sejour.com;;;;;;;['télévision', 'jardin', 'parking', 'wifi', 'accès handicapé', 'Hôtels ', 'Restaurants '];;;
465;La Petite Auberge;174 rte Thonon;74110;ESSERT ROMAND;04 50 37 31 96;www.facebook.com;;;;;;;['restaurant végétarien', 'animaux acceptés', 'terrasse', 'restaurant repas de groupe', 'wifi'];['Lundi', '09h00 - 15h00', '18h00 - 00h00', 'Mardi', '09h00 - 15h00', '18h00 - 00h00', 'Mercredi', '09h00 - 15h00', '18h00 - 00h00', 'Jeudi', '09h00 - 15h00', '18h00 - 00h00', 'Vendredi', '09h00 - 15h00', '18h00 - 00h00', 'Samedi', '09h00 - 15h00', '18h00 - 00h00', 'Dimanche', '09h00 - 15h00', '18h00 - 00h00'];;
466;Brasserie des Cimes;galm Bât H;74300;FLAINE;04 50 90 89 64;www.brasserie-des-cimes.com;;;;;;;['restaurant végétarien', 'plat à emporter', 'terrasse', 'livraison à domicile', 'facilité bébé', 'restaurant repas de groupe', 'accès handicapés', 'dîner spectacle', 'brasserie'];['Lundi', '09h00 - 22h00', 'Mardi', '09h00 - 22h00', 'Mercredi', '09h00 - 22h00', 'Jeudi', '09h00 - 22h00', 'Vendredi', '09h00 - 22h00', 'Samedi', '09h00 - 22h00', 'Dimanche', '09h00 - 22h00'];;
467;Pizza Truck;940 rte Thuet;74130;BONNEVILLE;06 28 34 28 08;;;;;;;;;;;
468;Le Désert Blanc;Haut Du Telecabine Du Dmc rte Flaine;74300;ARÂCHES LA FRASSE;04 50 90 82 09;www.facebook.com;;;;;;;['Cuisine française '];;;
469;Hôtel A L'Ombre Des Marronniers;17 pl Crête;74200;THONON LES BAINS;04 50 71 26 18;;;;cuisine française;5.0;;;['Demi-pension ', 'Parking ', 'Accès internet ', 'Cuisine française ', 'Fait maison ', 'Restaurant savoyard ', 'Restaurants ', 'Hôtels ', 'Hôtels restaurants '];;;
470;Savoie Bar;1 pl St François de Sales;74000;ANNECY;04 50 45 11 29;;;;;;;;['dîner spectacle', 'brasserie'];['Lundi', '11h00 - 23h00', 'Mardi', '11h00 - 23h00', 'Mercredi', '11h00 - 23h00', 'Jeudi', '11h00 - 23h00', 'Vendredi', '11h00 - 23h00', 'Samedi', ' 11h00 - 22h00', 'Dimanche'];;
471;DLICIMES;1501 rte Praz;74400;CHAMONIX MONT BLANC;04 56 37 34 58;;;;;;;;['Cuisine française '];;;
472;Restaurant Le Napoli;8 r Pâquier;74000;ANNECY;04 50 51 76 06;https://www.restaurantlenapoli.com;;;;;;;['plat à emporter', 'animaux acceptés', 'terrasse', 'restaurant repas de groupe'];['Lundi', '12h00 - 14h00', ' 19h00 - 22h00', 'Mardi', '12h00 - 14h00', '19h00 - 22h00', 'Mercredi', '12h00 - 14h00', '19h00 - 22h00', 'Jeudi', '12h00 - 14h00', '19h00 - 22h00', 'Vendredi', '12h00 - 14h00', '19h00 - 22h00', 'Samedi', '12h00 - 14h00', '19h00 - 22h00', 'Dimanche', '12h00 - 14h00', '19h00 - 22h00'];;
473;Javen D'en Haut;1370 chem Rée;74120;MEGÈVE;04 50 91 92 66;http://www.lacdejaven.fr/contact;;;;;;;['Pratique de la pêche ', 'Cafés, bars ', 'Restaurants '];['Lundi', '09h00 - 18h00', 'Mardi', '09h00 - 18h00', 'Mercredi', '09h00 - 18h00', 'Jeudi', '09h00 - 18h00', 'Vendredi', '09h00 - 18h00', 'Samedi', ' 09h00 - 18h00', 'Dimanche', '09h00 - 18h00'];;
474;CHEZ LINO;66 rte Fruitière;74650;CHAVANOD;04 50 19 01 06;;;;;;;;;;;
475;1945 Snack Bar;6 pl 8 Mai 1945;74200;THONON LES BAINS;09 83 72 55 55;http://1945bar.com;;;;;;;;;;
476;Shahzada;résid La Marjolaine rd-pt 5 Chemins;74140;VEIGY FONCENEX;04 50 95 53 01;http://www.shahzada.fr;;;;;;;"['terrasse', ""repas d'affaire"", 'gastronomique', 'facilité bébé', 'wifi', 'organisation de réception', 'plat à emporter', 'animaux acceptés', 'livraison à domicile', 'parking', 'restaurant repas de groupe', 'accès handicapés', 'climatisation']";['Lundi', '11h30 - 14h30', '18h00 - 22h30', 'Mardi', '11h30 - 14h30', '18h00 - 22h30', 'Mercredi', '11h30 - 14h30', '18h00 - 22h30', 'Jeudi', '11h30 - 14h30', '18h00 - 22h30', 'Vendredi', '11h30 - 14h30', '18h00 - 22h30', 'Samedi', '11h30 - 14h30', '18h00 - 22h30', 'Dimanche', '11h30 - 14h30', '18h00 - 22h30'];;
477;Bistrot du marché Gaillard;5 r René Cassin;74240;GAILLARD;0450397111;www.intermarche.com;;;;;;;;['Lundi', '08h30 - 19h45', 'Mardi', '08h30 - 19h45', 'Mercredi', '08h30 - 19h45', 'Jeudi', '08h30 - 19h45', 'Vendredi', '08h30 - 19h45', 'Samedi', '08h30 - 19h45', 'Dimanche', '08h30 - 12h00'];;
478;Pizza Kelly;rte Thonon;74550;PERRIGNIER;04 50 72 79 93;http://www.pizzakelly.com;;;;;;;['pizzeria'];['Lundi', '18h00 - 21h00', 'Mardi', '18h00 - 21h00', 'Mercredi', '18h00 - 21h00', 'Jeudi', '18h00 - 21h00', 'Vendredi', '18h00 - 21h30', 'Samedi', '18h00 - 21h30', 'Dimanche', '18h00 - 21h30'];;
479;Auberge de Sulens;74 CHEF Lieu Grand CARR;74230;MANIGOD;04 50 44 97 52;www.manigod.com;;;;;;;['animaux acceptés', 'terrasse', 'facilité bébé', 'restaurant repas de groupe', 'accès handicapés'];;;
480;La Braco'dîne;zi Bracots;74890;BONS EN CHABLAIS;04 50 43 33 84;www.facebook.com;;;;;;;;['Lundi', '07h30 - 09h30', '11h45 - 13h30', 'Mardi', '07h30 - 09h30', '11h45 - 13h30', 'Mercredi', '07h30 - 09h30', '11h45 - 13h30', 'Jeudi', '07h30 - 09h30', '11h45 - 13h30', 'Vendredi', '07h30 - 09h30', '11h45 - 13h30', 'Samedi', 'Dimanche'];;
481;BISTROT LE CARILLON LE FLAMBEAU;7 av St François de Sales;74200;THONON LES BAINS;04 50 81 68 26;www.facebook.com;;;;;;;['animaux acceptés', 'terrasse', 'parking', 'facilité bébé', 'Zone fumeur', 'restaurant repas de groupe', 'accès handicapés', 'wifi', 'brasserie'];['Lundi', '12h00 - 14h00', 'Mardi', '12h00 - 14h00', 'Mercredi', '12h00 - 14h00', 'Jeudi', '12h00 - 14h00', 'Vendredi', '12h00 - 14h00', 'Samedi', '12h00 - 14h00', 'Dimanche'];;
482;Warm Up;1 r René Blanc;74100;ANNEMASSE;09 72 93 54 76;;;;;;;;;;;
483;La Brasserie Gourmande LBG;Technosite Altea 985 rte Bois Enclos;74100;JUVIGNY;04 50 49 94 03;http://www.lbg-brasserie.com;;;;;;;"['animaux acceptés', 'terrasse', 'parking', ""repas d'affaire"", 'facilité bébé', 'restaurant repas de groupe', 'accès handicapés', 'climatisation', 'wifi', 'brasserie']";['Lundi', '11h45 - 14h00', '18h45 - 21h30', 'Mardi', '11h45 - 14h00', '18h45 - 21h30', 'Mercredi', '11h45 - 14h00', '18h45 - 21h30', 'Jeudi', '11h45 - 14h00', '18h45 - 21h30', 'Vendredi', '11h45 - 14h00', '18h45 - 22h30', 'Samedi', '11h45 - 14h30', '18h45 - 22h30', 'Dimanche'];;
484;Brasserie Centrale;169 pl Eglise;74220;LA CLUSAZ;04 50 02 40 15;www.facebook.com;;;;;;;['Brasseries ', 'Restaurants ', 'Cafés, bars '];['Lundi', '07h00 - 02h00', 'Mardi', '07h00 - 02h00', 'Mercredi', '07h00 - 02h00', 'Jeudi', '07h00 - 02h00', 'Vendredi', '07h00 - 02h00', 'Samedi', '07h00 - 02h00', 'Dimanche', '07h00 - 02h00'];45.904599;6.424035
485;La Yaute Gourmande;722 rte Flagy;74570;GROISY;06 50 66 43 48;;;;;;;;;;;
486;Carpo;8 av Gare;74700;SALLANCHES;04 50 54 62 03;;;;;;;;;['Lundi', '12h00 - 14h00', '19h00 - 22h00', 'Mardi', '12h00 - 14h00', '19h00 - 22h00', 'Mercredi', '12h00 - 14h00', '19h00 - 22h00', 'Jeudi', '12h00 - 14h00', '19h00 - 22h00', 'Vendredi', '12h00 - 14h00', '19h00 - 22h00', 'Samedi', '12h00 - 14h00', '19h00 - 22h00', 'Dimanche'];;
487;MONKEY BAR 74 MONKEYS;81 pl Edmond Desailloud;74400;CHAMONIX MONT BLANC;04 50 96 64 34;http://www.monkeychamonix.com;;;;;;;;['Lundi', '15h00 - 01h00', 'Mardi', '15h00 - 01h00', 'Mercredi', '15h00 - 01h00', 'Jeudi', '15h00 - 01h00', 'Vendredi', '10h00 - 01h00', 'Samedi', '10h00 - 01h00', 'Dimanche', '10h00 - 01h00'];45.91888;6.868172
488;Le Frenchie;25 av Romains;74000;ANNECY;04 50 46 48 60;;;;;;;;;;;
489;Restaurant Concept;20 quai Perrière;74000;ANNECY;04 50 66 30 76;;;;cuisine française;2.0;;;['animaux acceptés', 'terrasse', 'facilité bébé', 'restaurant repas de groupe', 'climatisation', 'wifi'];['Lundi', '10h00 - 15h00', '18h00 - 23h00', 'Mardi', '10h00 - 15h00', '18h00 - 23h00', 'Mercredi', 'Jeudi', '10h00 - 15h00', '18h00 - 23h00', 'Vendredi', '10h00 - 15h00', '18h00 - 23h00', 'Samedi', '10h00 - 15h00', '18h00 - 23h00', 'Dimanche', '10h00 - 15h00', '18h00 - 23h00'];;
490;Restaurant Le Jaurès;1 r Jean Jaurès;74100;VILLE LA GRAND;04 50 74 00 93;www.restaurantlejaures.com;;;;;;;['animaux acceptés', 'terrasse', 'facilité bébé', 'restaurant repas de groupe', 'accès handicapés'];['Lundi', 'Mardi', '12h00 - 14h00\n ', '19h00 - 22h00', 'Mercredi', '12h00 - 14h00', '19h00 - 22h00', 'Jeudi', '12h00 - 14h00', '19h00 - 22h00', 'Vendredi', '12h00 - 14h00', '19h00 - 23h00', 'Samedi', '12h00 - 14h00', '19h00 - 23h00', 'Dimanche', '12h00 - 14h00'];;
491;LES PALETTES;9 r Royale;74000;ANNECY;04 50 27 77 17;http://www.lespalettes.fr;;;;;;;['carte de fidélité', 'sacs', 'grande taille femme', 'ceinture', 'chaussettes', 'bonnet', 'collants', 'caraco', 'bijoux', 'écharpe', 'capeline', 'gants', 'lingerie femme', 'Vêtements femmes ', 'Restaurants '];['Lundi', 'Mardi', '10h00 - 19h00', 'Mercredi', '10h00 - 19h00', 'Jeudi', '10h00 - 19h00', 'Vendredi', '10h00 - 19h00', 'Samedi', '10h00 - 19h00', 'Dimanche'];;
492;Burger King;26 av Pont Neuf;74000;CRAN GEVRIER;04 80 73 00 05;http://www.burgerking.fr/restaurants/q/annecy-cran-gevrier;;;;;;;['burger', 'Restauration rapide ', 'Restaurants '];['Lundi', '11h00 - 00h00', 'Mardi', '11h00 - 00h00', 'Mercredi', '11h00 - 00h00', 'Jeudi', '11h00 - 00h00', 'Vendredi', '11h00 - 00h00', 'Samedi', '11h00 - 00h00', 'Dimanche', '11h00 - 00h00'];;
493;Melba Cafe;quai Charles Albert Besson;74500;EVIAN LES BAINS;09 67 59 44 28;;;;;;;;['Brasserie', 'Plats à emporter', 'Terrasse'];['Lundi', '09h00 - 18h30', 'Mardi', '09h00 - 18h30', 'Mercredi', 'Jeudi', '09h00 - 18h30', 'Vendredi', '09h00 - 18h30', 'Samedi', '09h00 - 18h30', 'Dimanche', '09h00 - 18h30'];;
494;Auberge Pointe Du Midi;rte Morsullaz;74130;MONT SAXONNEX;04 50 96 94 32;http://www.mont-saxonnex.info/sortir/restaurants/181020-5804,auberge-pointe-du-midi.html;['Menu adulte : '];['16 €'];cuisine française;5.0;;;['animaux acceptés', 'terrasse', 'parking', 'facilité bébé', 'restaurant repas de groupe', 'wifi'];['Lundi', '12h00 - 13h00', '19h00 - 21h00', 'Mardi', '12h00 - 13h00', 'Mercredi', 'Jeudi', '12h00 - 13h00', '19h00 - 21h00', 'Vendredi', '12h00 - 13h00', '19h00 - 21h00', 'Samedi', '12h00 - 13h00', ' 19h00 - 21h00', 'Dimanche', '12h00 - 13h00'];;
495;Vertical Café & Shop;100 pl Aiguille du Midi;74400;CHAMONIX MONT BLANC;04 50 54 27 79;www.compagniedumontblanc.fr;;;;;;;['Panoramique ', 'Nord ', 'Accès internet ', 'Enfant ', 'Fait maison ', 'Montagne ', 'Péniche '];;;
496;Brasserie des Cimes;galm Bât H;74300;FLAINE;04 50 90 89 64;www.brasserie-des-cimes.com;;;;;;;['restaurant végétarien', 'plat à emporter', 'terrasse', 'livraison à domicile', 'facilité bébé', 'restaurant repas de groupe', 'accès handicapés', 'dîner spectacle', 'brasserie'];['Lundi', '09h00 - 22h00', 'Mardi', '09h00 - 22h00', 'Mercredi', '09h00 - 22h00', 'Jeudi', '09h00 - 22h00', 'Vendredi', '09h00 - 22h00', 'Samedi', '09h00 - 22h00', 'Dimanche', '09h00 - 22h00'];;
497;Modrzejewska Ewa;Lieu Dit De Bionnassay 53 chem Chalere;74170;SAINT GERVAIS LES BAINS;06 63 06 61 18;;;;;;;;;;;
498;Fred Pizzas;977 rte Salève;74560;MONNETIER MORNEX;06 99 43 05 36;www.facebook.com/pg/Fred-pizza-1523956661219272/about/?ref=page_internal;;;;;;;;['Lundi', 'Mardi', '18h00 - 21h00', 'Mercredi', '18h00 - 21h00', 'Jeudi', '18h00 - 21h00', 'Vendredi', '18h00 - 21h00', 'Samedi', '18h00 - 21h00', 'Dimanche', '18h00 - 21h00'];;
499;Creperie Des Gets;250 rte Front de Neige;74260;LES GETS;04 50 37 50 84;;;;cuisine française;5.0;;;['plat à emporter', 'animaux acceptés', 'terrasse', 'facilité bébé', 'restaurant repas de groupe', 'accès handicapés'];['Lundi', '12h00 - 21h00', 'Mardi', '12h00 - 21h00', 'Mercredi', '12h00 - 21h00\n ', 'Jeudi', '12h00 - 21h00', 'Vendredi', '12h00 - 21h00', 'Samedi', '12h00 - 21h00', 'Dimanche', '12h00 - 21h00'];;
500;LA TERRE DOREE;28 imp Crosagny;74540;SAINT FÉLIX;06 99 55 88 99;;;;;;;;;;;
501;Allo Pizza 74;10 pl Mairie;74320;SEVRIER;04 57 41 55 69;;;;;;;;;;;
502;Pronto pizza;15 rte Creusettes;74330;POISY;06 10 54 74 74;;;;;;;;['pizzeria'];;;
503;L'Embellie;25 r Centrale;74940;ANNECY LE VIEUX;09 67 53 54 82;;;;;;;;;;;
504;Le Café de la Marine;quai Plaisance YVOIRE;74140;YVOIRE;04 50 72 85 67;http://www.bacouni.com;;;;;;;['Parking ', 'Repas de famille ', 'Salle de réunion ', 'Brasserie ', 'Cuisine française ', 'Enfant ', 'Fait maison ', 'Frites ', 'Vue panoramique ', 'Restaurants ', 'Cafés, bars '];['Lundi', 'Mardi', '12h15 - 13h30', '19h15 - 21h15', 'Mercredi', '12h15 - 13h30', '19h15 - 21h15', 'Jeudi', '12h15 - 13h30', '19h15 - 21h15', 'Vendredi', '12h15 - 13h30', '19h15 - 21h15', 'Samedi', '12h15 - 13h30', '19h15 - 21h15', 'Dimanche', '12h15 - 13h30'];;
505;NUAGE D'ORIENT;5 pl 8 Mai 1945;74200;THONON LES BAINS;04 80 00 45 02;www.facebook.com;;;;;;;;;;
506;Duvernois Christophe;16 Grande Rue;74910;SEYSSEL;04 50 56 16 85;;;;;;;;['pizzeria', 'animaux acceptés'];;;
507;L'Arrêt Bougnette;Plan De L'envers pl Gare;74660;VALLORCINE;04 50 54 63 04;www.facebook.com;;;cuisine française;4.0;;;"['crêperie', 'restaurant sans gluten', 'terrasse', ""repas d'affaire"", 'facilité bébé', 'restaurant bio', 'wifi', 'organisation de réception', 'restaurant végétarien', 'plat à emporter', 'animaux acceptés', 'parking', 'Zone fumeur', 'service continu', 'restaurant repas de groupe', 'accès handicapés']";['Lundi', '09h00 - 17h00', 'Mardi', '09h00 - 17h00', 'Mercredi', '09h00 - 21h00', 'Jeudi', '09h00 - 21h00', 'Vendredi', '09h00 - 21h00', 'Samedi', '09h00 - 21h00', 'Dimanche', '09h00 - 21h00'];;
508;Cora Cafétéria;RD 1005 r Cartheray;74500;PUBLIER;04 50 81 45 28;http://www.cora.fr/amphion;;;;;;;['distributeur de billet', 'station de lavage', 'piste poids-lourds', 'dépôt de bouteille de gaz', 'GPL', 'Stations-service ', 'Restaurants '];['Lundi', '07h00 - 20h00', 'Mardi', '07h00 - 20h00', 'Mercredi', '07h00 - 20h00', 'Jeudi', '07h00 - 20h00', 'Vendredi', '07h00 - 20h00', 'Samedi', '07h00 - 20h00', 'Dimanche'];;
509;L'avalanche;résid Hirmentaz;74470;BELLEVAUX;09 67 33 03 13;;;;;;;;;;;
510;Chalet Hotel Le Castel;100 rte Tines;74400;CHAMONIX MONT BLANC;04 50 21 12 12;http://www.lecastel-chamonix.com;;;;;;;['Résidences de tourisme, résidences hôtelières ', 'Restaurants '];['Lundi', '12h00 - 15h00', '19h00 - 22h00', 'Mardi', '12h00 - 15h00', '19h00 - 22h00', 'Mercredi', '12h00 - 15h00', '19h00 - 22h00', 'Jeudi', '12h00 - 15h00', '19h00 - 22h00', 'Vendredi', '12h00 - 15h00', '19h00 - 22h00', 'Samedi', '12h00 - 15h00', '19h00 - 22h00', 'Dimanche', '12h00 - 15h00', '19h00 - 22h00'];;
511;L'Etna;12 av Libération;74300;CLUSES;04 50 98 31 48;www.facebook.com;;;restauration rapide;4.0;;;['pizzeria', 'organisation de réception', 'plat à emporter', 'animaux acceptés', 'restaurant repas de groupe', 'sandwicherie'];['Lundi', 'Mardi', '11h30 - 13h30', '18h00 - 21h30', 'Mercredi', '11h30 - 13h30', '18h00 - 21h30', 'Jeudi', '11h30 - 13h30', '18h00 - 21h30', 'Vendredi', '11h30 - 13h30', '18h00 - 21h30', 'Samedi', '11h30 - 13h30', '18h00 - 21h30', 'Dimanche', '18h00 - 21h30'];;
512;L'Anneciano;22 av Berthollet;74000;ANNECY;04 50 67 11 26;http://www.anneciano-pizza.fr;;;restaurant italien;4.0;;;['pizzeria', 'plat à emporter', 'animaux acceptés', 'parking', 'restaurant repas de groupe', 'accès handicapés'];['Lundi', '18h30 - 22h00', 'Mardi', '18h30 - 22h00', 'Mercredi', '18h30 - 22h00', 'Jeudi', '18h30 - 22h30', 'Vendredi', '18h30 - 22h30', 'Samedi', '18h30 - 22h30', 'Dimanche', '18h30 - 22h00'];;
513;Ms Service;16 Grande Rue;74160;SAINT JULIEN EN GENEVOIS;09 86 16 81 64;;;;;;;;;;;
514;Subway;215 av Michel Croz;74400;CHAMONIX MONT BLANC;09 82 53 96 90;http://www.subwayfrance.fr;;;;;;;['saladerie', 'sandwicherie', 'Restauration rapide ', 'Restaurants '];['Lundi', '09h30 - 22h00', 'Mardi', '09h30 - 22h00', 'Mercredi', '09h30 - 22h00', 'Jeudi', '09h30 - 22h00', 'Vendredi', '09h30 - 23h00', 'Samedi', '09h30 - 23h00', 'Dimanche'];;
515;Le Cerf Amoureux;118 rte Barthoud;74700;SALLANCHES;04 50 21 30 60;http://www.lecerfamoureux.com;;;;;;;['télévision', 'jardin', 'hôtel avec piscine', 'salle de sport', 'facilités bébé', 'parking', 'hôtel spa', 'hammam', 'wifi', 'accès handicapé', 'restaurant', 'sauna', 'Hôtels ', 'Restaurants '];;;
516;Au Fil Des Jours;Park Nord, Metz Tessy;74370;EPAGNY METZ TESSY;04 50 45 62 47;www.au-fil-des-jours.com;;;;;;;"['Accueil de groupes (à partir de 20 personnes)', 'Privatisation des lieux (les soirs et les weekends)', ""organisation d'événement"", 'traiteur pour mariage', ""repas d'anniversaire"", 'location de salle', 'Accès aux personnes à mobilité réduite', 'Soirée clé en main', 'organisation de séminaire', ""Repas d'anniversaire, de mariage"", 'repas de mariage', 'Animation DJ, groupe live', 'Traiteurs ', 'Restaurants ', 'Restaurants pour réceptions, pour séminaires ']";['Lundi', '12h00 - 14h00', 'Mardi', '12h00 - 14h00', 'Mercredi', '12h00 - 14h00', 'Jeudi', '12h00 - 14h00', 'Vendredi', '12h00 - 14h00', '19h00 - 21h30', 'Samedi', 'Dimanche'];;
517;L'Arpège Des Aravis;83 rte Vallée du Bouchet;74450;LE GRAND BORNAND;04 50 02 73 93;;;;;;;;['Animaux acceptés', 'Wifi', 'Terrasse'];['Lundi', '12h00 - 13h30', '19h00 - 20h30', 'Mardi', '12h00 - 13h30', '19h00 - 20h30', 'Mercredi', '12h00 - 13h30', '19h00 - 20h30', 'Jeudi', '12h00 - 13h30', '19h00 - 20h30', 'Vendredi', '12h00 - 13h30', '19h00 - 20h30', 'Samedi', '12h00 - 13h30', '19h00 - 20h30', 'Dimanche', '12h00 - 13h30', '19h00 - 20h30'];;
518;Café Leffe L'ABBAYE;4 r Pâquier;74000;ANNECY;04 50 45 12 88;http://www.abbaye-annecy.com;;;;;"['CARPACCIO DE BOEUF, COPEAUX DE FOIE GRAS', ""EMINCÉ DE TOMATES COEUR DE BOEUF MOZZARELLA BURRATTA, HUILE VERTE À L'AIL DES OURS"", 'MOULES MARINIÈRE Servies avec des frites', 'TARTARE DE SAUMON DE NORVÈGE AU COUTEAU', 'FONDANT CHAUD AU CHOCOLAT', 'MINESTRONE DE FRAISES']";['20\xa0 €', '14\xa0 €', '18\xa0 €', '18.5\xa0 €', '8\xa0 €', '9\xa0 €'];['21-30 euros ', 'Cuisine française ', 'Restaurants ', 'Cafés, bars '];['Lundi', '12h00 - 00h00\n ', 'Mardi', '12h00 - 00h00', 'Mercredi', '12h00 - 00h00', 'Jeudi', '12h00 - 00h00', 'Vendredi', '12h00 - 00h00', 'Samedi', '12h00 - 00h00', 'Dimanche', '12h00 - 00h00'];;
519;Brasserie La Rochoise;Zone Industrielle Des Dragiez 89 imp Vernaz;74800;LA ROCHE SUR FORON;04 50 07 57 78;http://www.bierelarochoise.com;;;;;;;['Fabrication de bières ', 'Cafés, bars ', 'Restaurants '];['Lundi', '16h00 - 19h00', 'Mardi', '16h00 - 19h00', 'Mercredi', '16h00 - 19h00', 'Jeudi', '16h00 - 19h00', 'Vendredi', '16h00 - 19h00', 'Samedi', '16h00 - 19h00\n ', 'Dimanche'];;
520;Chez Cocotte;17 av des Chavoires Annecy le Vieux;74000;ANNECY LE VIEUX;04 50 45 72 01;www.facebook.com;;;;;;;;['Lundi', 'Mardi', '08h30 - 19h00', 'Mercredi', '08h30 - 19h00', 'Jeudi', '08h30 - 13h00', 'Vendredi', '08h30 - 13h00', 'Samedi', '08h30 - 13h00', 'Dimanche', '08h30 - 13h00'];;
521;La Boîte à Meuh ORPHELIAS;270 rte Roche Pallud;74440;MIEUSSY;06 15 53 08 30;;;;;;['PLANCHE DES ALPAGES', 'SALADE MONTAGNE', 'BàM Burger, frites, salade', 'CROZIFLETTE SALADE JAMBON DE SAVOIE'];['14.5\xa0 €', '16\xa0 €', '16\xa0 €', '22\xa0 €'];['16-20 euros '];;;
522;Domaine de La Sasse;la Sasse chem Montagnes d'Arbois;74120;MEGÈVE;06 09 90 30 29;;;;;;;;['Élevages de bovins ', 'Restaurants '];;;
523;LA MORAINE LM RESTAURATION;5 av Ravanel le Rouge;74400;ARGENTIÈRE;04 50 21 18 13;http://www.lamoraine-restaurant-chamonix.com;;;cuisine française;3.0;"[""Cassolette d'escargot à la catalane, crouton aillé et jambon de Pays"", 'Croustillant de Reblochon aux pommes et noisettes, jambon de Pays', 'Escalope de volaille savoyarde au jambon de Pays, gratinée à la Tomme de Savoie', 'Tartiflette au Reblochon de Savoie', 'Crumble aux pommes Royal Gala flambées au Calvados, et glace vanille', 'Crème Catalane au parfum de cannelle et fleur d&#39orange']";['10,5\xa0 €', '9,5\xa0 €', '17,5\xa0 €', '16\xa0 €', '7,5\xa0 €', '7,5\xa0 €'];"['organisation de réception', 'animaux acceptés', 'terrasse', ""repas d'affaire"", 'gastronomique', 'restaurant repas de groupe']";['Lundi', 'Mardi', 'Mercredi', '12h00 - 14h30', '19h00 - 22h00', 'Jeudi', '12h00 - 14h30', '19h00 - 22h00', 'Vendredi', '12h00 - 14h30', '19h00 - 22h00', 'Samedi', '12h00 - 14h30', '19h00 - 22h00', 'Dimanche', '12h00 - 14h30', '19h00 - 22h00'];;
524;Le Shack;31 r Whymper;74400;CHAMONIX MONT BLANC;04 50 53 05 08;www.facebook.com;;;;;;;['bar à tapas'];['Lundi', 'Mardi', 'Mercredi', '12h00 - 21h00', 'Jeudi', '12h00 - 21h00', 'Vendredi', '12h00 - 21h00', 'Samedi', ' 12h00 - 21h00', 'Dimanche', '12h00 - 21h00'];;
525;Pizzeria Thym et Laurier;29 chem Vieux;74200;THONON LES BAINS;06 28 36 64 09;;;;;;;;['Pizzeria '];['Lundi', '17h00 - 22h00', 'Mardi', '17h00 - 22h00', 'Mercredi', '17h00 - 22h00', 'Jeudi', '17h00 - 22h00', 'Vendredi', '17h00 - 22h00', 'Samedi', '17h00 - 22h00', 'Dimanche', '17h00 - 22h00'];;
526;L'Embuscade;4383 rte Bettex;74170;SAINT GERVAIS LES BAINS;04 50 18 26 90;;;;;;;;;;;
527;Les Petits Plats SAS;Lieu Dit Chef Lieu 133 rte Sillingy;74150;VAULX;04 50 60 57 20;http://www.lespetitsplats.eu;['Formule du jour Entrée,Plat,Dessert -midi en semaine- : ', 'Menu carte : '];['17 €', '32 €'];;;"[""Risotto crémeux à la truffe sauvage d'été"", 'Oeuf de Savoie «\xa0Plein Air\xa0» en cuisson parfaite, piperade et tuile de parmesan', 'Entremet croustillant chocolat']";['25 €', '8 €', '8 €'];['organisation de réception', 'terrasse', 'parking', 'gastronomique', 'restaurant repas de groupe', 'accès handicapés'];['Lundi', 'Mardi', 'Mercredi', '07h00 - 14h00', '19h00 - 22h00', 'Jeudi', '07h00 - 14h00', '19h00 - 22h00', 'Vendredi', '07h00 - 14h00', '19h00 - 22h00', 'Samedi', '09h00 - 14h00', '19h00 - 21h00', 'Dimanche', '09h00 - 14h00'];;
528;Hôtel Restaurant L'Eden;35 rte Gaudenays;74400;CHAMONIX MONT BLANC;04 50 53 18 43;http://hoteleden-chamonix.com/fr;;;;;;;['bar', 'demi-pension', 'cheminée', 'télévision', 'facilités bébé', 'parking', 'wifi', 'restaurant', 'Hôtels ', 'Restaurants '];['Lundi', '07h30 - 22h00', 'Mardi', '07h30 - 22h00', 'Mercredi', ' 07h30 - 22h00', 'Jeudi', '07h30 - 22h00', 'Vendredi', '07h30 - 22h00', 'Samedi', '07h30 - 22h00', 'Dimanche', '07h30 - 22h00'];;
529;LE VAL JOLY EHAV;21 chem Bonnant;74700;SAINT GERVAIS LES BAINS;04 50 93 43 31;http://www.valjoly.fr/restaurant.html;;;;;;;['télévision', 'animaux acceptés', 'facilités bébé', 'parking', 'hôtel spa', 'hammam', 'wifi', 'restaurant', 'sauna', 'Hôtels ', 'Restaurants '];;;
530;Restaurant La Petite Cour;1126 ancienne route Combloux;74700;SALLANCHES;04 50 58 52 17;www.empreinte2saveurs.fr;;;Cuisine française;3.0;;;"['organisation de réception', 'jardin', 'plat à emporter', 'animaux acceptés', 'terrasse', 'parking', 'livraison à domicile', ""repas d'affaire"", 'facilité bébé', 'restaurant repas de groupe', 'accès handicapés', 'wifi']";['Lundi', '09h00 - 18h00', 'Mardi', '09h00 - 18h00', 'Mercredi', '09h00 - 18h00', 'Jeudi', '09h00 - 18h00', 'Vendredi', '09h00 - 18h00', 'Samedi', 'Dimanche'];;
531;540 Café;905 rte Jaillet;74120;MEGÈVE;04 50 58 92 78;http://WWW.540CAFE.COM;;;cuisine française;1.0;;;['animaux acceptés', 'terrasse', 'parking', 'restaurant repas de groupe', 'climatisation'];['Lundi', '10h00 - 18h00', 'Mardi', '10h00 - 18h00', 'Mercredi', '10h00 - 18h00', 'Jeudi', '10h00 - 18h00', 'Vendredi', '10h00 - 22h00', 'Samedi', '10h00 - 22h00', 'Dimanche', '10h00 - 18h00'];;
532;Restaurant Au Relais Septimontain;10 pl 7 Monts;74340;SAMOËNS;04 50 34 42 19;http://www.relais-septimontain.com;;;cuisine française;5.0;;;['terrasse', 'parking', 'restaurant repas de groupe', 'accès handicapés'];;;
533;La Marmotte Sylvie;La Marmotte 4709 rte Vallée du Bouchet;74450;LE GRAND BORNAND;04 50 02 35 91;http://www.restaurant-la-marmotte.fr;;;;;;;"['organisation de réception', 'animaux acceptés', 'terrasse', 'parking', ""repas d'affaire"", 'facilité bébé', 'restaurant repas de groupe', 'service continu']";['Lundi', '09h00 - 18h00', 'Mardi', '09h00 - 18h00', 'Mercredi', '09h00 - 18h00', 'Jeudi', '09h00 - 18h00', 'Vendredi', '09h00 - 18h00', 'Samedi', '09h00 - 18h00', 'Dimanche', '09h00 - 18h00'];;
534;Chez Mireille Le Darbelin;1780 rte Frebouges D'En Haut;74700;CORDON;04 50 58 06 04;www.ledarbelin.fr;;;Cuisine française;5.0;['Barre de Foie gras, crumble et gelée de myrtille'];['15 €'];['Animaux acceptés', 'Parking', 'Jardin', 'Facilité bébé', 'Restaurant repas de groupes', 'Terrasse', 'Accès handicapés', 'Cafés, bars ', 'Restaurants '];['Lundi', '09h00 - 17h00', 'Mardi', '09h00 - 17h00', 'Mercredi', '09h00 - 17h00', 'Jeudi', '09h00 - 17h00\n ', 'Vendredi', '09h00 - 17h00', 'Samedi', '09h00 - 17h00', 'Dimanche', '09h00 - 17h00'];;
535;Jlid Fatiha;3 r Curdy;74150;RUMILLY;09 54 76 67 09;;;;;;;;['plat à emporter', 'tarterie', 'livraison à domicile', 'chef à domicile'];;;
536;The New Clarines Bar;La Clarine 88 av Cognacq Jay;74340;SAMOËNS;04 50 34 17 82;;;;;;;;['Cuisine française ', 'Restaurants ', 'Cafés, bars '];;;
537;Les Agapes;1392 av Marcel Dassault;74370;ARGONAY;04 50 27 63 14;www.facebook.com;;;;;;;['animaux acceptés', 'terrasse', 'parking', 'facilité bébé', 'restaurant repas de groupe', 'accès handicapés'];['Lundi', '12h00 - 14h00', 'Mardi', '12h00 - 14h00', 'Mercredi', '12h00 - 14h00', '19h00 - 21h30', 'Jeudi', '12h00 - 14h00', '19h00 - 21h30', 'Vendredi', '12h00 - 14h00', '19h00 - 21h30', 'Samedi', '12h00 - 14h00', '19h00 - 21h30', 'Dimanche'];;
538;Creperie Des Gets;250 rte Front de Neige;74260;LES GETS;04 50 37 50 84;;;;cuisine française;5.0;;;['plat à emporter', 'animaux acceptés', 'terrasse', 'facilité bébé', 'restaurant repas de groupe', 'accès handicapés'];['Lundi', '12h00 - 21h00', 'Mardi', '12h00 - 21h00', 'Mercredi', '12h00 - 21h00', 'Jeudi', '12h00 - 21h00', 'Vendredi', '12h00 - 21h00', 'Samedi', '12h00 - 21h00', 'Dimanche', '12h00 - 21h00'];;
539;Snack Chez Cotieu;942 rte Perchets;74120;MEGÈVE;06 22 25 36 56;facebook.com;;;;;;;;;;
540;Restaurant La Scierie;chem Croix;74220;LA CLUSAZ;04 50 63 34 68;http://www.la-scierie.com;;;cuisine française;4.0;;;['organisation de réception', 'plat à emporter', 'terrasse', 'livraison à domicile', 'parking', 'restaurant repas de groupe', 'restaurant bio'];['Lundi', '12h00 - 01h00', 'Mardi', '00h00 - 01h00', 'Mercredi', 'Jeudi', '12h00 - 00h00', 'Vendredi', '12h00 - 01h00', 'Samedi', '12h00 - 01h00', 'Dimanche', '12h00 - 01h00'];;
541;Comptoir 1994;870 av Glières;74300;CLUSES;04 50 21 26 24;http://legourmetdasie.alwaysdata.net;;;cuisine du monde;1.0;;;"['plat à emporter', ""repas d'affaire"", 'restaurant repas de groupe']";['Lundi', 'Mardi', '12h00 - 14h30', '19h00 - 22h30', 'Mercredi', '12h00 - 14h30', '19h00 - 22h30', 'Jeudi', '12h00 - 14h30', '19h00 - 22h30', 'Vendredi', '12h00 - 14h30', '19h00 - 22h30', 'Samedi', '12h00 - 14h00', '19h00 - 22h00', 'Dimanche', '12h00 - 14h30', '19h00 - 22h30'];;
542;Golf Flaine Les Carroz;Col Pierre Carree rte Flaine;74300;FLAINE;04 50 90 85 44;www.flaine.com;;;Cuisine française;4.0;;;"['Nord ', 'Au pied des pistes ', 'Garderie ', 'Parking ', ""Restaurant d'altitude "", 'Salle de réunion ', 'Soirée à thème ', 'Brasserie ', 'Cuisine française ', 'Enfant ', 'Montagne ', 'Péniche ', 'Restaurant savoyard ', 'Vue panoramique ', 'Restaurants ', 'Terrains, clubs de golf ']";;;
543;SAS Marcel Camelot Le Ple;813 rte Jaillet;74120;MEGÈVE;04 57 27 70 04;www.facebook.com;;;;;;;;;;
544;Le Chaudron;79 r Moulins;74400;CHAMONIX MONT BLANC;04 50 53 40 34;http://www.le-chaudron-chamonix.com;;;;;;;['animaux acceptés', 'terrasse', 'restaurant repas de groupe'];;;
545;Le restaurant Alpin;163 chem Riante Colline;74120;MEGÈVE;04 50 93 03 10;http://www.fermesdemarie.com;;;;;;;['gastronomique'];;;
546;L'Orient Express;3 pl Etale;74960;CRAN GEVRIER;06 03 20 61 93;www.facebook.com/pages/Lorient-Express/573786082666494?fref=ts;;;sandwich;4.0;;;['Halal', 'Sandwicherie', 'Livraison à domicile', 'Parking', 'Repas de groupes', 'Terrasse'];['Lundi', '10h30 - 15h00', '17h30 - 22h30', 'Mardi', '10h30 - 15h00', '17h30 - 22h30', 'Mercredi', '10h30 - 15h00', '17h30 - 22h30', 'Jeudi', '10h30 - 15h00', '17h30 - 22h30', 'Vendredi', '10h30 - 15h00', '17h30 - 22h30', 'Samedi', '10h30 - 15h00', '17h30 - 22h30', 'Dimanche', '10h30 - 15h00', ' 17h30 - 22h30'];;
547;La Sardaigna;1 r Joseph Nicollet;74300;CLUSES;04 50 89 68 15;www.facebook.com;;;cuisine du monde;5.0;;;"['pizzeria', 'organisation de réception', 'plat à emporter', 'animaux acceptés', ""repas d'affaire"", 'restaurant repas de groupe', 'accès handicapés', 'dîner spectacle', 'climatisation']";['Lundi', '12h00 - 14h00', '19h00 - 22h00', 'Mardi', '12h00 - 14h00', '19h00 - 22h00\n ', 'Mercredi', '12h00 - 14h00', '19h00 - 22h00', 'Jeudi', '12h00 - 14h00', '19h00 - 22h00', 'Vendredi', '12h00 - 14h00', '19h00 - 22h00', 'Samedi', '12h00 - 14h00', '19h00 - 22h00', 'Dimanche', '12h00 - 14h00', '19h00 - 22h00'];;
548;Le Refuge;2220 rte Frebouges D'En Haut;74700;CORDON;04 50 58 07 68;http://lerefuge.site-solocal.com;;;restaurant savoyard;5.0;['Salade de nos Alpages :salade jeunes pousses ,Reblochon fumé par nos soins ,Viande sèchée des Alpes ,Pommes de Terre sautées,Fruits de saison', 'salade des Bergers :salade verte ,Bruschetta de Crotin de Chèvre ,Confiture de Fruits des bois ,Jambon de Pays .', 'Croziflette:Reblochon,Crozets,Oignons,Crème,Lardons ,Salade.', 'Soupe du Chalet:Légumes,Cibloulette,Beaufort,Crème,Diot ,Crozets', 'Patisserie du jour', 'Fromage Blanc Framboises'];['15 €', '16 €', '18 €', '17 €', '7.50 €', '5.5 €'];['terrasse', 'viandes bouchères', 'produits frais', 'restaurant viande', 'restaurant avec vue panoramique', 'facilité bébé', 'produits locaux', 'wifi', 'cuisine française', 'fondue savoyarde', 'animaux acceptés', 'parking', 'fondue chinoise', 'privatisation de salle', 'restaurant repas de groupe', 'vue panoramique', 'accès handicapés', 'tartiflette'];['Lundi', '09h00 - 17h30', 'Mardi', '09h00 - 17h30', 'Mercredi', '09h00 - 17h30', 'Jeudi', '09h00 - 21h00', 'Vendredi', '09h00 - 21h00', 'Samedi', '09h00 - 21h00', 'Dimanche', '09h00 - 21h00\n '];;
549;Au Cœur du Village Hôtel & Spa;26 montée Château;74220;LA CLUSAZ;04 50 01 50 01;http://www.hotel-aucoeurduvillage.fr;;;;;;;"['organisation de réception', 'cheminée', 'parking', ""repas d'affaire"", 'Zone fumeur', 'facilité bébé', 'voiturier', 'restaurant repas de groupe', 'accès handicapés', 'wifi', 'brasserie']";['Lundi', '19h00 - 22h00\n ', 'Mardi', '19h00 - 22h00', 'Mercredi', '19h00 - 22h00', 'Jeudi', '19h00 - 22h00', 'Vendredi', '19h00 - 22h00', 'Samedi', '19h00 - 22h00', 'Dimanche', '19h00 - 22h00'];;
550;Pizza Pepone;11 r Lachat;74940;ANNECY LE VIEUX;04 50 09 08 87;www.pizza-pepone.fr;;;pizzeria;5.0;;;['pizzeria', 'Restaurants ', 'Pizzas à emporter ', 'Pizzerias '];['Lundi', 'Mardi', '12h00 - 14h00', '19h00 - 22h30', 'Mercredi', '12h00 - 14h00', '19h00 - 22h30', 'Jeudi', '12h00 - 14h00', '19h00 - 22h30', 'Vendredi', '12h00 - 14h00', '19h00 - 22h30', 'Samedi', '12h00 - 14h00', '19h00 - 22h30', 'Dimanche'];;
551;Saray Sarl;287 rte Creuses;74000;SEYNOD;04 50 10 20 20;http://www.lebuffetgourmand.fr;;;;;;;['Orientale ', 'Turque '];['Lundi', '18h00 - 22h00', 'Mardi', '18h00 - 22h00', 'Mercredi', '18h00 - 22h00', 'Jeudi', '18h00 - 22h00\n ', 'Vendredi', '18h00 - 23h00', 'Samedi', '11h30 - 23h00', 'Dimanche', '17h00 - 22h00'];;
552;La Maison;Zone Commerciale Du Grand Epagny 520 rte Prés Rollier, Epagny;74330;SILLINGY;04 50 22 02 55;http://lamaison-sillingy.site-solocal.com;;;cuisine française;5.0;;;"['Formule du midi', 'organisation de réception', 'plat à emporter', 'terrasse', ""repas d'affaire"", 'restaurant repas de groupe', 'Menus enfants', 'climatisation', 'Restaurant']";['Lundi', '11h45 - 14h30', 'Mardi', '11h45 - 14h30', 'Mercredi', '11h45 - 14h30', '19h00 - 22h00', 'Jeudi', '11h45 - 14h30\n ', '19h00 - 22h00', 'Vendredi', '11h45 - 14h30', '19h00 - 23h00', 'Samedi', '11h45 - 14h30', '19h00 - 23h00', 'Dimanche'];;
553;Vieux Logis;711 rte Epagny;74410;SAINT JORIOZ;04 50 01 69 28;www.facebook.com;;;cuisine française;5.0;;;['pizzeria', 'plat à emporter', 'animaux acceptés', 'terrasse', 'parking', 'facilité bébé', 'Zone fumeur', 'restaurant repas de groupe', 'accès handicapés', 'climatisation'];['Lundi', '12h00 - 14h00', '19h00 - 21h00', 'Mardi', ' 12h00 - 14h00', '19h00 - 21h00', 'Mercredi', '12h00 - 14h00', '19h00 - 21h00', 'Jeudi', '12h00 - 14h00', '19h00 - 21h00', 'Vendredi', '12h00 - 14h00', '19h00 - 21h00', 'Samedi', '12h00 - 14h00', '19h00 - 21h00', 'Dimanche'];;
554;L'Atelier Des 4 Gourmets;16 r Jean Mermoz;74000;ANNECY LE VIEUX;04 50 23 70 41;http://www.les4gourmets.com;;;cuisine du monde;4.0;"['I crostini', 'Le cozze ripiene alla siciliana', 'Il guanciale di maiale', 'Il risotto alle zucchine', 'Fragole al basilico', ""L'affogato""]";['6.5\xa0 €', '9\xa0 €', '16\xa0 €', '16\xa0 €', '9\xa0 €', '9\xa0 €'];"['restaurant sans gluten', 'terrasse', ""repas d'affaire"", 'gastronomique', 'facilité bébé', 'restaurant bio', 'wifi', 'organisation de réception', 'restaurant végétarien', 'plat à emporter', 'animaux acceptés', 'parking', 'livraison à domicile', 'restaurant repas de groupe', 'accès handicapés']";['Lundi', '09h00 - 22h00', 'Mardi', '09h00 - 22h00', 'Mercredi', '09h00 - 22h00', 'Jeudi', '09h00 - 22h00', 'Vendredi', '09h00 - 22h00', 'Samedi', '09h00 - 22h00', 'Dimanche'];;
555;Bosson Huguette;41 rte N-D de La Gorge;74170;LES CONTAMINES MONTJOIE;04 50 47 02 88;;;;;;;;['animaux acceptés', 'terrasse', 'parking', 'facilité bébé', 'restaurant repas de groupe', 'accès handicapés', 'climatisation', 'brasserie'];['Lundi', '12h00 - 14h00', '19h00 - 21h00', 'Mardi', '12h00 - 14h00', '19h00 - 21h00', 'Mercredi', '12h00 - 14h00', '19h00 - 21h00', 'Jeudi', '12h00 - 14h00', '19h00 - 21h00', 'Vendredi', '12h00 - 14h00', '19h00 - 21h00', 'Samedi', '12h00 - 14h00', '19h00 - 21h00', 'Dimanche', '12h00 - 14h00', '19h00 - 21h00'];;
556;Pepperoni;3 Bis r Italiens;74200;THONON LES BAINS;04 50 72 90 59;;;;;;;;['parking', 'restaurant repas de groupe', 'climatisation'];['Lundi', 'Mardi', '12h00 - 14h30', '19h00 - 22h00', 'Mercredi', '12h00 - 14h30', 'Jeudi', '12h00 - 14h30', '19h00 - 22h00', 'Vendredi', '12h00 - 14h30', '19h00 - 22h00', 'Samedi', '12h00 - 14h30', '19h00 - 22h00', 'Dimanche', '12h00 - 14h30', '19h00 - 22h00'];;
557;Restaurant d'Altitude la Cupesse;Timalets Dessus;74300;ARÂCHES LA FRASSE;04 50 90 08 76;;;;;;;;;;;
558;Gautier Stephane Sainte Adequation SARL;Chef Lieu 71 rte Contat;74110;LA CÔTE D'ARBROZ;04 50 79 45 77;;;;restaurant savoyard;5.0;;;['plat à emporter'];['Lundi', '00h00 - 01h00', '10h30 - 14h00', '17h00 - 00h00', 'Mardi', '00h00 - 01h00', '10h30 - 14h00', '17h00 - 00h00', 'Mercredi', '00h00 - 01h00', 'Jeudi', '10h30 - 14h00', '17h00 - 00h00', 'Vendredi', '00h00 - 01h00', '10h30 - 14h00', '17h00 - 00h00', 'Samedi', '00h00 - 01h00', '10h30 - 14h00', '17h00 - 00h00', 'Dimanche', '00h00 - 01h00', '10h30 - 14h00', '17h00 - 00h00'];;
559;Café Du Palais;11 bd Gén Dessaix;74200;THONON LES BAINS;04 50 71 32 94;http://www.hotelcafedupalais.com;;;;;;;['2 étoiles ', 'Hôtels ', 'Restaurants '];['Lundi', '08h00 - 12h30', '13h30 - 18h30', 'Mardi', '08h00 - 12h30', '13h30 - 18h30', 'Mercredi', '08h00 - 12h30', '13h30 - 18h30', 'Jeudi', '08h00 - 12h30', '13h30 - 18h30', 'Vendredi', '08h00 - 12h30', '13h30 - 18h30', 'Samedi', '08h00 - 12h30', '13h30 - 18h30', 'Dimanche'];;
560;Contin Elisabeth;404 rte Serveray;74300;ARÂCHES LA FRASSE;09 65 20 69 43;;;;;;;;;;;
561;Brasserie des Deux Gares;18 chem Cristalliers;74400;CHAMONIX MONT BLANC;04 50 53 16 62;;;;;;;;['Cuisine française '];;;
562;La Terrasse;1006 r Champ Canon;74210;SAINT FERRÉOL;04 50 44 50 05;http://www.hotelflorimont.com;;;;;;;"['terrasse', ""repas d'affaire"", 'restaurant repas de groupe']";;;
563;Pizz And Co;all Larry;74200;MARIN;04 50 71 48 74;http://pizzco.fr;;;;;;;;;;
564;Le Flambeau ROSE ET CHARLIE SARL;Place De La Mairie 210 r Centre;74260;LES GETS;04 50 79 80 66;http://en.lesgets.com/le-flambeau.html;;;cuisine française;5.0;;;['animaux acceptés', 'terrasse', 'parking', 'facilité bébé', 'restaurant repas de groupe'];['Lundi', '12h00 - 14h00', '19h00 - 21h00', 'Mardi', '12h00 - 14h00', '19h00 - 21h00', 'Mercredi', 'Jeudi', '12h00 - 14h00', '19h00 - 21h00', 'Vendredi', '12h00 - 14h00', '19h00 - 21h00', 'Samedi', '12h00 - 14h00', '19h00 - 21h00', 'Dimanche', '12h00 - 14h00', '19h00 - 21h00'];;
565;DELI' S CORNER;22 r Charles Feige;74120;MEGÈVE;04 50 21 02 61;;;;;;;;['animaux acceptés', 'terrasse', 'restaurant repas de groupe', 'wifi'];['Lundi', '10h00 - 23h00\n ', 'Mardi', '10h00 - 23h00', 'Mercredi', '10h00 - 23h00', 'Jeudi', '10h00 - 23h00', 'Vendredi', '10h00 - 23h00', 'Samedi', '10h00 - 23h00', 'Dimanche', '10h00 - 23h00'];;
566;LA FABRIK;quai Charles Albert Besson;74500;EVIAN LES BAINS;04 50 74 44 28;www.restaurant-lafabrik.fr;;;;;;;['Sièges sociaux ', 'Restaurants '];['Lundi', '09h30 - 00h00', 'Mardi', '09h30 - 00h00', 'Mercredi', '09h30 - 00h00', 'Jeudi', 'Vendredi', '09h30 - 00h00', 'Samedi', '09h30 - 00h00', 'Dimanche', '09h30 - 00h00'];;
567;BENMANS;43 r Voirons;74100;VILLE LA GRAND;09 87 51 03 02;;;;;;;;;;;
568;Passion Pizza;236 av Geneve;74170;SAINT GERVAIS LES BAINS;04 50 96 61 36;http://www.passion-pizza.com;;;;;;;;;;
569;La Taniere;3597 rte Agy;74300;SAINT SIGISMOND;04 50 34 12 35;http://la-taniere-agy.fr;;;;;;;;;;
570;Pizza Plus;104 r Pertuiset;74130;BONNEVILLE;04 50 25 72 78;http://pizzaplus-74.fr/magasins-pizza-haute-savoie.php;;;restauration rapide;5.0;;;['pizzeria'];['Lundi', '17h30 - 21h30', 'Mardi', '11h00 - 13h30', '17h30 - 21h30', 'Mercredi', '11h00 - 13h30', '17h30 - 21h30', 'Jeudi', '11h00 - 13h30', '17h30 - 21h30', 'Vendredi', '11h00 - 13h30', '17h30 - 21h30', 'Samedi', '11h00 - 13h30', '17h30 - 21h30', 'Dimanche', '17h30 - 21h30'];;
571;L'Abri Cyclette;221 rte Stade;74410;SAINT JORIOZ;09 87 51 62 42;www.facebook.com;;;;;;;['Cafés, bars ', 'Restaurants '];;;
572;Koukoui Hyacinthe;36 av Albigny;74000;ANNECY;06 09 26 99 79;http://www.kheops-pizzas.fr;;;;;;;['pizzeria', 'plat à emporter', 'terrasse', 'service continu', 'restaurant repas de groupe', 'accès handicapés', 'wifi'];['Lundi', 'Mardi', '18h00 - 22h30', 'Mercredi', '18h00 - 22h30', 'Jeudi', '18h00 - 22h30', 'Vendredi', '18h00 - 22h30', 'Samedi', '18h00 - 22h30', 'Dimanche', '18h00 - 22h30'];;
573;Tebbal Mustapha;10 av Stade;74960;MEYTHET;06 69 41 62 04;;;;;;;;;;;
574;P.E.P Restauration;1 rte Follieux;74700;SALLANCHES;09 75 25 05 28;http://restaurant-labraconnecmb.fr;;;;;;;['Bourgogne ', 'Accès pour personnes à mobilité réduite ', 'Accès internet ', 'Bodega ', 'Fait maison ', 'Fruits de mer ', 'Montagne '];;;
575;Le Restaurant Du Golf D'Esery;Esery 28 all Château;74930;REIGNIER ESERY;04 50 36 58 03;http://www.golf-club-esery.com;;;;;;;;['Lundi', 'Mardi', '12h00 - 14h30', 'Mercredi', '12h00 - 14h30', 'Jeudi', '12h00 - 14h30', 'Vendredi', '12h00 - 14h30', 'Samedi', '12h00 - 14h30', 'Dimanche', '12h00 - 14h30'];;
576;Patruno Marielle;100 Bis imp Bezu;74300;CHÂTILLON SUR CLUSES;04 50 58 29 44;;;;;;;;;;;
577;La Crêperie d'Annecy le Vieux;Le Hameau des Tilleuls 11 r Lachat;74000;ANNECY LE VIEUX;04 50 77 03 23;www.facebook.com;;;;;;;['Cuisine française '];;;
578;La Sandwicherie;4 r Carnot;74000;ANNECY;09 53 28 83 40;;;;;;;;['animaux acceptés', 'accès handicapés'];['Lundi', 'Mardi', '09h00 - 19h00', 'Mercredi', '09h00 - 19h00', 'Jeudi', '09h00 - 19h00', 'Vendredi', '09h00 - 19h00', 'Samedi', '09h00 - 19h00', 'Dimanche'];45.900845;6.125796
579;La Chavinette;109 pl Eglise;74220;LA CLUSAZ;06 77 88 57 69;fr-fr.facebook.com;;;restauration rapide;5.0;;;['plat à emporter', 'animaux acceptés', 'parking', 'wifi'];['Lundi', 'Mardi', '11h30 - 15h30', 'Mercredi', '11h30 - 15h30', 'Jeudi', '11h30 - 15h30', 'Vendredi', 'Samedi', 'Dimanche', '11h30 - 15h30'];;
580;Bar Du Lac;les Plagnes;74360;ABONDANCE;04 50 73 01 63;;;;;;;;['cheminée', 'animaux acceptés', 'terrasse', 'parking', 'facilité bébé', 'accès handicapés'];['Lundi', '09h00 - 01h00', 'Mardi', '09h00 - 01h00', 'Mercredi', '09h00 - 01h00', 'Jeudi', '09h00 - 01h00', 'Vendredi', '09h00 - 01h00', 'Samedi', '09h00 - 01h00', 'Dimanche', '09h00 - 01h00'];;
581;La Gamelle;résid Arve Giffre 660 plt Saix;74340;SAMOËNS;06 67 83 85 38;www.facebook.com/LaGamelle1600;;;;;;;;;;
582;Nano Caffe;2615 rte Leutaz;74120;MEGÈVE;04 50 21 25 01;;;;;;;;;;;
583;Good Morning Vietnam;4 r Pasteur;74200;THONON LES BAINS;04 50 76 20 08;http://good-morning-vietnam.business.site;;;;;;;['Asiatique ', 'Vietnamienne '];;;
584;Le Carafon;3 r Nationale;74500;EVIAN LES BAINS;09 83 59 21 86;;;;;;;;;;;
585;Evian Kebab;5 r Nationale;74500;EVIAN LES BAINS;04 50 75 63 91;;;;restaurant turc;5.0;;;"['plat à emporter', 'terrasse', ""repas d'affaire""]";['Lundi', '11h00 - 15h00', '18h00 - 22h30', 'Mardi', '11h00 - 15h00', '18h00 - 22h30', 'Mercredi', '11h00 - 15h00', '18h00 - 22h30', 'Jeudi', '11h00 - 15h00', '18h00 - 22h30', 'Vendredi', '11h00 - 15h00', '18h00 - 22h30', 'Samedi', '11h00 - 15h00', '18h00 - 22h30', 'Dimanche', '11h00 - 15h00', '18h00 - 22h30'];;
586;Les Tables du Chef;718 rte Chapeau;74400;CHAMONIX MONT BLANC;06 07 23 17 26;http://lestablesdephilippe.com;;;cuisine française;5.0;;;['Cuisine française ', 'Enfant ', 'Guide michelin ', 'Menu de fêtes ', 'Menu végan ', 'Menu végétarien ', 'Montagne ', 'Pierrade ', 'Produit local ', 'Saint jacques ', 'Vue panoramique '];;;
587;Atmos;123 pl Balmat;74400;CHAMONIX MONT BLANC;04 50 55 97 97;http://www.restaurant-atmosphere.com;;;cuisine française;3.0;;;"['animaux acceptés', 'terrasse', ""repas d'affaire"", 'facilité bébé', 'restaurant repas de groupe', 'accès handicapés', 'wifi', 'climatisation']";['Lundi', '12h00 - 14h00', '19h00 - 22h30', 'Mardi', '12h00 - 14h00', '19h00 - 22h30', 'Mercredi', '12h00 - 14h00', '19h00 - 22h30', 'Jeudi', '12h00 - 14h00', '19h00 - 22h30', 'Vendredi', '12h00 - 14h00', '19h00 - 22h30', 'Samedi', '12h00 - 14h00', '19h00 - 22h30', 'Dimanche', '12h00 - 14h00', '19h00 - 22h30'];;
588;Pizzeria Chez Camille;131 r Pellissier;74700;SALLANCHES;04 50 58 63 09;;;;cuisine française;5.0;;;['pizzeria', 'plat à emporter', 'animaux acceptés', 'terrasse', 'parking', 'restaurant repas de groupe'];;;
589;Le Délicium JPMA SAS;résid De Rochebrune 11 all Sporting Rochebrune;74120;MEGÈVE;04 50 21 37 15;http://delicium-megeve.com;;;restaurant provençal;3.0;;;['animaux acceptés', 'terrasse', 'parking', 'facilité bébé', 'restaurant repas de groupe', 'accès handicapés'];;;
590;Cafe 2 La Poste SARL CCL;1541 rte Nationale;74120;MEGÈVE;04 50 21 02 18;http://megeve.com/noesit/!/fiche/le-cafe-2-la-poste-167286;;;restaurant savoyard;5.0;;;['bistrot', 'accès handicapés'];;;
591;RESTAURANT L ANCRENAZ;58 Col de l'Encrenaz;74110;LA CÔTE D'ARBROZ;04 50 75 71 30;;;;cuisine française;4.0;;;"['terrasse', ""repas d'affaire"", 'facilité bébé', 'cheminée', 'organisation de réception', 'plat à emporter', 'animaux acceptés', 'parking', 'service continu', 'restaurant repas de groupe', 'accès handicapés', 'climatisation', 'sandwicherie']";['Lundi', '09h30 - 18h00\n ', 'Mardi', '09h30 - 18h00', 'Mercredi', '09h30 - 18h00', 'Jeudi', '09h30 - 18h00', 'Vendredi', '09h30 - 18h00', 'Samedi', '09h30 - 18h00', 'Dimanche', '09h30 - 18h00'];;
592;Rond De Carotte;50 r Vignette;74170;SAINT GERVAIS LES BAINS;04 50 47 76 39;;;;;;;;;;;
593;DELICES DES TERROIRS;37 av Loverchy;74000;ANNECY;04 50 45 82 65;http://lesmoustachesdezebulon.com;;;cuisine française;2.0;;;['pizzeria', 'plat à emporter', 'terrasse', 'parking', 'restaurant repas de groupe'];['Lundi', '12h00 - 14h00', '18h00 - 22h00', 'Mardi', '12h00 - 14h00', '18h00 - 22h00', 'Mercredi', '12h00 - 14h00', '18h00 - 22h00', 'Jeudi', '12h00 - 14h00', '18h00 - 22h00', 'Vendredi', '12h00 - 14h00', '18h00 - 22h00', 'Samedi', '18h00 - 22h00', 'Dimanche', '18h00 - 22h00'];;
594;La Rotonde La Varenne;Place Charles Cottet 1 r Monnaie;74500;EVIAN LES BAINS;04 50 75 29 97;;['entrée + Plat : ', 'Menu Complet (entrée,Plat,Dessert) : ', 'Plat + Dessert : '];['12,5 €', '14,5 €', '12,5 €'];;;['Filet de Féra'];['18,5 €'];['Cuisine française '];;;
595;L'Arrach bar restaurant;1240 rte Clermont;74330;SILLINGY;04 50 68 70 53;www.facebook.com;;;;;;;;['Lundi', '06h00 - 14h30', 'Mardi', '06h00 - 23h00', 'Mercredi', '06h00 - 23h00', 'Jeudi', '06h00 - 23h00', 'Vendredi', '06h00 - 00h00', 'Samedi', '07h00 - 01h00', 'Dimanche', '00h00 - 01h00', '08h00 - 13h00'];;
596;A Choumas' LE CHAUDRON;imm Panoramique;74500;THOLLON LES MÉMISES;04 50 70 98 66;;;;;;;;;['Lundi', '17h30 - 22h00', 'Mardi', '17h30 - 22h00', 'Mercredi', '17h30 - 22h00', 'Jeudi', '17h30 - 22h00', 'Vendredi', '17h30 - 22h00', 'Samedi', '17h30 - 22h00', 'Dimanche', '17h30 - 22h00'];;
597;Le Virage;45 r Pont Neuf;74150;RUMILLY;04 50 64 62 33;;;;;;;;;;;
598;Le Tindaris;58 r Grottes de Balme;74300;MAGLAND;04 50 34 76 94;http://www.letindaris.fr;;;;;;;['facilités pour bébés', 'animaux acceptés', 'parking', 'terrasses ombragées', 'repas de groupe', 'Pizzerias ', 'Pizzas à emporter ', 'Restaurants italiens ', 'Restaurants '];['Lundi', '12h00 - 14h00', 'Mardi', '12h00 - 14h00', 'Mercredi', '12h00 - 14h00', 'Jeudi', ' 12h00 - 14h00', '19h15 - 22h00', 'Vendredi', '12h00 - 14h00', '19h15 - 22h00', 'Samedi', '12h00 - 14h00', '19h15 - 22h00', 'Dimanche'];;
599;Massidu Mont d'Arbois;3001 rte Edmond De Rothschild;74120;MEGÈVE;04 50 21 31 51;;;;;;;;;;;
600;Baila Pizza;Centre Commercial Cora rte dép 1005;74500;PUBLIER;04 50 16 40 24;http://www.bailapizza.com;['Midi Express (Plat + Boisson) : ', 'Menu Baïla (Entrée + Plat + Boisson ou Plat + Dessert + Boisson) : '];['10.9 €', '15.9 €'];;;['Carpaccio de boeuf (fines tranches de boeuf cru V.B.F, copeaux de parmesan, basilic, citron, salade verte)', 'Calamarts Frits (Calamars frits, citron, sauce tartare)', 'Grande Périgourdine (Salade verte assaisonées, oeuf dur, champignons, lardins cuits, gésiers confits, magret fumé, tomates cerises, croûtons)', 'Grande Fugia (Salade verte assaisonnée, burrata, pesto, poivrons marinés, jambon italien, copeaux de parmesan, tomates cerises, gressins)', 'Tiramisu (Recette traditionnelle au café et mascarpone, marsala, crème fouettée)', 'Crumble Fruits Rouges (Compotées de pommes et fruits rouges, croustillant doré au four, sorbet fruits des bois, crème fouettée)'];['6.9 €', '4.5 €', '12.9 €', '14.9 €', '5.8 €', '5.8 €'];['16-20 euros '];[];;
601;Noly'S Café;26 r Soeurs Blanches;74000;ANNECY;04 50 27 46 67;;;;Cuisine française;4.0;;;['terrasse', 'restaurant repas de groupe'];;;
602;Ms Service;16 Grande Rue;74160;SAINT JULIEN EN GENEVOIS;09 86 16 81 64;;;;;;;;;;;
603;Restaurant La Marmite;30 imp Etang;74800;LA ROCHE SUR FORON;04 50 25 91 52;http://www.restaurant-la-marmite.info;;;;;;;"['cuisine française', 'buffet de mariage', 'banquet', ""repas d'entreprise"", ""repas d'anniversaire"", 'repas de famille', 'organisation de baptême', 'organisation de séminaire', 'organisation de mariage', 'cocktail', 'Traiteurs, organisation de réception ', 'Restaurants pour réceptions, pour séminaires ', 'Restaurants ']";['Lundi', '11h45 - 13h30', 'Mardi', '11h45 - 13h30', 'Mercredi', '11h45 - 13h30', 'Jeudi', '11h45 - 13h30', '19h00 - 21h00', 'Vendredi', '11h45 - 13h30', '19h00 - 21h30', 'Samedi', '11h45 - 13h30', '19h00 - 21h30', 'Dimanche'];;
604;Beer O'Clock;18 fbg Ste Claire;74000;ANNECY;04 50 65 83 78;;;;;;;;"['dégustation', ""cadeau d'entreprise"", 'bière', 'cidre', 'Cavistes ', 'Restaurants ']";['Lundi', '17h00 - 00h00', 'Mardi', '17h00 - 01h00', 'Mercredi', '17h00 - 01h00', 'Jeudi', '17h00 - 01h00', 'Vendredi', '17h00 - 01h00', 'Samedi', '17h00 - 02h00', 'Dimanche', '17h00 - 02h00'];;
605;Villa Borghese;17 quai Charles Albert Besson;74500;EVIAN LES BAINS;04 50 38 68 38;http://www.villaborghese-restaurant.com;;;;;;;['plat à emporter', 'terrasse', 'parking', 'facilité bébé'];['Lundi', '11h30 - 14h30', '18h30 - 22h30', 'Mardi', '11h30 - 14h30', '18h30 - 22h30', 'Mercredi', '11h30 - 14h30', '18h30 - 22h30', 'Jeudi', ' 11h30 - 14h30', '18h30 - 22h30', 'Vendredi', '11h30 - 14h30', '18h30 - 23h00', 'Samedi', '11h30 - 14h30', '18h30 - 23h00', 'Dimanche', '11h30 - 14h30', '18h30 - 22h30'];;
606;Hôtel Restaurant Le Pré De La Cure;1 pl Mairie;74140;YVOIRE;04 50 72 83 58;www.pre-delacure.com;;;;;;;['Hammam', 'TV/Satellite', 'Parking', 'Wi-fi', 'Animaux acceptés', 'Restaurant', '25 chambres', 'Ascenseur', 'Piscine couverte', 'Facilités bébés', 'Sauna', 'Hôtels ', 'Restaurants '];;;
607;AUBERGE PISTE BLEUE;plateau Beauregard;74220;LA CLUSAZ;04 50 02 45 45;http://www.hotel-piste-bleue.fr/index.php;;;;;;;['animaux acceptés', 'terrasse', 'parking', 'facilité bébé'];;;
608;Le Munich;4 quai Perrière;74000;ANNECY;04 50 45 02 11;http://www.lemunich.com;;;;;;;['animaux acceptés', 'terrasse', 'parking', 'facilité bébé', 'Zone fumeur', 'restaurant repas de groupe', 'wifi'];['Lundi', 'Mardi', 'Mercredi', '12h00 - 14h30', '19h00 - 22h00', 'Jeudi', '12h00 - 14h30', '19h00 - 22h00', 'Vendredi', '12h00 - 14h30', '19h00 - 22h00', 'Samedi', '12h00 - 14h30\n ', '19h00 - 22h00', 'Dimanche', '12h00 - 14h30', '19h00 - 22h00'];;
609;A L'Imprévu;9 r René Cassin;74150;RUMILLY;04 50 10 11 55;;;;;;;;['pizzeria'];['Lundi', 'Mardi', '18h30 - 22h00', 'Mercredi', '18h30 - 22h00', 'Jeudi', '18h30 - 22h00', 'Vendredi', '18h30 - 22h00\n ', 'Samedi', 'Dimanche'];;
610;Les Enfants Terribles Avoriaz;Hôtel des Dromonts Avoriaz 40 pl Dromonts;74110;MORZINE;04 56 44 57 00;http://www.hoteldesdromonts.com;;;;;;;['Cuisine française ', 'Guide michelin '];;;
611;Inter-hôtel du Faucigny;Zae Les Bords D'arve 170 r César Vuarchex;74950;SCIONZIER;04 50 98 16 71;www.hotel-faucigny.com;;;;;;;['Hôtel', 'Animaux acceptés', 'Wi-fi', 'Chambres non fumeurs', 'organisation de séminaire', 'Accès aux personnes à mobilité réduite', 'Télévision satellite', 'Restaurant', 'hôtel pas cher VRP', 'Facilité bébés', 'Parking fermé sécurisé de 3000m2', 'Parking', 'Brunch', 'hôtel avec piscine', 'Menu terroir', 'Piscine', 'Apéritif dînatoire', 'Chambres équipées de salle de bain', 'Climatisation', 'Wifi', 'Hôtels ', 'Restaurants ', 'Résidences de tourisme, résidences hôtelières ', 'Organisation de séminaires, de congrès '];['Lundi', '12h00 - 13h30', '19h30 - 21h00', 'Mardi', '12h00 - 13h30', '19h30 - 21h00', 'Mercredi', '12h00 - 13h30', '19h30 - 21h00', 'Jeudi', '12h00 - 13h30', '19h30 - 21h00', 'Vendredi', '12h00 - 13h30', '19h30 - 21h00', 'Samedi', 'Dimanche'];;
612;L'Ardoise;6 pl Jean Jacques Rousseau;74100;ANNEMASSE;04 50 38 02 53;;;;;;;;['Bars à thèmes ', 'Restaurants '];['Lundi', '09h30 - 23h00', 'Mardi', '09h30 - 23h00', 'Mercredi', '09h30 - 23h00', 'Jeudi', '09h30 - 23h00', 'Vendredi', '09h30 - 23h00', 'Samedi', '09h30 - 23h00', 'Dimanche'];46.193623;6.234091
613;Food Night;r Gare;74000;ANNECY;09 73 66 12 13;www.facebook.com/Foodnight74;;;;;;;;['Lundi', 'Mardi', '20h00 - 04h00', 'Mercredi', '20h00 - 04h00', 'Jeudi', '20h00 - 04h00', 'Vendredi', '20h00 - 04h00', 'Samedi', '20h00 - 04h00', 'Dimanche', '20h00 - 04h00'];;
614;Pizz'a Pietro;138 rte Thônes;74450;SAINT JEAN DE SIXT;04 50 02 73 90;;;;;;;;['pizzeria', 'plat à emporter'];['Lundi', '17h30 - 21h30', 'Mardi', '17h30 - 21h30', 'Mercredi', '17h30 - 21h30', 'Jeudi', '17h30 - 21h30\n ', 'Vendredi', '17h30 - 21h30', 'Samedi', '17h30 - 21h30', 'Dimanche', '17h30 - 21h30'];;
615;Collomb;20 pl Gabriel Fauré;74000;ANNECY LE VIEUX;04 50 23 09 90;http://www.le-clocher.com;;;cuisine française;2.0;['Barrette detonante au chocolat noir amer et fruit de la passion, laque de framboises, sorbet framboise', 'Délice coulant au chocolat extrabitter guayaquil, confit de framboises, glace vanille', 'Escalope de foie gras poêlé et son chaud froid de sorbet pabana, tartare de mangue, jus au soho', 'Fricassée de cuisses de grenouilles decortiquées et morilles servie en cocotte surprise', 'Linguine et demihomard, émulsion de muscade, tomates fraiches, basilic et copeaux de truffes', 'Papillote de bar à la provençale'];['8,9 €', '8,9 €', '13 €', '15,5 €', '28 €', '24 €'];['animaux acceptés', 'terrasse', 'livraison à domicile', 'parking', 'Zone fumeur', 'facilité bébé', 'restaurant repas de groupe', 'accès handicapés', 'wifi', 'chef à domicile'];['Lundi', '12h00 - 14h00', '19h30 - 22h00', 'Mardi', '12h00 - 14h00\n ', '19h30 - 22h00', 'Mercredi', '12h00 - 14h00', '19h30 - 22h00', 'Jeudi', '12h00 - 14h00', '19h30 - 22h00', 'Vendredi', '12h00 - 14h00', '19h30 - 22h30', 'Samedi', '12h00 - 14h00', '19h30 - 22h30', 'Dimanche', '12h00 - 14h00', '19h30 - 22h00'];;
616;Restaurant Les Tournesols;6 r Pamphiot;74200;THONON LES BAINS;04 50 70 83 62;www.hotel-thonon.com;;;;;;;['jardin', 'télévision', 'animaux acceptés', 'parking', 'facilités bébé', 'wifi', 'accès handicapé', 'restaurant', 'Hôtels ', 'Restaurants ', 'Restaurants pour réceptions, pour séminaires '];['Lundi', '12h00 - 14h00', '19h30 - 21h30', 'Mardi', '12h00 - 14h00', '19h30 - 21h30', 'Mercredi', '12h00 - 14h00', '19h30 - 21h30', 'Jeudi', '12h00 - 14h00', '19h30 - 21h30', 'Vendredi', '12h00 - 14h00', '19h30 - 21h30', 'Samedi', '12h00 - 14h00', '19h30 - 21h30', 'Dimanche', '12h00 - 14h00', '19h30 - 21h30'];;
617;Restaurant du Lac;Quai des Pêcheurs quai Deriveurs;74140;NERNIER;04 50 72 80 52;http://www.restaurantdulac.net;;;;;;;['terrasse', 'facilité bébé'];;;
618;Cora Cafétéria;RD 1005 r Cartheray;74500;PUBLIER;04 50 81 45 28;http://www.cora.fr/amphion;;;;;;;['distributeur de billet', 'station de lavage', 'piste poids-lourds', 'dépôt de bouteille de gaz', 'GPL', 'Stations-service ', 'Restaurants '];['Lundi', '07h00 - 20h00', 'Mardi', '07h00 - 20h00', 'Mercredi', '07h00 - 20h00', 'Jeudi', '07h00 - 20h00', 'Vendredi', '07h00 - 20h00', 'Samedi', '07h00 - 20h00', 'Dimanche'];;
619;La Bûche Croisée;Lieudit La Bûche Croisée lieu-dit Tappes;74170;LES CONTAMINES MONTJOIE;06 03 47 39 82;http://www.eximium.fr;;;;;;;;['Lundi', '09h30 - 16h30', 'Mardi', '09h30 - 16h30', 'Mercredi', '09h30 - 16h30', 'Jeudi', '09h30 - 16h30', 'Vendredi', '09h30 - 16h30', 'Samedi', '09h30 - 16h30', 'Dimanche', '09h30 - 16h30'];;
620;Restaurant A La Bonne Heure;Ccal Géant Casino 14 r Résistance;74100;ANNEMASSE;04 50 75 15 18;http://restaurants.casino-restauration.fr;;;;;;;['saladerie', 'sandwicherie', 'Restauration rapide ', 'Restaurants '];['Lundi', '11h30 - 14h30', '18h30 - 21h00', 'Mardi', '11h30 - 14h30', '18h30 - 21h00', 'Mercredi', '11h30 - 14h30', '18h30 - 21h00', 'Jeudi', '11h30 - 14h30', '18h30 - 21h00', 'Vendredi', '11h30 - 14h30', '18h30 - 21h00', 'Samedi', '11h30 - 21h00', 'Dimanche'];;
621;Crescendo Restauration;Ccal Carrefour 1751 av Genève;74700;SALLANCHES;04 50 93 98 94;http://www.crescendo-restauration.fr/restaurant-sallanches-10.html;;;;;;;['animaux acceptés', 'terrasse', 'parking', 'facilité bébé', 'restaurant repas de groupe', 'accès handicapés', 'climatisation', 'wifi'];['Lundi', '08h30 - 21h30', 'Mardi', '08h30 - 21h30', 'Mercredi', '08h30 - 21h30', 'Jeudi', '08h30 - 21h30', 'Vendredi', '08h30 - 21h30', 'Samedi', '08h30 - 21h30', 'Dimanche', '08h30 - 21h30'];;
622;Pol;1 r St Sébastien;74200;THONON LES BAINS;04 50 70 98 41;;;;;;;;;;;
623;Le Restaurant Des Amis;r Mail;74160;SAINT JULIEN EN GENEVOIS;04 50 80 12 70;;;;;;;;;;;
624;Restaurant le 280;280 r du Rhône;74800;SAINT PIERRE EN FAUCIGNY;04 50 03 86 55;www.montblanc-hotel.fr;;;;;"[""Carpaccio de Daurade Royale à l'Huile de Sésame et Gingembre"", 'Gambas Rôties, Compotée de Fenouil aux agrumes et son Emulsion', 'Croustillant de Volaille au Foie Gras parfumé au Whisky, Millefeuille de Panais, Tomates et Courgettes', ""Médaillons de lotte poêlés et son émulsion à l'estragon"", 'Assiette de Fromages de nos Montagnes', ""Mille-feuille Chocolat et son Coeur à l'Orange""]";['14 €', '15 €', '24 €', '24 €', '7 €', '8 €'];['hôtel avec piscine', 'accessibilité aux personnes à mobilité réduite', 'facilité bébé', 'garage fermé', 'parking', 'wi-fi', 'terrasse', 'climatisation', 'Restaurants ', 'Hôtels '];['Lundi', '06h30 - 23h00', 'Mardi', '06h30 - 23h00', 'Mercredi', '06h30 - 23h00', 'Jeudi', '06h30 - 23h00', 'Vendredi', '06h30 - 22h30', 'Samedi', '06h30 - 22h30', 'Dimanche', '06h30 - 22h30'];46.073012;6.380672
625;LA PUZZE S.A.S REVOLA;lieu-dit Honoraz;74440;MORILLON;04 50 90 12 06;http://www.ot-morillon.fr/deguster/la-puzze-restaurant-pizzeria-bar-109440;;;;;;;;['Lundi', ' 09h30 - 15h00', '17h30 - 22h30', 'Mardi', '09h30 - 15h00', '17h30 - 22h30', 'Mercredi', '09h30 - 15h00', '17h30 - 22h30', 'Jeudi', '09h30 - 15h00', '17h30 - 22h30', 'Vendredi', '09h30 - 15h00', '17h30 - 22h30', 'Samedi', '09h30 - 15h00', '17h30 - 22h30', 'Dimanche', '09h30 - 15h00', '17h30 - 22h30'];;
626;Cfm;103 rte Grangeat;74130;CONTAMINE SUR ARVE;06 17 52 43 09;;;;;;;;;;;
627;FAIM GOURMET;24 pl Eglise;74450;LE GRAND BORNAND;04 50 10 47 18;;;;;;;;;;;
628;L'auberge Sur Les Bois;79 rte Thônes;74940;ANNECY LE VIEUX;04 50 64 00 08;http://laubergesurlesbois.fr;;;;;;;"['Bar à vin ', '46-60 euros ', 'Auberge ', 'Fait maison ', 'Montagne ', 'Plat du jour ', 'Produit local ', ""Table d'hôte ""]";;;
629;ELIYA RESTAURANT;12 pl Gerard Bochet;74580;VIRY;04 50 84 37 91;;;;;;;;;;;
630;Dolce Et Pasta VIVALPI;3 pl Eglise;74300;CLUSES;04 50 47 98 06;www.facebook.com;;;restaurant italien;4.0;;;['plat à emporter', 'terrasse', 'parking', 'restaurant repas de groupe', 'accès handicapés'];;;
631;La Table du Baron;quai Baron de Blonay;74500;EVIAN LES BAINS;04 50 26 87 87;www.casino-evian.com;;;Restaurant français;5.0;;;['accès pour les personnes à mobilité réduite', 'jeux pour enfants', 'télévision', 'spa', 'wi-fi', 'hammam', 'climatisation', 'animaux acceptés', 'restaurant', 'salle de sport', 'jardin', 'parking', 'piscine', 'sauna', 'accueil bébé', 'Restaurants ', 'Pianos-bars '];;;
632;Café Du Palais;11 bd Gén Dessaix;74200;THONON LES BAINS;04 50 71 32 94;http://www.hotelcafedupalais.com;;;;;;;['2 étoiles ', 'Hôtels ', 'Restaurants '];['Lundi', '08h00 - 12h30', '13h30 - 18h30', 'Mardi', '08h00 - 12h30', '13h30 - 18h30', 'Mercredi', '08h00 - 12h30', '13h30 - 18h30', 'Jeudi', '08h00 - 12h30', '13h30 - 18h30', 'Vendredi', '08h00 - 12h30', '13h30 - 18h30', 'Samedi', '08h00 - 12h30', '13h30 - 18h30', 'Dimanche'];;
633;La Crèmerie Des Aiguilles;1416 rte Gaillands;74400;CHAMONIX MONT BLANC;06 67 41 24 48;;;;;;['Salade Caesar (grande)', 'Salade Caesar (petite)', 'Croûte fromage aux morilles', 'Crèmeux du Jura', 'Burger maison', 'Entrecôte'];['14\xa0 €', '7\xa0 €', '18\xa0 €', '19\xa0 €', '16\xa0 €', '22\xa0 €'];"['organisation de réception', 'restaurant végétarien', 'jardin', 'animaux acceptés', 'terrasse', ""repas d'affaire"", 'Zone fumeur', 'restaurant repas de groupe']";['Lundi', '08h00 - 14h00', 'Mardi', '08h00 - 14h00', 'Mercredi', '08h00 - 14h00', 'Jeudi', '08h00 - 14h00', 'Vendredi', '08h00 - 14h00', 'Samedi', 'Dimanche'];;
634;Crêperie La Kevrenn;61 r Achille Benoit;74300;CLUSES;04 50 89 12 49;http://lakevrenn.e-monsite.com;;;;;;;['crêperie', 'animaux acceptés', 'terrasse', 'parking', 'facilité bébé', 'restaurant repas de groupe', 'accès handicapés'];['Lundi', 'Mardi', '12h00 - 14h00', '19h00 - 21h30', 'Mercredi', '12h00 - 14h00', '19h00 - 21h30', 'Jeudi', '12h00 - 14h00', ' 19h00 - 21h30', 'Vendredi', '12h00 - 14h00', '19h00 - 21h30', 'Samedi', '12h00 - 14h00', '19h00 - 21h30', 'Dimanche'];;
635;Bosson Huguette;41 rte N-D de La Gorge;74170;LES CONTAMINES MONTJOIE;04 50 47 02 88;;;;;;;;['animaux acceptés', 'terrasse', 'parking', 'facilité bébé', 'restaurant repas de groupe', 'accès handicapés', 'climatisation', 'brasserie'];['Lundi', '12h00 - 14h00', '19h00 - 21h00', 'Mardi', '12h00 - 14h00', '19h00 - 21h00', 'Mercredi', '12h00 - 14h00', '19h00 - 21h00', 'Jeudi', '12h00 - 14h00', '19h00 - 21h00\n ', 'Vendredi', '12h00 - 14h00', '19h00 - 21h00', 'Samedi', '12h00 - 14h00', '19h00 - 21h00', 'Dimanche', '12h00 - 14h00', '19h00 - 21h00'];;
636;AU Touareg;43 pl Edmond Desailloud;74400;CHAMONIX MONT BLANC;07 83 93 49 69;facebook.com/autouareg74400/;;;;;;;;['Lundi', '10h00 - 19h00', 'Mardi', '10h00 - 19h00', 'Mercredi', '10h00 - 19h00', 'Jeudi', 'Vendredi', 'Samedi', '10h00 - 19h00', 'Dimanche', '10h00 - 19h00'];;
637;La Buvette Le Caillet;Route Du Montenvers;74400;CHAMONIX MONT BLANC;06 30 70 59 42;http://www.buvette-chamonix.com;;;;;;;['restaurant végétarien', 'facilité bébé'];;;
638;Cour neuve;25 Grande Rue;74300;CLUSES;07 87 20 47 21;;;;;;;;['crêperie', 'kebab', 'restaurant végétarien', 'terrasse', 'friterie', 'facilité bébé', 'Zone fumeur', 'restaurant halal', 'accès handicapés', 'sandwicherie', 'brasserie', 'fast Food'];['Lundi', 'Mardi', '11h30 - 23h00', 'Mercredi', '11h30 - 23h00', 'Jeudi', '11h30 - 23h00\n ', 'Vendredi', '11h30 - 23h00', 'Samedi', '11h30 - 23h00', 'Dimanche', '11h30 - 23h00'];;
639;La Pierre aux Loups;Route De La Plaine Dranse rte Dranse;74390;CHÂTEL;04 50 81 33 90;;;;;;;;"['cheminée', 'organisation de réception', 'restaurant végétarien', 'plat à emporter', 'animaux acceptés', ""repas d'affaire"", 'facilité bébé', 'restaurant repas de groupe', 'service continu', 'restaurant halal', 'climatisation']";['Lundi', '09h00 - 17h30', 'Mardi', '09h00 - 17h30', 'Mercredi', '09h00 - 17h30', 'Jeudi', '09h00 - 17h30', 'Vendredi', '09h00 - 17h30', 'Samedi', '09h00 - 17h30', 'Dimanche', '09h00 - 17h30'];46.270798;6.832031
640;Auberge de Sulens;74 CHEF Lieu Grand CARR;74230;MANIGOD;04 50 44 97 52;www.manigod.com;;;;;;;['animaux acceptés', 'terrasse', 'facilité bébé', 'restaurant repas de groupe', 'accès handicapés'];;;
641;Côté Plage Sarl;384 rte Plage;74320;SEVRIER;04 50 52 84 27;http://www.cote-plage-sevrier.com;;;cuisine française;3.0;;;['animaux acceptés', 'terrasse', 'parking', 'facilité bébé', 'restaurant repas de groupe', 'accès handicapés'];['Lundi', '12h00 - 14h30', '19h00 - 22h00', 'Mardi', '12h00 - 14h30', '19h00 - 22h00', 'Mercredi', '12h00 - 14h30', '19h00 - 22h00', 'Jeudi', '12h00 - 14h30', '19h00 - 22h00', 'Vendredi', '12h00 - 14h30', '19h00 - 22h00', 'Samedi', '12h00 - 14h30', '19h00 - 22h00', 'Dimanche', '12h00 - 14h30', '19h00 - 22h00'];;
642;Les Delices De L'orient;7 pl Libération;74100;ANNEMASSE;04 50 83 73 17;;;;;;;;;;;
643;Auberge D'Arthaz;564 rte Reignier;74380;ARTHAZ PONT NOTRE DAME;04 50 85 39 95;http://www.aubergedarthaz.fr;;;;;;;"['animaux acceptés', 'terrasse', 'parking', 'bistrot', ""repas d'affaire"", 'restaurant repas de groupe', 'accès handicapés']";['Lundi', '12h00 - 13h30', '19h00 - 21h30', 'Mardi', '12h00 - 13h30', 'Mercredi', '12h00 - 13h30', 'Jeudi', '12h00 - 13h30', '19h00 - 21h30', 'Vendredi', '12h00 - 13h30', '19h00 - 21h30', 'Samedi', '12h00 - 13h30', '19h00 - 21h30', 'Dimanche'];;
644;Restaurant Brasserie La Voile;2 quai Paul Léger PT des Mouettes;74500;EVIAN LES BAINS;04 50 75 53 84;www.la-voile.fr;;;Cuisine française;5.0;;;['animaux acceptés', 'terrasse', 'parking', 'facilité bébé', 'Zone fumeur', 'restaurant repas de groupe', 'accès handicapés', 'climatisation'];['Lundi', ' 12h00 - 22h00', 'Mardi', '12h00 - 22h00', 'Mercredi', '12h00 - 22h00', 'Jeudi', '12h00 - 22h00', 'Vendredi', '12h00 - 22h00', 'Samedi', '12h00 - 22h00', 'Dimanche', '12h00 - 22h00'];46.401614;6.606329
645;Les Arcades;4 quai Eustache Chappuis;74000;ANNECY;04 50 45 09 38;www.facebook.com;;;;;"['Délice Focaccia', ""La terrine d'oie en croûte et ses pistaches"", ""Salade L'Italienne"", 'Salade La César des Arcades', ""Crème brûlée, éclats de M&M's '"", 'Glace 2 boules']";['7.9\xa0 €', '8.9\xa0 €', '13.9\xa0 €', '14.9\xa0 €', '6.9\xa0 €', '4.9\xa0 €'];['21-30 euros '];['Lundi', '12h00 - 15h00', '19h00 - 22h00', 'Mardi', '09h00 - 15h00', '19h00 - 22h00', 'Mercredi', '12h00 - 15h00', '19h00 - 22h00', 'Jeudi', '12h00 - 15h00', '19h00 - 22h00', 'Vendredi', '12h00 - 15h00', '19h00 - 22h00', 'Samedi', '12h00 - 15h00', '19h00 - 22h00', 'Dimanche', '12h00 - 15h00', '19h00 - 22h00'];;
646;Restaurant le Redon;1 chem Plage;74200;MARGENCEL;04 50 72 27 51;;;;;;;;;;;
647;Restaurant Au Petit Savoyard;Terr le Mont;74470;LULLIN;04 50 81 56 06;http://www.au-petit-savoyard.fr;;;cuisine française;5.0;;;"['cheminée', 'jardin', 'animaux acceptés', 'terrasse', 'bistrot', ""repas d'affaire"", 'facilité bébé', 'restaurant repas de groupe', 'accès handicapés', 'climatisation', 'wifi']";['Lundi', '12h00 - 14h00', '19h00 - 22h00', 'Mardi', '12h00 - 14h00', '19h00 - 22h00', 'Mercredi', '12h00 - 14h00', ' 19h00 - 22h00', 'Jeudi', '12h00 - 14h00', '19h00 - 22h00', 'Vendredi', '12h00 - 14h00', '19h00 - 22h00', 'Samedi', '12h00 - 14h00', '19h00 - 22h00', 'Dimanche', '12h00 - 14h00', '19h00 - 22h00'];;
648;LE YETI;le Badnay;74440;MORILLON;04 50 90 11 39;http://yeti-restaurant.fr;;;;;;;['plat à emporter', 'terrasse', 'restaurant repas de groupe', 'brasserie'];['Lundi', '12h00 - 14h00', '19h00 - 22h00', 'Mardi', '12h00 - 14h00', '19h00 - 22h00', 'Mercredi', '12h00 - 14h00', '19h00 - 22h00', 'Jeudi', '12h00 - 14h00', '19h00 - 22h00', 'Vendredi', '12h00 - 14h00', '19h00 - 22h00', 'Samedi', 'Dimanche'];;
649;L' Adret de la Flégère;Flégère;74400;CHAMONIX MONT BLANC;04 50 55 34 88;www.restaurants-altitude.com;;;;;;;"['organisation de séminaire', 'service en salle', 'plat à emporter', ""restaurant d'altitude"", 'terrasse', 'réservation conseillée', 'Restaurants ', 'Infrastructures de sports et loisirs ', 'Hôtels ']";;45.960358;6.886536
650;Les Ecuries Du Pré Carré;10 r Vaugelas;74000;ANNECY;04 50 45 59 14;http://www.restaurant-les-ecuries.com;;;cuisine française;5.0;['Salade de patate douce et butturnut roti au miel et au thym', 'Saumon fumé par nos soins crème ciboulette et ses toast', 'Demi magret de canard sauce chèvre miel avec haricovert au lard.', 'Nouilles sautées au gambas façon thail', 'Charlotte chocolat noisette', 'La Tarte du jour'];['10\xa0 €', '11\xa0 €', '19\xa0 €', '20\xa0 €', '9\xa0 €', '7\xa0 €'];['animaux acceptés', 'terrasse', 'parking', 'restaurant repas de groupe'];['Lundi', '12h00 - 14h00', '18h00 - 22h30', 'Mardi', '12h00 - 14h00', '18h00 - 22h30', 'Mercredi', '12h00 - 14h00', '18h00 - 22h30', 'Jeudi', '12h00 - 14h00', '18h00 - 22h30', 'Vendredi', '12h00 - 14h00', '18h00 - 23h00', 'Samedi', '12h00 - 14h00', '18h00 - 23h00', 'Dimanche'];;
651;Place D'Italie;3621 rte Albertville;74320;SEVRIER;04 50 02 76 83;;;;;;;;['traiteur italien', 'Traiteurs ', 'Restaurants '];;;
652;Chez Caramello;245 r Lanches;74890;BONS EN CHABLAIS;04 50 36 14 71;;;;;;;;['brasserie'];;;
653;Résidence Maeva Le Mont d'Arbois;117 chem Rocaille;74120;MEGÈVE;04 50 91 94 00;http://www.coiffeur-sallanches-megeve.fr;;;;;;;['Résidences de tourisme, résidences hôtelières ', 'Restaurants ', 'Terrains, clubs de tennis ', 'Villages, clubs de vacances '];['Lundi', '09h00 - 13h00', '14h00 - 17h30', 'Mardi', '09h00 - 13h00', '14h00 - 17h30', 'Mercredi', '09h00 - 13h00', '14h00 - 17h30', 'Jeudi', '09h00 - 13h00', '14h00 - 17h30', 'Vendredi', '09h00 - 14h00', 'Samedi', 'Dimanche'];;
654;Le Frenchie;25 av Romains;74000;ANNECY;04 50 46 48 60;;;;;;;;;;;
655;FERME LA CHAMOISEE;Trechauffe;74200;LA FORCLAZ;04 50 76 06 35;;;;;;;;;;;
656;BKQ Services;1 r Jean Jaurès;74000;ANNECY;04 50 77 72 21;;;;;;;;;;;
657;Al Vesuvio;13 r Ile;74000;ANNECY;04 50 11 76 72;;;;;;;;;;;
658;L'Arrêt Bougnette;Plan De L'envers pl Gare;74660;VALLORCINE;04 50 54 63 04;www.facebook.com;;;cuisine française;4.0;;;"['crêperie', 'restaurant sans gluten', 'terrasse', ""repas d'affaire"", 'facilité bébé', 'restaurant bio', 'wifi', 'organisation de réception', 'restaurant végétarien', 'plat à emporter', 'animaux acceptés', 'parking', 'Zone fumeur', 'service continu', 'restaurant repas de groupe', 'accès handicapés']";['Lundi', '09h00 - 17h00', 'Mardi', '09h00 - 17h00', 'Mercredi', '09h00 - 21h00', 'Jeudi', '09h00 - 21h00', 'Vendredi', '09h00 - 21h00', 'Samedi', '09h00 - 21h00', 'Dimanche', '09h00 - 21h00'];;
659;Les Arcades;22 pl Hôtel de Ville;74150;RUMILLY;04 50 01 57 56;;;;cuisine française;1.0;;;['pizzeria', 'plat à emporter', 'animaux acceptés', 'terrasse', 'parking'];['Lundi', '12h00 - 14h00\n ', '19h00 - 23h00', 'Mardi', '12h00 - 14h00', '19h00 - 23h00', 'Mercredi', 'Jeudi', 'Vendredi', '12h00 - 14h00', '19h00 - 23h00', 'Samedi', '12h00 - 14h00', '19h00 - 23h00', 'Dimanche', '12h00 - 14h00', '19h00 - 23h00'];;
660;One Again;12 pl Charles Albert;74700;SALLANCHES;04 50 89 56 39;facebook.com;;;;;;;['parking', 'fast Food'];['Lundi', '10h00 - 14h30', 'Mardi', '10h00 - 14h30', 'Mercredi', '10h00 - 14h30', 'Jeudi', '10h00 - 14h30', 'Vendredi', '10h00 - 14h30', 'Samedi', '10h00 - 14h30', 'Dimanche'];;
661;Bistrot Perrière;7 r Perrière;74000;ANNECY;04 50 45 79 90;www.facebook.com/LaTaverneSavoyarde;;;Restaurant savoyard;1.0;;;['plat à emporter', 'animaux acceptés', 'terrasse', 'parking', 'facilité bébé', 'restaurant repas de groupe'];['Lundi', '11h30 - 14h30', '18h00 - 22h30', 'Mardi', '11h30 - 14h30', '18h00 - 22h30', 'Mercredi', '11h30 - 14h30', '18h00 - 22h30', 'Jeudi', '11h30 - 14h30', '18h00 - 22h30', 'Vendredi', '11h30 - 14h30', '18h00 - 22h30', 'Samedi', '11h30 - 14h30', '18h00 - 22h30', 'Dimanche', '11h30 - 14h30', '18h00 - 22h30'];;
662;Quick FIX BURGER-FRANCE QUICK SAS;Centre Bonlieu 1 r Jean Jaurès;74000;ANNECY;04 50 52 90 81;http://www.quick.fr;;;restauration rapide;5.0;;;['plat à emporter', 'animaux acceptés', 'terrasse', 'parking', 'facilité bébé', 'restaurant repas de groupe', 'accès handicapés', 'restaurant bio', 'wifi', 'climatisation', 'fast Food'];['Lundi', '10h30 - 22h00', 'Mardi', '10h30 - 22h00', 'Mercredi', '10h30 - 23h00', 'Jeudi', '10h30 - 23h00', 'Vendredi', '10h30 - 23h00', 'Samedi', '10h30 - 23h00', 'Dimanche', '10h30 - 23h00'];;
663;CHEZ DRET;9 Les Crêts Marteneaux;74890;FESSY;04 50 36 32 72;;;;;;;;['animaux acceptés', 'parking', 'climatisation'];['Lundi', '12h00 - 14h00', 'Mardi', '12h00 - 14h00', 'Mercredi', '12h00 - 14h00', 'Jeudi', '12h00 - 14h00', 'Vendredi', '12h00 - 14h00', 'Samedi', 'Dimanche'];;
664;K-Bane;rte Varins;74120;PRAZ SUR ARLY;04 50 58 76 07;www.facebook.com;;;;;;;['Cuisine du monde '];['Lundi', '10h00 - 15h00', 'Mardi', '10h00 - 15h00', 'Mercredi', '10h00 - 15h00', 'Jeudi', '10h00 - 15h00', 'Vendredi', '10h00 - 20h00', 'Samedi', 'Dimanche'];;
665;Cordée;140 rte Grandes Alpes;74220;LA CLUSAZ;04 50 02 46 18;http://www.clusaz-restaurant.fr;;;restaurant savoyard;4.0;;;['animaux acceptés', 'terrasse', 'restaurant repas de groupe'];;;
666;Hôtel Morgane;145 av Aiguille du Midi;74400;CHAMONIX MONT BLANC;04 50 53 57 15;http://www.morgane-hotel-chamonix.com;;;;;;;"['Consigne à bagages', 'Journaux gratuits dans le hall', 'Navette aéroport (en supplément)', 'Bain turc/Hammam', 'Année de construction : 1997', 'Une salle de réunion', 'Forfait pour les remontées mécaniques disponibles', 'Réception ouverte 24 heures sur 24', 'Bar/salon', 'Salle(s) de soins spa', 'Petit-déjeuner disponible (en supplément)', 'Navette vers les pistes', 'Piscine couverte', 'Bibliothèque', 'Télévision dans le hall', 'Service de départ express', 'Cheminée dans le hall', 'Nombre de bâtiments : 1', 'Bagagiste', 'Restaurant', 'Accès Internet Wi-Fi gratuit', 'Poste informatique', ""Nombre d'étages : 5"", ""Baby-sitting ou garde d'enfants (supplément)"", 'Établissement non-fumeur', 'Coffre-fort à la réception', 'Assistance pour visites/billets', 'Personnel multilingue', ""Service d'arrivée express"", 'Terrasse sur le toit', 'Sauna', 'Spa à service complet', 'Nombre total de chambres : 56', 'Local à skis', 'Ascenseur', 'Parking gratuit à proximité', 'Hammam', 'Hôtels ', 'Restaurants ']";;;
667;Auberge Camélia;406 rte Villaz;74570;AVIERNOZ;04 50 22 44 24;www.hotelcamelia.com;;;;;;;['bar', 'animaux acceptés', 'parking', 'chambre double', 'wifi', 'Hôtels ', 'Restaurants '];['Lundi', '12h00 - 14h00', 'Mardi', '12h00 - 14h00', '19h30 - 21h30', 'Mercredi', '12h00 - 14h00', '19h30 - 21h30', 'Jeudi', '12h00 - 14h00', '19h30 - 21h30', 'Vendredi', '12h00 - 14h00', '19h30 - 21h30', 'Samedi', '12h00 - 14h00', '19h30 - 21h30', 'Dimanche', '12h00 - 14h00'];;
668;Dubos Thierry;298 r Faucigny;74490;SAINT JEOIRE;04 50 35 29 40;;;;;;;;['pizzeria', 'plat à emporter'];['Lundi', '18h00 - 22h00', 'Mardi', '18h00 - 22h00', 'Mercredi', '18h00 - 22h00', 'Jeudi', '18h00 - 22h00', 'Vendredi', '18h00 - 22h00', 'Samedi', '18h00 - 22h00', 'Dimanche'];;
669;Ty Breiz;650 rte N-D de La Gorge;74170;LES CONTAMINES MONTJOIE;04 50 47 18 32;http://www.lescontamines.com/hiver/sejourner/savourer-et-sortir/restaurants/le-ty-breiz-1200413;;;;;;;['animaux acceptés', 'terrasse', 'parking', 'facilité bébé', 'accès handicapés'];['Lundi', '00h00 - 02h00', 'Mardi', '17h00 - 00h00', 'Mercredi', '17h00 - 02h00', 'Jeudi', '17h00 - 02h00', 'Vendredi', '17h00 - 02h00', 'Samedi', '17h00 - 02h00', 'Dimanche', '17h00 - 02h00'];;
670;LE D'JOSS BAR;13 r Mairie;74200;LYAUD;04 50 73 38 46;http://parrabeljocelyne.site-solocal.com;;;;;;;"[""Organisation d'événements"", 'bar', 'Wi-fi', 'terrasse', 'Loto', 'Restaurants ', 'Cafés, bars ']";['Lundi', '06h45 - 15h00', '17h30 - 19h30', 'Mardi', '06h45 - 15h00', '17h30 - 19h30', 'Mercredi', '06h45 - 15h00', 'Jeudi', '06h45 - 15h00', '17h30 - 19h30', 'Vendredi', '06h45 - 15h00', '17h30 - 23h30', 'Samedi', '07h00 - 15h00', '17h30 - 23h30', 'Dimanche', '07h30 - 12h30'];;
671;La Brasserie Gourmande;368 r Tuilerie;74330;EPAGNY METZ TESSY;04 50 24 20 97;http://www.lbg-brasserie.com;['Plat du jour : ', 'Entrée + plat du jour : ', 'Plat du jour + dessert au choix selon tous les desserts de la carte : ', 'Entrée + plat du jour + dessert au choix selon tous les desserts de la carte : '];['10 €', '13 €', '14 €', '17 €'];;;;;;['Lundi', '11h45 - 14h00', '18h45 - 21h30', 'Mardi', '11h45 - 14h00', '18h45 - 21h30', 'Mercredi', '11h45 - 14h00', '18h45 - 21h30', 'Jeudi', '11h45 - 14h00', '18h45 - 21h30', 'Vendredi', '11h45 - 14h00', '18h45 - 22h30', 'Samedi', '11h45 - 14h00', '18h45 - 22h30', 'Dimanche'];;
672;Bc Annecy;8 fbg Ste Claire;74000;ANNECY;04 38 80 28 34;;;;;;;;;;;
673;Le Chaudron;79 r Moulins;74400;CHAMONIX MONT BLANC;04 50 53 40 34;http://www.le-chaudron-chamonix.com;;;;;;;['animaux acceptés', 'terrasse', 'restaurant repas de groupe'];;;
674;LE MATEFAIM;728 rte Grand Massif;74340;SAMOËNS;04 50 34 60 71;www.facebook.com;;;;;;;['crêperie', 'pizzeria'];;;
675;Vintage by juno;300 rte Annecy;74370;PRINGY;04 50 44 65 63;http://www.vintage-by-juno.com/fr/evenements,2/2018,292.html;;;;;;;['Cavistes ', 'Restaurants '];['Lundi', 'Mardi', '10h00 - 12h30', '14h30 - 20h00', 'Mercredi', '10h00 - 12h30', '14h30 - 20h00', 'Jeudi', '10h00 - 12h30', '14h30 - 20h00', 'Vendredi', '10h00 - 12h30', '14h30 - 20h00', 'Samedi', '10h00 - 13h00', '14h00 - 20h00', 'Dimanche', '09h30 - 13h30'];;
676;Le Temple Du Fromage;Za Du Crêt av Stade;74500;LUGRIN;04 50 76 00 14;www.temple-du-fromage.com;;;;;;;['fondue', 'Vente au détail de produits régionaux', 'terrasse', 'affinage de fromage', 'fromagerie au détail', 'Accès aux personnes à mobilité réduite', 'Location de salle pour réception', 'restauration à base de fromages', 'fondue savoyarde', 'musée traditionnel du fromage', 'raclette', 'restaurant repas de groupe', 'tartiflette', 'berthoud', 'Forfait repas et visite au musée', 'Restaurants ', 'Fromageries ', 'Musées '];['Lundi', '09h00 - 19h00', 'Mardi', '09h00 - 19h00', 'Mercredi', '09h00 - 19h00', 'Jeudi', '09h00 - 19h00', 'Vendredi', '09h00 - 19h00', 'Samedi', '09h00 - 19h00', 'Dimanche', '09h00 - 19h00\n '];;
677;Hôtel Fleur De Neige;564 rte Vonnes;74390;CHÂTEL;04 50 73 20 10;http://www.hotel-fleurdeneige.fr/index.php/fr;;;;;;;['télévision', 'hôtel avec piscine', 'wifi', 'hammam', 'sauna', 'coffre-fort', 'bar', 'demi-pension', 'animaux acceptés', 'parking', 'facilités bébé', 'hôtel spa', 'accès handicapé', 'Hôtels ', 'Restaurants '];['Lundi', '12h00 - 13h30', '19h00 - 21h00', 'Mardi', '12h00 - 13h30', '19h00 - 21h00', 'Mercredi', '12h00 - 13h30', '19h00 - 21h00', 'Jeudi', '12h00 - 13h30', ' 19h00 - 21h00', 'Vendredi', '12h00 - 13h30', '19h00 - 21h00', 'Samedi', '12h00 - 13h30', '19h00 - 21h00', 'Dimanche', '12h00 - 13h30', '19h00 - 21h00'];;
678;Le Rucher;14 imp Veudey;74130;BONNEVILLE;04 50 97 39 36;;;;;;;;['Terrasse', 'Animaux acceptés', 'Parking'];['Lundi', '11h00 - 14h00', 'Mardi', 'Mercredi', '11h00 - 14h00', '19h00 - 21h00', 'Jeudi', '11h00 - 14h00', '19h00 - 21h00', 'Vendredi', '11h00 - 14h00', '19h00 - 21h00', 'Samedi', '11h00 - 14h00', '19h00 - 21h00', 'Dimanche', '11h00 - 14h00', '19h00 - 21h00'];;
679;Le Bouchon Du Lac;223 av Genève;74170;LE FAYET;04 50 93 69 09;;;;restaurant traditionnel;5.0;;;;;;
680;Vuarand François;1086 rte Bechigne;74390;CHÂTEL;09 62 58 07 80;;;;;;;;;;;
681;Cour neuve;25 Grande Rue;74300;CLUSES;07 87 20 47 21;;;;;;;;['crêperie', 'kebab', 'restaurant végétarien', 'terrasse', 'friterie', 'facilité bébé', 'Zone fumeur', 'restaurant halal', 'accès handicapés', 'sandwicherie', 'brasserie', 'fast Food'];['Lundi', 'Mardi', '11h30 - 23h00', 'Mercredi', '11h30 - 23h00', 'Jeudi', '11h30 - 23h00', 'Vendredi', '11h30 - 23h00', 'Samedi', '11h30 - 23h00', 'Dimanche', '11h30 - 23h00'];;
682;Emporio Chilien;1 av Loverchy;74000;ANNECY;07 63 27 52 07;www.facebook.com/Emporio-Chilien-1438596056170418;;;;;;;;['Lundi', '09h00 - 18h00', 'Mardi', '09h00 - 18h00', 'Mercredi', '09h00 - 18h00', 'Jeudi', '09h00 - 18h00', 'Vendredi', '09h00 - 18h00', 'Samedi', 'Dimanche'];;
683;Le Tandem Annecy;54 av Genève;74000;ANNECY;04 50 67 33 60;www.facebook.com;;;;;;;;;;
684;DLICIMES;1501 rte Praz;74400;CHAMONIX MONT BLANC;04 56 37 34 58;;;;;;;;['Cuisine française '];;;
685;Brasserie du Belvédère;1 av Léman;74200;THONON LES BAINS;04 50 71 10 04;http://www.thononlesbains.com/fr/restaurant/1/154594-brasserie-du-belvedere.html;;;cuisine française;5.0;['Gravelax de Saumon au sel viking', 'Oeuf mollet mariné et pané à la cacahuète', 'Pavé de Boeuf Rossini', 'Tartare de Boeuf traditionnel', 'Café Gourmand du moment', 'Crème Brûlée à la passion'];['11\xa0 €', '12\xa0 €', '36\xa0 €', '19.5\xa0 €', '8.9\xa0 €', '8\xa0 €'];['animaux acceptés', 'terrasse', 'facilité bébé', 'restaurant repas de groupe'];['Lundi', 'Mardi', '12h00 - 14h00', '19h00 - 22h00', 'Mercredi', '12h00 - 14h00', '19h00 - 22h00', 'Jeudi', '12h00 - 14h00', '19h00 - 22h00', 'Vendredi', '12h00 - 14h00\n ', '19h00 - 22h00', 'Samedi', '12h00 - 14h00', '19h00 - 22h00', 'Dimanche'];;
686;Sports'Bar;247 rte Palais des Sports;74120;MEGÈVE;06 33 38 88 19;http://megeve.com/noesit/!/fiche/sports-bar-294025;;;;;;;;;;
687;Brasserie de la Gare;9 pl Gare;74800;LA ROCHE SUR FORON;04 50 03 11 47;;;;cuisine française;5.0;;;['animaux acceptés', 'terrasse', 'parking', 'restaurant repas de groupe', 'brasserie'];['Lundi', '12h00 - 14h00', '19h00 - 22h00', 'Mardi', '12h00 - 14h00', '19h00 - 22h00', 'Mercredi', '12h00 - 14h00', '19h00 - 22h00', 'Jeudi', '12h00 - 14h00', '19h00 - 22h00', 'Vendredi', '12h00 - 14h00', '19h00 - 22h00', 'Samedi', '19h00 - 22h00', 'Dimanche'];;
688;La Piste Noire;Hôtel La Marmotte 61 r Chene;74260;LES GETS;04 50 84 55 20;http://www.lesgets.com;;;;;;;['Cuisine française '];;;
689;Pizza'cro;THIEZE;74500;FÉTERNES;06 76 34 64 24;;;;;;;;['pizzeria'];;;
690;L'Arrach bar restaurant;1240 rte Clermont;74330;SILLINGY;04 50 68 70 53;www.facebook.com;;;;;;;;['Lundi', '06h00 - 14h30', 'Mardi', '06h00 - 23h00', 'Mercredi', '06h00 - 23h00', 'Jeudi', '06h00 - 23h00', 'Vendredi', '06h00 - 00h00', 'Samedi', '07h00 - 01h00', 'Dimanche', '00h00 - 01h00', '08h00 - 13h00'];;
691;Pizza Spécialp;24 pl Commerce;74570;THORENS GLIÈRES;06 47 37 80 17;www.facebook.com;;;;;;;;;;
692;Paninoteca;8 r Royale;74000;ANNECY;04 50 44 16 20;paninoteca.fr;;;;;;;['Traiteur italien ', 'Vente à emporter ', 'Traiteurs ', 'Restaurants '];['Lundi', '10h00 - 18h00', 'Mardi', '10h00 - 18h00', 'Mercredi', '10h00 - 18h00', 'Jeudi', '10h00 - 18h00', 'Vendredi', '10h00 - 18h00', 'Samedi', '10h00 - 18h00', 'Dimanche'];;
693;PIZZERIA DES LACS;650 av Louis Coppel;74300;THYEZ;04 50 89 87 65;;;;restauration rapide;5.0;;;['pizzeria', 'plat à emporter', 'terrasse', 'restaurant casher', 'service continu', 'restaurant halal', 'accès handicapés'];['Lundi', '11h00 - 14h00', '17h00 - 23h00', 'Mardi', '11h00 - 14h00', '17h00 - 23h00', 'Mercredi', '11h00 - 14h00', '17h00 - 23h00', 'Jeudi', '11h00 - 14h00', '17h00 - 23h00', 'Vendredi', '11h00 - 14h00', '17h00 - 23h00', 'Samedi', '11h00 - 14h00', '17h00 - 23h00', 'Dimanche', '17h00 - 23h00'];;
694;La Cave Copobat SARL;Passage Des Echoppes 8 r Pâquier;74000;ANNECY;04 50 66 41 90;http://www.barlacave.fr;;;;;;;['Bar à vin ', 'Bars à thèmes ', 'Restaurants '];;;
695;FABRICATIONS DISTRIBUTIONS SERVICES;170 che Bornand;74120;DEMI QUARTIER;06 08 21 66 13;;;;;;;;;;;
696;Pizzeria Cafe de L'Usine;289 av Digues;74800;SAINT PIERRE EN FAUCIGNY;04 50 03 80 89;www.facebook.com;;;;;;;;;;
697;Muller Nicolas;Home 1 2 av Chambéry;74000;ANNECY;06 46 18 34 33;;;;;;;;['Panoramique '];;;
698;Pizza Perrine;15 r Perrine;74800;LA ROCHE SUR FORON;04 50 07 44 53;www.facebook.com;;;;;;;['pizzeria', 'plat à emporter', 'livraison à domicile', 'parking', 'friterie', 'wifi', 'sandwicherie'];;;
699;Restaurant Le Dru;25 av Ravanel le Rouge;74400;CHAMONIX MONT BLANC;04 50 34 10 35;;;;cuisine française;1.0;;;['terrasse', 'restaurant repas de groupe', 'climatisation'];['Lundi', '08h00 - 23h00', 'Mardi', '08h00 - 23h00', 'Mercredi', '08h00 - 23h00', 'Jeudi', '08h00 - 23h00', 'Vendredi', '08h00 - 23h00', 'Samedi', '08h00 - 23h00', 'Dimanche', '08h00 - 23h00'];;
700;Green Soft Bar;73 av Ravanel le Rouge;74400;CHAMONIX MONT BLANC;04 50 47 90 19;;;;;;;;['plat à emporter'];['Lundi', '09h00 - 23h00', 'Mardi', '09h00 - 23h00', 'Mercredi', '09h00 - 23h00', 'Jeudi', '09h00 - 23h00', 'Vendredi', '09h00 - 23h00', 'Samedi', '09h00 - 23h00', 'Dimanche', '09h00 - 23h00'];;
701;Rameeka;19 r Libération;74240;GAILLARD;04 50 38 27 90;http://www.restaurantrameeka.com;;;restaurant indien;5.0;;;"['facilité bébé', 'organisation de mariages', 'restaurant halal', 'accès aux personnes à mobilité réduite', 'apéritif maison offert', 'cuisine du monde', 'animaux acceptés', 'parking', ""organisation d'événements"", ""organisation d'anniversaires"", 'restaurant repas de groupe', 'accès handicapés', 'climatisation', 'restaurant', 'organisation de baptêmes']";['Lundi', 'Mardi', '12h00 - 14h00', '19h00 - 23h00', 'Mercredi', '12h00 - 14h00', '19h00 - 23h00', 'Jeudi', '12h00 - 14h00', '19h00 - 23h00', 'Vendredi', '12h00 - 14h00', '19h00 - 23h00', 'Samedi', '12h00 - 14h00', '19h00 - 23h00', 'Dimanche', '12h00 - 14h00'];;
702;L'O A La Bouche;3 all Lachat;74570;GROISY;04 50 66 64 95;;;;pizzeria;4.0;;;['pizzeria', 'cheminée', 'plat à emporter', 'animaux acceptés', 'terrasse', 'parking', 'Zone fumeur', 'restaurant repas de groupe', 'accès handicapés'];['Lundi', '12h00 - 14h00', 'Mardi', '12h00 - 14h00', 'Mercredi', '12h00 - 14h00', 'Jeudi', '12h00 - 14h00', '19h00 - 21h30', 'Vendredi', '12h00 - 14h00', '19h00 - 21h30', 'Samedi', '12h00 - 14h00', '19h00 - 21h30', 'Dimanche'];;
703;Pizzéria du Chéran;1 pl Trophée;74540;ALBY SUR CHÉRAN;04 50 68 22 62;;;;Restaurant savoyard;5.0;;;['Cuisine au feu de bois', '2 terrasses', 'Pizzeria', 'Accès wi-fi', 'Pizza à emporter', 'Repas de groupes'];['Lundi', 'Mardi', '08h30 - 14h30', ' 17h30 - 21h30', 'Mercredi', '08h30 - 14h30', '17h30 - 21h30', 'Jeudi', '08h30 - 14h30', '17h30 - 21h30', 'Vendredi', '08h30 - 14h30', '17h30 - 21h30', 'Samedi', '17h30 - 21h30', 'Dimanche'];45.817174;6.020768
704;Bosson Huguette;41 rte N-D de La Gorge;74170;LES CONTAMINES MONTJOIE;04 50 47 02 88;;;;;;;;['animaux acceptés', 'terrasse', 'parking', 'facilité bébé', 'restaurant repas de groupe', 'accès handicapés', 'climatisation', 'brasserie'];['Lundi', '12h00 - 14h00', '19h00 - 21h00', 'Mardi', '12h00 - 14h00', '19h00 - 21h00', 'Mercredi', '12h00 - 14h00', '19h00 - 21h00', 'Jeudi', '12h00 - 14h00', '19h00 - 21h00', 'Vendredi', '12h00 - 14h00', '19h00 - 21h00', 'Samedi', '12h00 - 14h00', '19h00 - 21h00', 'Dimanche', '12h00 - 14h00', '19h00 - 21h00'];;
705;Fan House;36 r Sommeiller, PAS Près Carré;74000;ANNECY;04 50 51 34 41;;;;;;;;;;;
706;Le Spot;66 pl Fruitière;74310;LES HOUCHES;04 50 54 46 76;;;;cuisine française;5.0;;;['plat à emporter', 'terrasse', 'climatisation', 'wifi', 'brasserie'];['Lundi', '07h00 - 01h00', 'Mardi', '07h00 - 01h00', 'Mercredi', '07h00 - 01h00', 'Jeudi', '07h00 - 01h00', 'Vendredi', '07h00 - 01h00', 'Samedi', '07h00 - 01h00', 'Dimanche', ' 07h00 - 01h00'];;
707;Annema Squash;1193 rte Fontaines;74380;CRANVES SALES;04 50 38 08 08;;;;;;;;['Clubs de squash ', 'Infrastructures de sports et loisirs ', 'Restaurants '];['Lundi', '09h30 - 22h00', 'Mardi', '09h30 - 22h00', 'Mercredi', '09h30 - 22h00', 'Jeudi', '09h30 - 22h00', 'Vendredi', '09h30 - 22h00', 'Samedi', 'Dimanche'];;
708;Fleur De Printemps;30 r Genève;74100;ANNEMASSE;04 50 37 69 96;;;;restaurant asiatique;5.0;;;['animaux acceptés', 'parking', 'restaurant repas de groupe', 'accès handicapés', 'climatisation'];['Lundi', '19h00 - 22h15', 'Mardi', '19h00 - 22h15', 'Mercredi', '12h00 - 13h30', '19h00 - 22h15', 'Jeudi', '12h00 - 13h30', '19h00 - 22h15', 'Vendredi', '12h00 - 13h30', '19h00 - 22h15', 'Samedi', '12h00 - 13h30', '19h00 - 22h15', 'Dimanche', '12h00 - 13h30', '19h00 - 22h15'];;
709;L'Appart Du 17;17 r Pâquier;74000;ANNECY;04 50 45 59 89;http://www.lappartdu17.fr;;;cuisine française;5.0;;;['animaux acceptés', 'restaurant repas de groupe', 'climatisation'];['Lundi', '19h00 - 22h00', 'Mardi', '12h00 - 13h30', '19h00 - 23h15', 'Mercredi', '12h00 - 13h30', '19h00 - 23h15', 'Jeudi', '12h00 - 13h30', '19h00 - 23h15', 'Vendredi', '12h00 - 13h30', '19h00 - 23h15', 'Samedi', ' 19h00 - 23h15', 'Dimanche'];45.900795;6.126338
710;Buvette des Criques;chem Plain Passy;74310;PASSY;06 61 97 59 81;http://www.buvette-des-criques.com;;;;;;;;;;
711;La Table D Olivier;117 r Simon Tissot Dupont;74210;FAVERGES SEYTHENEX;09 51 73 83 20;;;;;;;;;['Lundi', '12h00 - 15h00', 'Mardi', '12h00 - 15h00', 'Mercredi', '12h00 - 15h00', 'Jeudi', '12h00 - 15h00', 'Vendredi', '19h00 - 22h30\n ', 'Samedi', '19h00 - 22h30', 'Dimanche', '12h00 - 15h00'];;
712;Le Betandi;Le Directoire 2 r Italiens;74200;THONON LES BAINS;04 50 71 37 71;http://www.fermedesalpes.com;;;;;;;['Traiteurs ', 'Pizzerias ', 'Pizzas à emporter ', 'Restaurants '];['Lundi', '12h00 - 14h00', '19h00 - 22h00', 'Mardi', '12h00 - 14h00', '19h00 - 22h00', 'Mercredi', '12h00 - 14h00', '19h00 - 22h00', 'Jeudi', '12h00 - 14h00', '19h00 - 22h00', 'Vendredi', '12h00 - 14h00', '19h00 - 22h30', 'Samedi', '12h00 - 14h00', '19h00 - 22h30', 'Dimanche', '12h00 - 14h00', '19h00 - 22h00'];;
713;Restaurant Beijing;2 av Verniaz;74200;ANTHY SUR LÉMAN;04 50 70 93 19;;;;;;;;['Chinoise ', 'Cuisine du monde '];['Lundi', '12h00 - 14h00', '19h00 - 22h30', 'Mardi', '12h00 - 14h00', '19h00 - 22h30', 'Mercredi', '12h00 - 14h00', '19h00 - 22h30', 'Jeudi', '12h00 - 14h00', '19h00 - 22h30', 'Vendredi', '12h00 - 14h00', '19h00 - 22h30', 'Samedi', '12h00 - 14h00', '19h00 - 22h30', 'Dimanche', '12h00 - 14h00'];;
714;Hôtel Alp'Hôtel;192 rte Col des Aravis;74220;LA CLUSAZ;04 50 02 40 06;http://www.clusaz.com;;;;;;;['télévision', 'animaux acceptés', 'hôtel avec piscine', 'facilités bébé', 'parking', 'hôtel spa', 'hammam', 'wifi', 'accès handicapé', 'restaurant', 'sauna', 'Hôtels ', 'Restaurants '];['Lundi', 'Mardi', 'Mercredi', '19h00 - 21h30', 'Jeudi', '19h00 - 21h30', 'Vendredi', '19h00 - 21h30', 'Samedi', '19h00 - 21h30', 'Dimanche', '19h00 - 21h30'];;
715;Neige Et Roc;255 rte Taninges;74340;SAMOËNS;04 50 34 40 72;http://www.neigeetroc.com/fr;;;;;;;['Résidences de tourisme, résidences hôtelières ', 'Restaurants ', 'Hôtels '];;;
716;Hôtel Le Petit Dru;289 rte putheys;74110;MORZINE;04 50 75 77 33;http://www.lepetitdru.com;;;;;;;['Restauration ', 'Résidences de tourisme, résidences hôtelières ', 'Hôtels ', 'Restaurants '];;;
717;AUBERGE DE LA POINTE D ORCHEX;4681 rte Rontalon;74300;THYEZ;04 50 98 58 41;http://www.aubergepointeorchex.sitew.fr/#ACCUEIL.A;;;;;;;['terrasse', 'parking', 'Zone fumeur', 'restaurant repas de groupe', 'accès handicapés'];['Lundi', 'Mardi', 'Mercredi', 'Jeudi', 'Vendredi', '19h00 - 22h00', 'Samedi', '12h00 - 14h00', '19h00 - 22h00', 'Dimanche', '12h00 - 14h00'];;
718;Au Rendez-Vous Des Chasseurs;618 rte Bellegarde;74330;SILLINGY;04 50 22 26 97;;;;;;;;['parking', 'Hôtels ', 'Restaurants '];;;
719;RESTAURANT LES RHODOS;rte Solaison;74130;BRIZON;04 50 96 91 80;http://rhodos.fr;;;cuisine française;4.0;;;['terrasse', 'parking', 'facilité bébé', 'Zone fumeur', 'restaurant repas de groupe', 'accès handicapés'];['Lundi', '12h00 - 14h00', '19h00 - 22h00', 'Mardi', '12h00 - 14h00', '19h00 - 22h00', 'Mercredi', 'Jeudi', '12h00 - 14h00', '19h00 - 22h00', 'Vendredi', '12h00 - 14h00', '19h00 - 22h00', 'Samedi', ' 12h00 - 14h00', '19h00 - 22h00', 'Dimanche', '12h00 - 14h00'];;
720;Mama Rosa;117 r Genève;74240;GAILLARD;04 50 92 01 85;;;;;;;;['plat à emporter', 'animaux acceptés', 'terrasse', 'parking', 'facilité bébé', 'restaurant repas de groupe', 'climatisation'];['Lundi', '10h00 - 14h00', '17h00 - 22h00', 'Mardi', '10h00 - 14h00', '17h00 - 22h00', 'Mercredi', 'Jeudi', '10h00 - 14h00', '17h00 - 22h00', 'Vendredi', '10h00 - 14h00', '17h00 - 22h00', 'Samedi', '10h00 - 14h00', '17h00 - 22h00', 'Dimanche'];;
721;Chez Mimo;bât 1 Les Muriers 1 Bis rte Frégates;74200;MARGENCEL;04 50 17 33 53;;;;;;;;['10-15 euros ', 'Cuisine française ', 'Restaurants ', 'Bars à thèmes '];;;
722;L'ETABLE DES COMPLICES;106 pl Hôtel de Ville;74130;BONNEVILLE;04 50 25 72 66;www.facebook.com;;;;;;;"['plat à emporter', 'animaux acceptés', 'terrasse', 'parking', ""repas d'affaire"", 'accès handicapés', 'wifi']";['Lundi', '07h00 - 16h00', 'Mardi', '07h00 - 16h00', 'Mercredi', '07h00 - 16h00', 'Jeudi', ' 07h00 - 16h00', 'Vendredi', '07h00 - 16h00', 'Samedi', 'Dimanche', '07h00 - 16h00'];;
723;La Taverne De Saint Germain;523 r Beaumont;74910;SAINT GERMAIN SUR RHÔNE;06 63 96 84 39;http://la-taverne-de-saint-germain.business.site;;;;;['Camembert flambé au pastis', 'Salade chèvre miel', 'Fondue 4 fromages en hiver seulement', 'Mega burger', 'Mousse double chocolat noir/lait', 'Tiramisu au Nutella'];['10\xa0 €', '8\xa0 €', '22\xa0 €', '16\xa0 €', '6\xa0 €', '7\xa0 €'];['Pizzerias ', 'Brasseries ', 'Restaurants '];['Lundi', 'Mardi', 'Mercredi', 'Jeudi', '09h00 - 00h00', 'Vendredi', '09h00 - 00h00', 'Samedi', '09h00 - 01h30', 'Dimanche', '09h00 - 01h30'];;
724;Moaila;48 r Chablais;74100;ANNEMASSE;04 50 38 47 89;http://www.pizzaplus-74.fr;;;;;;;['pizzeria'];['Lundi', '17h30 - 21h30', 'Mardi', '11h00 - 13h30', '17h30 - 21h30', 'Mercredi', '11h00 - 13h30', '17h30 - 21h30', 'Jeudi', '11h00 - 13h30', '17h30 - 21h30', 'Vendredi', '11h00 - 13h30', '17h30 - 21h30', 'Samedi', '11h00 - 13h30', '17h30 - 21h30', 'Dimanche', '17h30 - 21h30'];;
725;Le Passe Franc;r Port;74140;YVOIRE;04 50 16 46 24;www.lepassefranc.fr;;;restaurant français;5.0;;;"[""ouvert à l'année"", 'climatisation', ""repas d'affaires""]";['Lundi', '12h00 - 23h00', 'Mardi', 'Mercredi', '12h00 - 23h00', 'Jeudi', ' 12h00 - 23h00', 'Vendredi', '12h00 - 23h00', 'Samedi', '12h00 - 23h00', 'Dimanche', '12h00 - 23h00'];;
726;Restaurant La Grenouille du Marais;67 rte Avoriaz;74110;MORZINE;04 50 79 24 39;;;;;;;;['animaux acceptés', 'terrasse', 'parking'];['Lundi', '12h00 - 14h00', 'Mardi', '12h00 - 14h00', 'Mercredi', '12h00 - 14h00', 'Jeudi', '12h00 - 14h00', 'Vendredi', '12h00 - 14h00', 'Samedi', '12h00 - 14h00', 'Dimanche', '12h00 - 14h00'];;
727;Chardes Sébastien;5 r Môle;74100;ANNEMASSE;09 67 41 63 37;;;;;;;;;;;
728;L'Heure Tourne;21 r Prés Favre;74000;ANNECY;04 50 45 23 63;http://www.lheuretourne74.com;;;;;;;;['Lundi', '12h00 - 14h00', 'Mardi', '12h00 - 14h00', 'Mercredi', '12h00 - 14h00', 'Jeudi', '12h00 - 14h00', 'Vendredi', '12h00 - 14h00', 'Samedi', '12h00 - 14h00', 'Dimanche'];;
729;Aris;1608 rte Nationale;74120;MEGÈVE;09 63 22 57 59;http://rakuichi.eu;;;;;;;['Asiatique ', 'Japonaise ', '16-20 euros ', 'Restauration rapide '];;;
730;Restaurant Le Cintra;196 pl Eglise;74120;MEGÈVE;04 50 21 02 60;http://www.lecintra.com;;;cuisine française;5.0;;;['animaux acceptés', 'terrasse', 'parking', 'facilité bébé', 'restaurant repas de groupe', 'climatisation'];;;
731;La Regence;20 Grande Rue;74200;THONON LES BAINS;04 50 71 27 87;;;;cuisine française;5.0;;;['restaurant végétarien', 'animaux acceptés', 'terrasse', 'restaurant repas de groupe', 'wifi', 'brasserie'];['Lundi', '11h00 - 15h30', '18h30 - 23h30', 'Mardi', '11h00 - 15h30', '18h30 - 23h30', 'Mercredi', '11h00 - 15h30', '18h30 - 23h30', 'Jeudi', '11h00 - 15h30', '18h30 - 23h30', 'Vendredi', '11h00 - 15h30', '18h30 - 23h30', 'Samedi', '11h00 - 15h30', '18h30 - 23h30', 'Dimanche', ' 11h00 - 15h30', '18h30 - 23h30'];;
732;Domaine Du Chainet;1421 rte Chainet;74540;VIUZ LA CHIÉSAZ;06 60 67 18 92;http://www.domaine-du-chainet.fr;;;cuisine française;4.0;['Bonbon au foie gras et velouté carotte arôme orange', 'Bouillon de volaille au foie gras gingembre et citronnelle', 'Confit de joue de cochon safrané et au citron confit et son espuma de pomme de terre', 'Côte de boeuf frotté au gros sel cuite au feu de bois et sa tatin échalotte crémeu d ail doux', 'Glace caramel beurre salé et croquant chocolat', 'Soufflé au citron vert'];['0\xa0 €', '0\xa0 €', '0\xa0 €', '0\xa0 €', '0\xa0 €', '0\xa0 €'];['terrasse', 'parking'];['Lundi', 'Mardi', 'Mercredi', 'Jeudi', 'Vendredi', '20h00 - 23h00', 'Samedi', '20h00 - 23h00', 'Dimanche'];;
733;Le Capucin Gourmand;1520 rte Genève;74130;VOUGY;04 50 34 03 50;http://www.lecapucingourmand.com;;;cuisine française;3.0;;;['terrasse', 'parking', 'facilité bébé', 'restaurant repas de groupe', 'accès handicapés', 'climatisation'];['Lundi', 'Mardi', '12h00 - 13h30', '19h30 - 21h00', 'Mercredi', '12h00 - 13h30\n ', '19h30 - 21h00', 'Jeudi', '12h00 - 13h30', '19h30 - 21h00', 'Vendredi', '12h00 - 13h30', '19h30 - 21h00', 'Samedi', '12h00 - 13h30', '19h30 - 21h00', 'Dimanche'];;
734;Brasserie de Savoie;234 pl Charles Albert;74700;SALLANCHES;04 50 58 06 54;;;;;;;;['brasserie'];['Lundi', '07h00 - 20h00', 'Mardi', '07h00 - 20h00', 'Mercredi', '07h00 - 20h00', 'Jeudi', '07h00 - 20h00', 'Vendredi', '07h00 - 20h00', 'Samedi', '07h00 - 20h00', 'Dimanche', '07h00 - 20h00'];;
735;Adissan;Le Chalet Du Lac rte Confins;74220;LA CLUSAZ;04 50 10 47 28;;;;;;;;;;;
736;Relais France Suisse;41 r Nationale;74500;SAINT GINGOLPH;04 50 76 70 58;;;;;;;;['animaux acceptés', 'terrasse', 'parking', 'facilité bébé', 'restaurant repas de groupe', 'accès handicapés'];['Lundi', '12h00 - 14h00', '19h00 - 21h00', 'Mardi', '12h00 - 14h00', 'Mercredi', '12h00 - 14h00', '19h00 - 21h00', 'Jeudi', '12h00 - 14h00', '19h00 - 21h00', 'Vendredi', '12h00 - 14h00', '19h00 - 21h00', 'Samedi', '12h00 - 14h00', '19h00 - 21h00', 'Dimanche', '12h00 - 14h00', '19h00 - 21h00'];;
737;Bosson Huguette;41 rte N-D de La Gorge;74170;LES CONTAMINES MONTJOIE;04 50 47 02 88;;;;;;;;['animaux acceptés', 'terrasse', 'parking', 'facilité bébé', 'restaurant repas de groupe', 'accès handicapés', 'climatisation', 'brasserie'];['Lundi', '12h00 - 14h00', '19h00 - 21h00', 'Mardi', '12h00 - 14h00', '19h00 - 21h00', 'Mercredi', '12h00 - 14h00', '19h00 - 21h00', 'Jeudi', '12h00 - 14h00', '19h00 - 21h00', 'Vendredi', '12h00 - 14h00', '19h00 - 21h00', 'Samedi', '12h00 - 14h00', '19h00 - 21h00', 'Dimanche', '12h00 - 14h00', '19h00 - 21h00'];;
738;La table de Marie-Ange;4910 rte Col de la Croix Fry;74230;MANIGOD;04 50 44 90 16;www.hotelchaletcroixfry.com;;;;;;;['hôtel de charme, spa, avec piscine', 'Animaux acceptés', 'Bibliothèque', 'Bar', 'wi-fi', 'terrasse', 'Parking', 'Cheminée', 'Hammam', 'télévision par satellite', 'Piscine', 'Sauna', 'facilités bébé', 'Hôtels ', 'Restaurants ', 'Location saisonnière ', 'Organisation de séminaires, de congrès '];;;
739;CREPERIE LE RETOUR DU SKIEUR;286 r Centre;74260;LES GETS;04 50 79 76 71;;;;restauration rapide;4.0;;;['crêperie', 'plat à emporter', 'animaux acceptés', 'terrasse', 'restaurant repas de groupe'];;;
740;Le Fin des Fins;46 av Genève;74000;ANNECY;09 83 78 02 22;;;;;;;;['Cuisine française '];;;
741;Restaurant les Mandarines;Arbois;74120;MEGÈVE;04 50 21 31 27;http://www.lesmandarines.fr;;;;;;;['animaux acceptés', 'terrasse', 'facilité bébé', 'restaurant repas de groupe'];['Lundi', '09h00 - 17h30', 'Mardi', '09h00 - 17h30', 'Mercredi', '09h00 - 17h30', 'Jeudi', '09h00 - 17h30', 'Vendredi', '09h00 - 17h30', 'Samedi', '09h00 - 17h30', 'Dimanche', '09h00 - 17h30'];;
742;Le Saint Nicolas;252 rte Rochebrune;74120;MEGÈVE;04 50 21 04 94;http://www.coindufeu.com/501-restaurants.htm;;;;;;;['1 étoile ', 'Hôtels ', 'Restaurants '];['Lundi', '19h15 - 22h30', 'Mardi', '19h15 - 22h30', 'Mercredi', '19h15 - 22h30', 'Jeudi', '19h15 - 22h30', 'Vendredi', '19h15 - 22h30', 'Samedi', '19h15 - 22h30', 'Dimanche', '19h15 - 22h30'];;
743;L'Abero;213 Grand Rue;74350;CRUSEILLES;04 50 51 10 30;www.restaurant-labero.fr;;;Restaurant savoyard;4.0;;;['terrasse', 'parking', 'facilité bébé', 'restaurant repas de groupe', 'accès handicapés'];['Lundi', 'Mardi', '08h00 - 01h00', 'Mercredi', '08h00 - 20h00', 'Jeudi', '08h00 - 01h00', 'Vendredi', '08h00 - 01h00', 'Samedi', '08h00 - 01h00', 'Dimanche', '11h00 - 17h00'];;
744;Les Sapins;47 rte Megève;74120;PRAZ SUR ARLY;04 50 21 90 07;www.facebook.com/pages/Restaurant-Les-Sapins/204268119655872;;;Restaurant savoyard;5.0;;;['Animaux acceptés', 'Parking', 'Restaurant repas de groupe', 'Wifi', 'Facilité bébé', 'Terrasse'];['Lundi', 'Mardi', '08h00 - 21h00', 'Mercredi', '08h00 - 21h00', 'Jeudi', '08h00 - 21h00', 'Vendredi', '08h00 - 21h00\n ', 'Samedi', '08h00 - 21h00', 'Dimanche', '08h00 - 21h00'];;
745;Le Cocoon;182 rte Edmond De Rothschild;74120;MEGÈVE;04 50 21 09 91;;;;;;;;;;;
746;Pizzeria L'Achille;143 r Achille Benoit;74300;CLUSES;04 50 96 39 09;;;;;;;;['Pizzerias ', 'Restaurants '];['Lundi', '12h00 - 14h00', '19h00 - 22h00', 'Mardi', '12h00 - 14h00', '19h00 - 22h00', 'Mercredi', '12h00 - 14h00', '19h00 - 22h00', 'Jeudi', '12h00 - 14h00', '19h00 - 22h00', 'Vendredi', '12h00 - 14h00', '19h00 - 22h00', 'Samedi', '12h00 - 14h00', '19h00 - 22h00', 'Dimanche', '12h00 - 14h00', '19h00 - 22h00'];;
747;Pizza D Or;30 av Leman;74890;BONS EN CHABLAIS;04 50 39 33 46;;;;;;;;;;;
748;Le Carafon;3 r Nationale;74500;EVIAN LES BAINS;09 83 59 21 86;;;;;;;;;;;
749;Altitude 2000;chem Pierre à Ruskin;74400;CHAMONIX MONT BLANC;04 50 53 15 58;;;;;;;;['animaux acceptés', 'terrasse'];;;
750;Mamma's;125 r Bourg;74110;MORZINE;04 50 74 31 62;;;;;;;;['plat à emporter', 'terrasse', 'parking'];['Lundi', '12h00 - 14h00', '16h00 - 22h00', 'Mardi', '12h00 - 14h00', '16h00 - 22h00', 'Mercredi', '12h00 - 14h00', '16h00 - 22h00', 'Jeudi', ' 12h00 - 14h00', '16h00 - 22h00', 'Vendredi', '12h00 - 14h00', '16h00 - 22h00', 'Samedi', '12h00 - 14h00', '16h00 - 22h00', 'Dimanche', '12h00 - 14h00', '16h00 - 22h00'];;
751;Falconnet;134 pl Arcades;74800;SAINT PIERRE EN FAUCIGNY;04 50 97 28 63;;;;;;;;['Animaux acceptés', 'Facilités bébés', 'Accès pour les personnes à mobilité réduite', 'Terrasse'];;;
752;Les Crètes de Zorre;200 A chem Martenant;74110;MORZINE;04 50 79 24 73;;;;;;;;['Cuisine française '];;;
753;JF JULI;Les Combettes;74110;MORZINE;04 50 74 16 80;;;;;;;;"['organisation de réception', 'animaux acceptés', 'terrasse', 'karaoké', 'parking', ""repas d'affaire"", 'facilité bébé', 'restaurant repas de groupe', 'dîner spectacle', 'accès handicapés', 'wifi']";['Lundi', '09h00 - 22h00', 'Mardi', '09h00 - 22h00', 'Mercredi', '09h00 - 22h00', 'Jeudi', '09h00 - 22h00', 'Vendredi', '09h00 - 22h00', 'Samedi', '09h00 - 22h00', 'Dimanche', '09h00 - 22h00'];;
754;Chez Mireille Le Darbelin;1780 rte Frebouges D'En Haut;74700;CORDON;04 50 58 06 04;www.ledarbelin.fr;;;Cuisine française;5.0;['Barre de Foie gras, crumble et gelée de myrtille'];['15 €'];['Animaux acceptés', 'Parking', 'Jardin', 'Facilité bébé', 'Restaurant repas de groupes', 'Terrasse', 'Accès handicapés', 'Cafés, bars ', 'Restaurants '];['Lundi', '09h00 - 17h00', 'Mardi', '09h00 - 17h00', 'Mercredi', ' 09h00 - 17h00', 'Jeudi', '09h00 - 17h00', 'Vendredi', '09h00 - 17h00', 'Samedi', '09h00 - 17h00', 'Dimanche', '09h00 - 17h00'];;
755;Tokyo Sushi;3621 rte Albertville;74320;SEVRIER;04 50 60 08 41;http://www.ichibansushi74.fr/restaurant.html;['(12 pièces) : ', '(18 pièces) : ', '(18 pièces) : ', '(12 pièces) : '];['12.80 €', '11.50 €', '15.80 €', '13.80 €'];restaurant japonais;5.0;;;['terrasse', 'parking', 'facilité bébé', 'restaurant repas de groupe'];['Lundi', 'Mardi', '12h00 - 14h30', '19h00 - 22h30', 'Mercredi', '12h00 - 14h30', '19h00 - 22h30', 'Jeudi', '12h00 - 14h30', '19h00 - 22h30', 'Vendredi', '12h00 - 14h30', '19h00 - 22h30', 'Samedi', '12h00 - 14h30', '19h00 - 22h30', 'Dimanche', '12h00 - 14h30', '19h00 - 22h30'];;
756;Uncle Beans;6 r Vieux Thononais;74200;THONON LES BAINS;04 50 76 14 21;http://www.uncle-beans.fr/;;;;;;;['bar'];['Lundi', 'Mardi', 'Mercredi', '11h00 - 22h30', 'Jeudi', '11h00 - 22h30', 'Vendredi', '11h00 - 22h30', 'Samedi', '11h00 - 22h30', 'Dimanche', '11h00 - 19h00'];;
757;La Chaumine;4 pl Hôtel de Ville;74230;THÔNES;04 50 02 98 94;http://www.hotel-lachaumine-megeve.com;;;cuisine du monde;5.0;;;['pizzeria', 'animaux acceptés', 'terrasse', 'parking', 'facilité bébé', 'restaurant repas de groupe', 'wifi'];['Lundi', '12h00 - 14h00', '19h00 - 21h30', 'Mardi', '12h00 - 14h00', '19h00 - 21h30', 'Mercredi', '12h00 - 14h00', '19h00 - 21h30', 'Jeudi', '12h00 - 14h00', '19h00 - 21h30', 'Vendredi', '12h00 - 14h00', '19h00 - 21h30', 'Samedi', '12h00 - 14h00', '19h00 - 21h30', 'Dimanche'];;
758;Chez Marcel;6959 rte Chinaillon;74450;LE GRAND BORNAND;04 50 27 00 66;;;;;;;;;['Lundi', '08h00 - 02h00', 'Mardi', '08h00 - 02h00', 'Mercredi', '08h00 - 02h00', 'Jeudi', '08h00 - 02h00', 'Vendredi', '08h00 - 02h00', 'Samedi', '08h00 - 02h00', 'Dimanche', '08h00 - 02h00'];45.97384;6.45461
759;RESTAURANT DE LA PISCINE;8 pl Avet;74230;THÔNES;06 67 19 52 18;;;;;;;;['plongeoir', 'aire de baignade', 'base nautique', 'Infrastructures de sports et loisirs ', 'Restaurants '];;;
760;Snack de la Piscine;240 r Albert Gruffat;74700;SALLANCHES;06 81 48 23 78;;;;;;;;;;;
761;ELIYA RESTAURANT;12 pl Gerard Bochet;74580;VIRY;04 50 84 37 91;;;;;;;;;;;
762;Lapiaz;lieu-dit Cascade;74300;FLAINE;04 50 90 87 66;www.facebook.com;;;;;;;['Hôtels ', 'Restaurants '];['Lundi', '09h00 - 17h30', 'Mardi', '09h00 - 17h30', 'Mercredi', '09h00 - 22h30', 'Jeudi', '09h00 - 17h30', 'Vendredi', '09h00 - 22h30', 'Samedi', '09h00 - 17h30', 'Dimanche', '09h00 - 17h30'];;
763;La Porte Sainte Claire;1 fbg Ste Claire;74000;ANNECY;04 50 51 20 91;http://www.porte-sainte-claire.com;;;;;;;['animaux acceptés', 'terrasse', 'parking'];['Lundi', '12h00 - 14h00', '19h00 - 22h00', 'Mardi', 'Mercredi', 'Jeudi', '12h00 - 14h00', '19h00 - 22h00', 'Vendredi', '12h00 - 14h00', '19h00 - 22h00', 'Samedi', '12h00 - 14h00', '19h00 - 22h00', 'Dimanche', '12h00 - 14h00', '19h00 - 22h00'];;
764;Le Bistrot Du Pic;5 quai Bras de Fer;74440;TANINGES;09 50 14 89 24;http://apparthoteldupic.com/le-bistrot-du-pic?fbclid=IwAR1IIdwBn0Ne6ERuXkTpuSgKia-mGzqC8zxrXmZVAKqDHs1lNA0IqsrxtIk;;;;;;;['bistrot'];['Lundi', '06h45 - 16h00', 'Mardi', '06h45 - 16h00', 'Mercredi', '06h45 - 16h00', 'Jeudi', '06h45 - 16h00', 'Vendredi', '06h45 - 16h00', 'Samedi', 'Dimanche'];;
765;La Caravelle;59 r Nationale;74500;EVIAN LES BAINS;04 50 75 21 35;www.lacaravelle-evian.com;;;brasserie;3.0;;;['Bar à cocktail ', 'Brasserie ', 'Planche apéritif ', 'Pétanque ', 'Salon de thé ', 'Soirée privée ', 'Cafés, bars ', 'Restaurants '];['Lundi', ' 07h30 - 23h00', 'Mardi', '07h30 - 23h00', 'Mercredi', '07h30 - 23h00', 'Jeudi', '07h30 - 23h00', 'Vendredi', '07h30 - 23h00', 'Samedi', '07h30 - 23h00', 'Dimanche', '07h30 - 23h00'];;
766;Chez Toto;1959 rte Grandes Alpes;74430;SAINT JEAN D'AULPS;06 65 28 84 97;www.facebook.com;;;;;;;['plat à emporter', 'animaux acceptés', 'fast Food'];['Lundi', '11h00 - 14h00', '19h00 - 22h00', 'Mardi', 'Mercredi', '11h00 - 14h00', '19h00 - 22h00', 'Jeudi', '11h00 - 14h00', '19h00 - 22h00', 'Vendredi', '11h00 - 14h00', '19h00 - 22h00', 'Samedi', '19h00 - 22h00', 'Dimanche', '19h00 - 22h00'];;
767;Hôtel Restaurant Bon Séjour SARL;le Nouy;74500;THOLLON LES MÉMISES;04 50 70 92 65;http://www.bon-sejour.com;;;;;;;['jardin', 'télévision', 'animaux acceptés', 'facilités bébé', 'parking', 'wifi', 'restaurant', 'Hôtels ', 'Restaurants '];;;
768;Auberge du Téléphérique;570 rte Moranches;74170;LES CONTAMINES MONTJOIE;04 50 47 02 74;http://www.lescontamines.org;;;;;;;['animaux acceptés', 'terrasse', 'parking', 'facilité bébé', 'accès handicapés', 'wifi', 'brasserie'];['Lundi', '07h15 - 20h00', 'Mardi', '07h15 - 20h00', 'Mercredi', '07h15 - 20h00', 'Jeudi', '07h15 - 20h00', 'Vendredi', '07h15 - 20h00', 'Samedi', '07h15 - 20h00', 'Dimanche', '07h15 - 20h00'];;
769;Caserne Sarde;8 r Voirons;74100;VILLE LA GRAND;04 50 84 75 76;;;;Cuisine française;5.0;;;['Cuisine française '];;;
770;Le Floryvia;1429 av Stade;74460;MARNAZ;04 50 47 24 04;;;;;;;;;['Lundi', '06h30 - 21h30', 'Mardi', '06h30 - 21h30', 'Mercredi', '06h30 - 21h30', 'Jeudi', '06h30 - 21h30', 'Vendredi', '06h30 - 21h30', 'Samedi', '10h00 - 14h00', 'Dimanche', '10h00 - 14h00'];;
771;Bar Le National;plan Avoz;74430;SAINT JEAN D'AULPS;09 62 61 49 66;;;;;;;;;;;
772;Auberge du Château de Clermont;Chef Lieu Château De Clermont 266 montée Chateau;74270;CLERMONT;04 50 77 14 10;http://www.auberge-chateau-clermont.fr;;;;;;;"['plat à emporter', 'terrasse', 'ferme-auberge', 'parking', ""repas d'affaire"", 'facilité bébé', 'restaurant repas de groupe', 'accès handicapés']";['Lundi', '08h30 - 14h00', 'Mardi', '08h30 - 14h00', 'Mercredi', 'Jeudi', '08h30 - 14h00', 'Vendredi', '09h00 - 14h00', '18h00 - 21h30', 'Samedi', '09h00 - 14h00', '18h00 - 21h30', 'Dimanche', '08h30 - 14h00'];;
773;Aromatik;5 r Collège Chapuisien;74000;ANNECY;04 50 51 87 68;http://www.restaurant-aromatik.com/Restaurant_Aromatik_Annecy_Patrice_Le_Dore/Accueil.html;;;;;;;['31-45 euros ', 'Guide michelin '];['Lundi', 'Mardi', '12h00 - 14h00', '19h00 - 23h00', 'Mercredi', '12h00 - 14h00', '19h00 - 23h00', 'Jeudi', '12h00 - 14h00', '19h00 - 23h00', 'Vendredi', '12h00 - 14h00', '19h00 - 23h00', 'Samedi', '12h00 - 14h00', '19h00 - 23h00', 'Dimanche'];;
774;Café Restaurant Fructus;Arcine 153 r Mairie;74270;CLARAFOND;04 50 77 90 13;;['Menu trois plats : '];['15 €'];cuisine française;4.0;;;['terrasse', 'parking', 'facilité bébé', 'restaurant repas de groupe', 'accès handicapés'];['Lundi', '12h00 - 14h00', '19h30 - 20h30', 'Mardi', '12h00 - 14h00', 'Mercredi', 'Jeudi', '12h00 - 14h00', '19h30 - 20h30', 'Vendredi', '12h00 - 14h00', '19h30 - 20h30', 'Samedi', '12h00 - 14h00', '19h30 - 20h30', 'Dimanche', '12h00 - 14h00', '19h30 - 20h30'];;
775;Da Checco;28 r Faucigny;74100;ANNEMASSE;04 56 81 93 19;http://www.dachecco.fr;;;;;['BUFALA :Tomate Mozzarella di Bufala Basilico Huile', 'PARMA :Tomate Mozzarella Jambon de Parme Huile', 'Glaces', 'Pano cotta fruit rouge'];['12\xa0 €', '13.5\xa0 €', '3\xa0 €', '4\xa0 €'];['Pizzerias ', 'Restaurants '];['Lundi', '11h30 - 14h30', '18h00 - 23h00', 'Mardi', '11h30 - 14h30', '18h00 - 23h00', 'Mercredi', '11h30 - 14h30', '18h00 - 23h00', 'Jeudi', '11h30 - 14h30', '18h00 - 23h00', 'Vendredi', '11h30 - 14h30', '18h00 - 23h00', 'Samedi', '11h30 - 14h30', '18h00 - 23h00', 'Dimanche', '11h30 - 14h30', '18h00 - 23h00'];;
776;Auberge De Megevette;chef lieu 50 rte Vallée du Risse;74490;MÉGEVETTE;04 50 35 06 23;http://www.laubergedemegevette.com;;;;;;;['2 étoiles ', 'Hôtels ', 'Restaurants '];;;
777;Thonon Kebab;5 r Chante Coq;74200;THONON LES BAINS;04 50 70 51 69;www.facebook.com/pages/Thonon-Kebab/151166128273499;;;kebab;5.0;;;['Kebab', 'Climatisation', 'Parking', 'Accès pour les personnes à mobilité réduite', 'Terrasse'];['Lundi', '11h00 - 01h00', 'Mardi', '11h00 - 01h00', 'Mercredi', ' 11h00 - 01h00', 'Jeudi', '11h00 - 01h00', 'Vendredi', '11h00 - 01h00', 'Samedi', '11h00 - 01h00', 'Dimanche', '11h00 - 01h00'];;
778;Barbich;Annecy Credit Agricole 0 2 av Genève;74000;ANNECY;04 50 57 69 60;http://www.barbich.co;;;;;;;"['organisation de réception', 'plat à emporter', 'animaux acceptés', 'terrasse', 'parking', 'livraison à domicile', ""repas d'affaire"", 'restaurant repas de groupe', 'accès handicapés', 'climatisation']";['Lundi', '12h00 - 14h00', 'Mardi', '12h00 - 14h00', 'Mercredi', '12h00 - 14h00', 'Jeudi', '12h00 - 14h00', 'Vendredi', '12h00 - 14h00', 'Samedi', 'Dimanche'];;
779;SAS L HACIENDA;34 av Genève;74000;ANNECY;04 50 57 07 32;;;;;;;;;['Lundi', '08h00 - 12h30', 'Mardi', '08h00 - 12h30\n ', '15h30 - 19h00', 'Mercredi', '08h00 - 12h30', '15h30 - 19h00', 'Jeudi', '08h00 - 12h30', '15h30 - 19h00', 'Vendredi', '08h00 - 12h30', '15h30 - 19h00', 'Samedi', '08h00 - 12h30', '15h30 - 19h00', 'Dimanche'];;
780;JOLLY LIENART;Amphion Local 26 Rd 1005 ccal Cora;74500;PUBLIER;04 50 92 69 55;;;;;;;;;;;
781;Restaurant Altiport De Megève;3368 rte Côte 2000;74120;MEGÈVE;04 50 21 31 57;www.facebook.com;;;;;;;['Aérodromes ', 'Restaurants '];['Lundi', '09h00 - 18h00', 'Mardi', '09h00 - 18h00', 'Mercredi', 'Jeudi', '09h00 - 18h00', 'Vendredi', '09h00 - 18h00', 'Samedi', ' 09h00 - 18h00', 'Dimanche', '09h00 - 18h00'];;
782;Cafe Des Sport Bar Brasserie;70 av Gén de Gaulle;74200;THONON LES BAINS;04 50 71 32 21;www.facebook.com;;;;;;;['animaux acceptés', 'terrasse', 'parking', 'restaurant repas de groupe', 'brasserie'];['Lundi', '06h30 - 21h00', 'Mardi', '06h30 - 21h00', 'Mercredi', '06h30 - 21h00', 'Jeudi', '06h30 - 21h00', 'Vendredi', '06h30 - 21h00\n ', 'Samedi', '06h30 - 21h00', 'Dimanche', '08h00 - 14h00'];;
783;Haval Restaurant;49 av Cran;74000;ANNECY;04 50 67 51 80;;;;Restaurant grec;4.0;;;['plat à emporter', 'Facilités bébés', 'Accès pour les personnes à mobilité réduite', 'repas de groupe', 'Terrasse', 'restaurant turc', 'restaurant grec'];['Lundi', '11h30 - 15h00', '18h00 - 01h00', 'Mardi', '11h30 - 15h00', '18h00 - 01h00', 'Mercredi', '11h30 - 15h00', '18h00 - 01h00', 'Jeudi', '11h30 - 15h00', '18h00 - 01h00', 'Vendredi', '11h30 - 15h00', '18h00 - 01h00', 'Samedi', '11h30 - 15h00', '18h00 - 01h00', 'Dimanche', '18h00 - 01h00'];45.906328;6.114019
784;L'Ephémère by Garden Cooking;823 rte Albertville;74320;SEVRIER;07 71 70 68 87;www.facebook.com;;;;;;;;;;
785;Hôtel Restaurant Suatton Noel;72 Chef Lieu;74800;LA CHAPELLE RAMBAUD;04 50 94 58 31;www.lebeausejour.fr;;;cuisine française;5.0;;;"[""repas d'anniversaire"", ""organisation d'événement"", 'parking', 'accès handicapés', 'wifi', 'Restaurants ', 'Hôtels ']";['Lundi', 'Mardi', '12h00 - 13h00', '19h30 - 21h00', 'Mercredi', 'Jeudi', '12h00 - 13h00', '19h30 - 21h00', 'Vendredi', 'Samedi', '12h00 - 13h00', '19h30 - 21h00', 'Dimanche', '12h00 - 13h00'];;
786;Pizza D'isa;25 r Cep;74600;SEYNOD;06 64 58 29 15;;;;;;;;['Pizzerias ', 'Restaurants '];;;
787;Shanghai;r Vignes Rouges;74500;PUBLIER;04 50 26 53 64;http://www.restaurantshanghai.fr;;;;;;;;['Lundi', '12h00 - 14h30', '19h00 - 22h00', 'Mardi', '12h00 - 14h30', '19h00 - 22h00', 'Mercredi', '12h00 - 14h30', '19h00 - 22h00', 'Jeudi', '12h00 - 14h30', '19h00 - 22h00', 'Vendredi', '12h00 - 14h30', '19h00 - 22h00', 'Samedi', '12h00 - 14h30', '19h00 - 22h00', 'Dimanche', '12h00 - 14h30', '19h00 - 22h00'];;
788;Bobby Bar;23 pl Foron;74950;SCIONZIER;04 50 55 83 47;www.facebook.com;;;;;;;['Cafés, bars ', 'Restaurants '];['Lundi', 'Mardi', '16h00 - 00h00', 'Mercredi', '16h00 - 01h00', 'Jeudi', ' 16h00 - 01h00', 'Vendredi', '16h00 - 01h00', 'Samedi', '17h00 - 01h00', 'Dimanche', '00h00 - 01h00'];;
789;Les Chineurs;26 r Ste Claire;74000;ANNECY;04 50 10 02 18;http://www.chineursdelacuisine.com;;;cuisine française;5.0;;;['animaux acceptés', 'terrasse', 'facilité bébé', 'restaurant repas de groupe', 'accès handicapés', 'climatisation'];['Lundi', '12h00 - 14h00', '19h00 - 22h00', 'Mardi', '12h00 - 14h00', '19h00 - 22h00', 'Mercredi', '12h00 - 14h00', '19h00 - 22h00', 'Jeudi', '12h00 - 14h00', '19h00 - 22h00', 'Vendredi', '12h00 - 14h00', '19h00 - 22h00', 'Samedi', '12h00 - 14h00', '19h00 - 22h00', 'Dimanche', '12h00 - 14h00', '19h00 - 22h00\n '];;
790;Losiak Jean-Pierre;325 r Montagny;74700;SALLANCHES;04 50 58 31 13;;;;;;;;['plat à emporter', 'friterie'];;;
791;Brasserie l'Intrepide;Val Semnoz centre cial Géant;74000;SEYNOD;04 50 64 27 54;www.facebook.com;;;;;;;['Cuisine française '];['Lundi', '08h30 - 20h00', 'Mardi', '08h30 - 20h00', 'Mercredi', '08h30 - 20h00', 'Jeudi', '08h30 - 20h00', 'Vendredi', '08h30 - 20h00', 'Samedi', '08h30 - 20h00', 'Dimanche'];;
792;Le George;Chalet Hotel Regina 543 r Centre;74260;LES GETS;04 50 79 43 30;http://www.chalet-regina.fr;;;;;;;['Cuisine française ', 'Inférieur à 10 euros ', 'Montagne ', 'Restaurant savoyard '];['Lundi', '10h00 - 00h00\n ', 'Mardi', '10h00 - 00h00', 'Mercredi', '10h00 - 00h00', 'Jeudi', '10h00 - 00h00', 'Vendredi', '10h00 - 00h00', 'Samedi', '10h00 - 00h00', 'Dimanche', '10h00 - 00h00'];;
793;Le Shalimar;11 av Genève;74200;THONON LES BAINS;04 50 81 66 74;http://miimus.free.fr;;;;;;;['plat à emporter', 'parking', 'restaurant repas de groupe', 'restaurant halal'];['Lundi', 'Mardi', ' 12h00 - 14h00', '19h00 - 22h00', 'Mercredi', '12h00 - 14h00', '19h00 - 22h00', 'Jeudi', '12h00 - 14h00', '19h00 - 22h00', 'Vendredi', '12h00 - 14h00', '19h00 - 22h00', 'Samedi', '12h00 - 14h00', '19h00 - 22h00', 'Dimanche', '12h00 - 14h00', '19h00 - 22h00\n '];;
794;Angkor;13 r Genève;74100;AMBILLY;04 50 37 80 76;;;;;;;;['animaux acceptés', 'climatisation'];['Lundi', 'Mardi', '12h00 - 13h30', '19h00 - 22h30', 'Mercredi', '12h00 - 13h30', '19h00 - 22h30', 'Jeudi', '12h00 - 13h30', '19h00 - 22h30', 'Vendredi', '12h00 - 13h30', '19h00 - 22h30', 'Samedi', '12h00 - 13h30', '19h00 - 22h30', 'Dimanche', '12h00 - 13h30', '19h00 - 22h30'];;
795;Restaurant La Telecabine;résid Carlton 27 r Tour;74400;CHAMONIX MONT BLANC;04 50 47 04 66;http://www.restaurant-latelecabine.fr;;;cuisine française;4.0;;;"['restaurant sans gluten', 'terrasse', ""repas d'affaire"", 'facilité bébé', 'dîner spectacle', 'wifi', 'organisation de réception', 'restaurant végétarien', 'animaux acceptés', 'restaurant repas de groupe', 'service continu', 'accès handicapés', 'climatisation']";['Lundi', '12h00 - 23h00', 'Mardi', '12h00 - 23h00', 'Mercredi', '12h00 - 23h00', 'Jeudi', '12h00 - 23h00', 'Vendredi', '12h00 - 23h00', 'Samedi', '12h00 - 23h00', 'Dimanche', '12h00 - 23h00'];;
796;Grizzly Pub;1 pl Ambiance;74300;ARÂCHES LA FRASSE;04 50 90 02 77;http://grizzlypub.com;;;;;;;;['Lundi', '10h00 - 23h00', 'Mardi', '10h00 - 23h00', 'Mercredi', '10h00 - 23h00', 'Jeudi', '10h00 - 23h00', 'Vendredi', '10h00 - 00h00', 'Samedi', '10h00 - 01h00', 'Dimanche', '00h00 - 01h00', '10h00 - 23h00'];;
797;Le Mousseron;rte Rys;74360;LA CHAPELLE D'ABONDANCE;06 80 47 78 24;www.facebook.com;;;;;;;;['Lundi', '08h30 - 17h00', 'Mardi', '08h30 - 17h00', 'Mercredi', '08h30 - 17h00', 'Jeudi', '08h30 - 17h00', 'Vendredi', '08h30 - 17h00', 'Samedi', ' 08h30 - 17h00', 'Dimanche', '08h30 - 17h00'];;
798;Le Petit Cabri;pl Thay;74140;YVOIRE;04 50 72 88 55;http://www.lepetitcabri.ovh;;;;;;;;['Lundi', '09h00 - 21h00', 'Mardi', '09h00 - 21h00', 'Mercredi', '09h00 - 21h00', 'Jeudi', '09h00 - 21h00', 'Vendredi', '09h00 - 21h00', 'Samedi', '09h00 - 21h00', 'Dimanche', '09h00 - 21h00'];;
799;Alpage de la Vieille;la Vieille D'En Haut;74440;MORILLON;06 84 11 99 27;;;;;;;;['Cuisine française '];;;
800;Cial Investissement SOC;2 pl Ambiance;74300;ARÂCHES LA FRASSE;09 67 31 60 00;;;;;;;;;;;
801;Olympique Bar;21 r Ste Claire;74000;ANNECY;04 50 45 08 38;;;;cuisine française;1.0;;;['Cuisine française '];['Lundi', '12h00 - 00h00', 'Mardi', '12h00 - 00h00', 'Mercredi', '12h00 - 00h00', 'Jeudi', '12h00 - 00h00', 'Vendredi', '12h00 - 00h00', 'Samedi', '12h00 - 00h00', 'Dimanche', '12h00 - 00h00'];45.898285;6.124542
802;Restaurant Du Lac;736 rte Gibannaz;74260;LES GETS;06 19 43 06 15;www.facebook.com;;;cuisine française;1.0;;;['plat à emporter', 'grill', 'terrasse', 'parking', 'restaurant repas de groupe'];['Lundi', '11h00 - 19h00', 'Mardi', '11h00 - 19h00', 'Mercredi', '11h00 - 19h00', 'Jeudi', '11h00 - 19h00', 'Vendredi', '11h00 - 19h00', 'Samedi', '11h00 - 19h00', 'Dimanche', '11h00 - 19h00'];;
803;Restaurant Le Clos Des Sens;13 r Jean Mermoz;74940;ANNECY LE VIEUX;04 50 23 07 90;www.closdessens.com;;;;;;;['télévision', 'jardin', 'wifi', 'sauna', 'Hôtels ', 'Restaurants '];['Lundi', 'Mardi', '19h45 - 21h30', 'Mercredi', '12h00 - 13h30', '19h30 - 21h30', 'Jeudi', '12h00 - 13h30', '19h30 - 21h30', 'Vendredi', '12h00 - 13h30', '19h45 - 21h30', 'Samedi', '12h00 - 13h30', '19h45 - 21h30', 'Dimanche'];;
804;Hôtel Le Borderan;3190 rte Col des Aravis;74220;LA CLUSAZ;04 50 02 43 26;http://www.hotel-borderan.com;;;;;;;['bar', 'télévision', 'jardin', 'animaux acceptés', 'hôtel avec piscine', 'facilités bébé', 'parking', 'wifi', 'restaurant', 'Hôtels ', 'Restaurants '];;;
805;Brasserie Mino;16 pl Hôtel de Ville;74800;LA ROCHE SUR FORON;04 50 03 20 63;www.brasserie-mino.fr;;;;;;;['Accès internet ', 'Bar musical ', 'Brasserie ', 'Jazz club ', 'Cafés, bars ', 'Restaurants '];['Lundi', '12h00 - 14h00', 'Mardi', '12h00 - 14h00', 'Mercredi', '12h00 - 14h00', 'Jeudi', '12h00 - 14h00', 'Vendredi', '12h00 - 14h00', 'Samedi', '12h00 - 14h00', 'Dimanche', '12h00 - 14h00'];;
806;Centre De Balnéothérapie La Fée Bien-Etre;973 rte Vonnes;74390;CHÂTEL;04 50 73 25 80;http://www.residence-hotel-chatel.com;;;;;;;['Résidences de tourisme, résidences hôtelières ', 'Restaurants ', 'Instituts de beauté '];;;
807;Khue Danh Sallanches Restaurant;17 quai Warens;74700;SALLANCHES;09 54 79 97 47;www.facebook.com;;;;;;;;['Lundi', '18h00 - 22h00', 'Mardi', '11h00 - 14h00', '18h00 - 22h00', 'Mercredi', '11h00 - 14h00', '18h00 - 22h00', 'Jeudi', '11h00 - 14h00', '18h00 - 22h00', 'Vendredi', '11h00 - 14h00', '18h00 - 22h00', 'Samedi', '11h00 - 14h00', '18h00 - 22h00', 'Dimanche', '11h00 - 14h00', ' 18h00 - 22h00'];;
808;Hotel Restaurant Le Bois Joli;210 rte du Chenay;74500;SAINT PAUL EN CHABLAIS;04 50 73 60 11;www.hotel-bois-joli.fr;;;;;;;['Restaurants ', 'Hôtels ', 'Résidences de tourisme, résidences hôtelières '];['Lundi', '12h00 - 13h30', '19h00 - 20h30', 'Mardi', '12h00 - 13h30', '19h00 - 20h30', 'Mercredi', '12h00 - 13h30', '19h00 - 20h30', 'Jeudi', '12h00 - 13h30', '19h00 - 20h30', 'Vendredi', '12h00 - 13h30', '19h00 - 20h30', 'Samedi', '12h00 - 13h30', '19h00 - 20h30', 'Dimanche', '12h00 - 13h30', '19h00 - 20h30'];;
809;L'Anfionne;Flaine Forêt Sur Les Pistes Les 404 rte Serveray;74300;ARÂCHES LA FRASSE;04 50 90 20 61;http://anfionnelescarroz.jimdo.com;;;cuisine française;4.0;;;"['Panoramique ', ""Restaurant d'altitude "", 'Cuisine du terroir ', 'Cuisine française ', 'Vue panoramique ']";['Lundi', ' 09h00 - 18h00', 'Mardi', '09h00 - 18h00', 'Mercredi', '09h00 - 18h00', 'Jeudi', '09h00 - 18h00', 'Vendredi', '09h00 - 18h00', 'Samedi', '09h00 - 18h00', 'Dimanche', '09h00 - 18h00'];;
810;Le Folly'S;L'Essert;74360;ABONDANCE;04 50 17 24 98;;;;;;;;['crêperie', 'kebab', 'saladerie', 'sandwicherie', 'brasserie', 'fast Food'];;;
811;Happy Diner;Sci Bornandine 37 av Arcalod;74150;RUMILLY;09 83 36 13 68;http://happydiner.site-solocal.com;;;;;;;['Restauration rapide ', 'Cafés, bars ', 'Bars à thèmes ', 'Restaurants '];['Lundi', '08h00 - 22h00', 'Mardi', '08h00 - 22h00', 'Mercredi', '08h00 - 22h00', 'Jeudi', '08h00 - 00h00', 'Vendredi', '08h00 - 01h00', 'Samedi', '08h00 - 01h00', 'Dimanche', '00h00 - 01h00'];;
812;Hôtel Restaurant Suatton Noel;72 Chef Lieu;74800;LA CHAPELLE RAMBAUD;04 50 94 58 31;www.lebeausejour.fr;;;cuisine française;5.0;;;"[""repas d'anniversaire"", ""organisation d'événement"", 'parking', 'accès handicapés', 'wifi', 'Restaurants ', 'Hôtels ']";['Lundi', 'Mardi', '12h00 - 13h00', '19h30 - 21h00', 'Mercredi', 'Jeudi', ' 12h00 - 13h00', '19h30 - 21h00', 'Vendredi', 'Samedi', '12h00 - 13h00', '19h30 - 21h00', 'Dimanche', '12h00 - 13h00'];;
813;Le Crispy;18 r Pâquier;74000;ANNECY;04 50 45 29 52;www.resto-crispy.com;;;Restauration rapide;5.0;;;['Animaux acceptés', 'Parking', 'Restaurant repas de groupe', 'Plat à emporter', 'Terrasse'];['Lundi', '10h00 - 19h00', 'Mardi', '10h00 - 19h00', 'Mercredi', '10h00 - 19h00', 'Jeudi', '10h00 - 19h00', 'Vendredi', '10h00 - 19h00', 'Samedi', '10h00 - 19h00', 'Dimanche', '10h00 - 19h00'];;
814;Rive Gauche;6 pass Isle;74000;ANNECY;04 50 52 80 39;;;;;;;;['Pizzerias ', 'Restaurants '];;;
815;Restaurant Des Portes Du Soleil;5304 rte Lindarets;74110;MONTRIOND;04 50 74 20 01;;;;;;;;;;;
816;Le Chaudron;79 r Moulins;74400;CHAMONIX MONT BLANC;04 50 53 40 34;http://www.le-chaudron-chamonix.com;;;;;;;['animaux acceptés', 'terrasse', 'restaurant repas de groupe'];;;
817;GARDEN BURGER COMPANY SAMO;Ens Semcoda 41 r Doct Coquand;74100;ANNEMASSE;04 50 49 22 94;;;;;;;;;;;
818;BRASSERIE LA BELLE EPOQUE;9 av Gén de Gaulle;74200;THONON LES BAINS;04 50 71 57 86;http://www.labelle-epoque-thonon.com;;;cuisine française;5.0;;;['terrasse', 'parking', 'brasserie'];;;
819;Chez Poncho;5 r Narvik;74000;ANNECY;04 56 34 93 00;;;;;;;;;;;
820;La Caboche;BP 73 453 chem Moutely;74120;MEGÈVE;04 50 21 55 19;http://www.chaletcaboche.fr/index.php;;;;;;;['animaux acceptés', 'terrasse', 'facilité bébé', 'restaurant repas de groupe'];['Lundi', '12h00 - 15h00', 'Mardi', '12h00 - 15h00', 'Mercredi', '12h00 - 15h00', 'Jeudi', '12h00 - 15h00', 'Vendredi', '12h00 - 15h00', 'Samedi', '12h00 - 15h00', 'Dimanche', '12h00 - 15h00'];;
821;Ristorante Calabria Mia Pizzeria;34 rte Reignier;74930;SCIENTRIER;04 50 25 57 64;http://www.calabriamia.fr;;;;;;;;['Lundi', '11h30 - 14h30', '18h30 - 23h00', 'Mardi', '11h30 - 14h30', '18h30 - 23h00', 'Mercredi', '11h30 - 14h30', '18h30 - 23h00', 'Jeudi', '11h30 - 14h30', '18h30 - 23h00', 'Vendredi', '11h30 - 14h30', '18h30 - 23h00', 'Samedi', '11h30 - 14h30', ' 18h30 - 23h00', 'Dimanche', '11h30 - 14h30', '18h30 - 23h00'];;
822;La Siesta;148 rte Combes;74330;SILLINGY;04 50 22 35 52;;;;cuisine française;5.0;;;['terrasse', 'restaurant repas de groupe'];['Lundi', '12h00 - 14h00', '19h00 - 22h00', 'Mardi', '12h00 - 14h00', '19h00 - 22h00', 'Mercredi', '12h00 - 14h00', '19h00 - 22h00\n ', 'Jeudi', '12h00 - 14h00', '19h00 - 22h00', 'Vendredi', '12h00 - 14h00', '19h00 - 22h00', 'Samedi', '12h00 - 14h00', '19h00 - 22h00', 'Dimanche', '12h00 - 14h00', '19h00 - 22h00'];45.94364;6.060022
823;SAS Marcel Camelot Le Ple;813 rte Jaillet;74120;MEGÈVE;04 57 27 70 04;www.facebook.com;;;;;;;;;;
824;Pizz & Co;1 Bis av Anna de Noailles;74500;EVIAN LES BAINS;04 50 38 98 70;http://www.pizzco.fr;;;;;;;['pizzeria', 'plat à emporter', 'accès handicapés'];['Lundi', '18h00 - 21h30', 'Mardi', '18h00 - 21h30', 'Mercredi', '18h00 - 21h30', 'Jeudi', ' 18h00 - 21h30', 'Vendredi', '18h00 - 21h30', 'Samedi', '18h00 - 21h30', 'Dimanche', '18h00 - 21h30'];46.399227;6.581713
825;Bar Le Platane;16 rte France;74140;VEIGY FONCENEX;04 50 94 99 43;;;;;;;;;['Lundi', 'Mardi', '12h00 - 14h00', '19h00 - 22h00', 'Mercredi', '12h00 - 14h00', '19h00 - 22h00', 'Jeudi', '12h00 - 14h00', '19h00 - 22h00', 'Vendredi', '12h00 - 14h00', '19h00 - 22h00', 'Samedi', '12h00 - 14h00', '19h00 - 22h00', 'Dimanche', '12h00 - 14h00'];;
826;Restaurant Le Get à Pan;90 rte de Viuz en Sallaz;74250;BOGÈVE;04 50 36 62 50;www.getapan.com;;;Restaurant français;1.0;;;['repas de groupe', 'plat à emporter', 'Menu enfant', 'terrasse', 'Repas de groupes'];['Lundi', '19h00 - 21h00', 'Mardi', '19h00 - 21h00', 'Mercredi', '19h00 - 21h00', 'Jeudi', '19h00 - 21h00', 'Vendredi', '19h00 - 21h00', 'Samedi', '19h00 - 22h00', 'Dimanche', '19h00 - 22h00'];46.192728;6.429059
827;Refuge du Tornieux;rte De Mayeres Les Tournieux;74700;SALLANCHES;06 50 26 66 94;www.refuge-tornieux.com;;;Cuisine française;5.0;;;['animaux acceptés', 'terrasse', 'parking', 'restaurant repas de groupe', 'Restaurants ', 'Refuges de montagne '];;;
828;A Contre Temps;311 av Cachat le Géant;74400;CHAMONIX MONT BLANC;04 57 27 72 98;;;;;;;;;;;
829;Le Picabraise;40 rte Pontets;74320;SEVRIER;04 50 51 36 45;http://www.lepicabraise.com;;;cuisine française;5.0;;;['animaux acceptés', 'terrasse', 'parking', 'facilité bébé', 'restaurant repas de groupe', 'wifi', 'climatisation'];['Lundi', '12h00 - 14h00', '19h00 - 23h00', 'Mardi', '12h00 - 14h00', '19h00 - 23h00', 'Mercredi', '12h00 - 14h00', '19h00 - 23h00', 'Jeudi', '12h00 - 14h00', '19h00 - 23h00', 'Vendredi', '12h00 - 14h00', '19h00 - 23h00', 'Samedi', '12h00 - 14h00', '19h00 - 23h00', 'Dimanche', '12h00 - 14h00', '19h00 - 23h00'];;
830;Le Refuge Du Lac;1 pl Port;74500;EVIAN LES BAINS;04 50 70 72 60;;;;;;;;;;;
831;LOWI;152 rte Mouilles;74400;CHAMONIX MONT BLANC;04 50 98 65 22;;;;;;;;;;;
832;Hôtel Restaurant les Servages d'Armelles;841 rte Servages;74300;ARÂCHES LA FRASSE;04 50 90 01 62;www.servages.com;;;;;;;['télévision', 'parking', 'facilités bébé', 'wifi', 'restaurant', 'Hôtels ', 'Restaurants '];['Lundi', '08h00 - 12h00', ' 14h00 - 19h00', 'Mardi', '12h00 - 14h00', '19h15 - 21h30', 'Mercredi', '12h00 - 14h00', '19h15 - 21h30', 'Jeudi', '12h00 - 14h00', '19h15 - 21h30', 'Vendredi', '12h00 - 14h00', '19h15 - 21h30', 'Samedi', '12h00 - 14h00', '19h15 - 21h30', 'Dimanche', '12h00 - 14h00', '19h15 - 21h30'];;
833;La Petite Fontaine;imp Rée;74120;MEGÈVE;06 69 65 30 93;;;;;;;;;['Lundi', '09h00 - 17h00', 'Mardi', '09h00 - 17h00', 'Mercredi', '09h00 - 17h00', 'Jeudi', '09h00 - 17h00', 'Vendredi', '09h00 - 17h00', 'Samedi', '09h00 - 17h00', 'Dimanche', '09h00 - 17h00'];;
834;ALPAGE DE PRE ROSSET PRE LAY;En Ht Téléski Lanchettes Roches Brunes 5350 chem Tour à Pré Rossey;74120;MEGÈVE;04 50 93 58 84;http://www.megeve-altitude.com;;;;;;;['animaux acceptés', 'terrasse', 'parking', 'restaurant repas de groupe'];['Lundi', '09h00 - 00h00', 'Mardi', '09h00 - 00h00', 'Mercredi', '09h00 - 00h00', 'Jeudi', '09h00 - 00h00', 'Vendredi', '09h00 - 00h00', 'Samedi', '09h00 - 00h00', 'Dimanche', '09h00 - 00h00'];;
835;The Snow Company;Hôtel Les Cimes 341 r Charles Feige;74120;MEGÈVE;04 50 21 04 14;http://www.hotellescimes.info;;;;;;;['facilités bébé', 'wifi', 'restaurant', 'Hôtels ', 'Restaurants '];;;
836;L'Espace-L'Etable;727 rte Epagny;74410;SAINT JORIOZ;04 50 68 91 15;;;;;;;;['terrasse', 'parking'];['Lundi', 'Mardi', 'Mercredi', 'Jeudi', '18h00 - 01h00', 'Vendredi', '18h00 - 01h00', 'Samedi', '18h00 - 01h00', 'Dimanche', '18h00 - 01h00'];;
837;Champlon Guillaume;1010 r Allobroges;74140;SAINT CERGUES;09 53 73 80 72;;;;;;;;;;;
838;Bella Pizza;1 r Ursules;74200;THONON LES BAINS;04 50 71 97 27;;;;;;;;['Livraison de pizzas ', 'Restaurants '];['Lundi', '11h00 - 14h00', 'Mardi', '11h00 - 14h00', 'Mercredi', '11h00 - 14h00', 'Jeudi', '11h00 - 14h00', 'Vendredi', '11h00 - 14h00', 'Samedi', '11h00 - 14h00', 'Dimanche', '11h00 - 14h00'];46.3738;6.480594
839;Yoann Conte Bord Du Lac;13 Vieille Route des Pensieres;74290;VEYRIER DU LAC;04 50 09 97 49;http://www.yoannconte.com;;;;;;;['accueil de groupe', 'parking', 'Hôtels ', 'Restaurants '];;;
840;Shiraz;4 av Gare;74500;EVIAN LES BAINS;04 57 43 26 58;;;;;;;;['animaux acceptés', 'terrasse', 'facilité bébé', 'restaurant repas de groupe', 'climatisation', 'wifi'];['Lundi', 'Mardi', '12h00 - 14h00', '19h00 - 23h00', 'Mercredi', '12h00 - 14h00', '19h00 - 23h00', 'Jeudi', '12h00 - 14h00', '19h00 - 23h00', 'Vendredi', '12h00 - 14h00', '19h00 - 23h00', 'Samedi', '12h00 - 14h00', '19h00 - 23h00', 'Dimanche', '12h00 - 14h00', '19h00 - 23h00'];;
841;Framboise et Ciboulette;r jardins;74140;YVOIRE;06 16 28 72 48;;;;;;;;['Végétarien', 'Parking', 'Facilités bébés', 'Repas de groupes', 'Terrasse'];['Lundi', '08h00 - 21h00', 'Mardi', 'Mercredi', '08h00 - 21h00', 'Jeudi', '08h00 - 21h00', 'Vendredi', '08h00 - 21h00', 'Samedi', '08h00 - 21h00', 'Dimanche', '08h00 - 21h00'];;
842;Hôtel Fleur De Neige;564 rte Vonnes;74390;CHÂTEL;04 50 73 20 10;http://www.hotel-fleurdeneige.fr/index.php/fr;;;;;;;['télévision', 'hôtel avec piscine', 'wifi', 'hammam', 'sauna', 'coffre-fort', 'bar', 'demi-pension', 'animaux acceptés', 'parking', 'facilités bébé', 'hôtel spa', 'accès handicapé', 'Hôtels ', 'Restaurants '];['Lundi', '12h00 - 13h30', '19h00 - 21h00', 'Mardi', '12h00 - 13h30', '19h00 - 21h00', 'Mercredi', '12h00 - 13h30', '19h00 - 21h00', 'Jeudi', '12h00 - 13h30', '19h00 - 21h00', 'Vendredi', '12h00 - 13h30', '19h00 - 21h00', 'Samedi', '12h00 - 13h30', '19h00 - 21h00', 'Dimanche', '12h00 - 13h30', '19h00 - 21h00'];;
843;Flocons De Sel;1775 rte Leutaz;74120;MEGÈVE;04 50 21 49 99;http://www.floconsdesel.com/fr;;;;;;;['cheminée', 'télévision', 'espace bien être', 'hôtel spa', 'chambre avec terrasse', 'wifi', 'Hôtels ', 'Restaurants '];;;
844;LE TREMPLIN THE PLACE TO BE;Hôtel Le Tremplin 166 Taille de Mas du Pleney;74110;MORZINE;04 50 83 15 59;http://www.hotel-tremplin.com;;;;;;;;;;
845;Fresh'Ouse;57 av Genève;74000;ANNECY;04 50 62 39 09;;;;;;;;;;;
846;Les Allobroges;387 rte N-D de La Gorge;74170;LES CONTAMINES MONTJOIE;04 50 47 03 93;;;;;;;;['terrasse', 'facilité bébé'];;;
847;Ferme de la Charbonnierre;Col Bluffy 1539 rte Thônes;74290;MENTHON SAINT BERNARD;04 50 02 82 59;http://www.lafermedelacharbonniere.com;;;;;;;['Fabrication de fromages ', 'Agriculteurs ', 'Charcuteries ', 'Fromageries ', 'Restaurants '];;;
848;Kabuki;91 r Genève;74240;GAILLARD;04 50 92 48 03;;;;;;;;['parking', 'restaurant repas de groupe', 'Restaurants ', 'Restaurants japonais '];['Lundi', '19h00 - 22h00', 'Mardi', '12h00 - 13h30', '19h00 - 22h00', 'Mercredi', '12h00 - 13h30', '19h00 - 22h00', 'Jeudi', '12h00 - 13h30', '19h00 - 22h00', 'Vendredi', '12h00 - 13h30', '19h00 - 22h00', 'Samedi', ' 12h00 - 13h30', '19h00 - 22h00', 'Dimanche'];;
849;La Renaissance;54 av Charles de Gaulle;74800;LA ROCHE SUR FORON;04 50 03 13 13;www.la-renaissance-sa.com;;;;;;;['Fait maison ', 'Cocktail ', 'Location de matériel de réception ', 'Location de vaisselle ', 'Repas de famille ', 'Repas de mariage ', 'Traiteur pour mariage ', 'Vente à emporter ', 'Charcutier ', 'Apéritif ', 'Traiteurs, organisation de réception ', 'Restaurants ', 'Traiteurs '];;;
850;Le Bartavel;26 cour Bartavel;74400;CHAMONIX MONT BLANC;04 50 53 97 19;;;;;;;;['Pizzerias ', 'Pizzas à emporter ', 'Restaurants '];['Lundi', '08h00 - 23h30', 'Mardi', '08h00 - 23h30', 'Mercredi', '08h00 - 23h30', 'Jeudi', '08h00 - 23h30', 'Vendredi', '08h00 - 23h30', 'Samedi', '08h00 - 23h30', 'Dimanche', '08h00 - 23h30'];45.9231;6.868869
851;Hôtel Les Acacias;14 rte Annecy;74290;VEYRIER DU LAC;04 50 60 11 60;http://www.lac-annecy-acacias.com;;;;;;;['Wi-fi', 'Parking gratuit', 'Banquet', 'animaux acceptés', 'Cuisine traditionnelle', 'Repas de groupes', 'Hôtels ', 'Restaurants '];;;
852;Mnari Khalil;129 imp Ecureuils;74970;MARIGNIER;07 61 62 72 61;www.facebook.com;;;;;;;['pizzeria'];['Lundi', 'Mardi', '18h30 - 22h30', 'Mercredi', '18h30 - 22h30', 'Jeudi', '18h30 - 22h30', 'Vendredi', '18h30 - 22h30', 'Samedi', '18h30 - 22h30\n ', 'Dimanche', '18h30 - 22h30'];46.08698;6.498229
853;RESTAURANT LES ALPES DU LÉMAN;3 r Italiens;74200;THONON LES BAINS;04 50 26 51 24;http://www.restaurant-thononlesbains.fr;;;;;;;;;;
854;Les Saveurs De Mediterranée;6 r Emile Chautemps;74300;CLUSES;04 50 90 45 87;;;;;;;;;;;
855;Hotel Restaurant L'Hermitage;8 av Vieux Pont;74230;THÔNES;04 50 02 00 31;http://www.hoteldelhermitage.com;;;;;;;['demi-pension', 'télévision', 'animaux acceptés', 'facilités bébé', 'parking', 'wifi', 'accès handicapé', 'coffre-fort', 'Hôtels ', 'Restaurants '];['Lundi', '06h30 - 22h00', 'Mardi', '06h30 - 22h00', 'Mercredi', '06h30 - 22h00', 'Jeudi', '06h30 - 22h00', 'Vendredi', '06h30 - 22h00', 'Samedi', '06h30 - 22h00', 'Dimanche', '06h30 - 22h00'];;
856;Hussenet Olivier;101 Ramaz D'En Haut;74440;MIEUSSY;04 50 34 84 82;;;;;;;;['plat à emporter', 'animaux acceptés', 'terrasse', 'parking', 'facilité bébé', 'service continu', 'restaurant repas de groupe', 'restaurant halal', 'accès handicapés', 'wifi'];['Lundi', '08h00 - 20h00', 'Mardi', '08h00 - 20h00', 'Mercredi', '08h00 - 20h00', 'Jeudi', '08h00 - 20h00', 'Vendredi', '08h00 - 20h00', 'Samedi', '08h00 - 20h00', 'Dimanche', '08h00 - 20h00'];;
857;Blackcat;5 r Gare;74100;ANNEMASSE;09 87 56 25 27;www.facebook.com/Blackcat-433210727204847/;;;;;;;['Cafés, bars ', 'Restaurants '];['Lundi', 'Mardi', '08h00 - 19h00', 'Mercredi', '08h00 - 19h00', 'Jeudi', '08h00 - 19h00', 'Vendredi', '08h00 - 19h00', 'Samedi', '08h00 - 18h00', 'Dimanche'];;
858;La Canette Burger;av Cognacq Jay;74340;SAMOËNS;06 95 28 58 94;facebook.com;;;;;;;;;;
859;Hôtel Le Petit Dru;289 rte putheys;74110;MORZINE;04 50 75 77 33;http://www.lepetitdru.com;;;;;;;['Restauration ', 'Résidences de tourisme, résidences hôtelières ', 'Hôtels ', 'Restaurants '];;;
860;L'Atelier Fraicheur;54 r Genève;74100;AMBILLY;04 50 75 07 04;;;;cuisine française;5.0;;;['plat à emporter', 'grill', 'terrasse', 'livraison à domicile', 'parking', 'facilité bébé', 'restaurant repas de groupe'];['Lundi', '10h00 - 23h00', 'Mardi', '10h00 - 23h00', 'Mercredi', '10h00 - 23h00', 'Jeudi', '10h00 - 23h00', 'Vendredi', '10h00 - 23h00', 'Samedi', '10h00 - 17h00', 'Dimanche'];;
861;Le Fournil Du Mitron;205 rte Serry;74250;FILLINGES;04 50 43 43 00;http://maisonjanin.fr/;;;;;;;['macaron', 'Pâtisseries ', 'Boulangeries-pâtisseries (artisans) ', 'Restaurants '];['Lundi', '06h00 - 20h00', 'Mardi', '06h00 - 20h00', 'Mercredi', '06h00 - 20h00', 'Jeudi', '06h00 - 20h00', 'Vendredi', '06h00 - 20h00', 'Samedi', '06h00 - 20h00', 'Dimanche', '06h00 - 20h00'];;
862;Bar Restaurant Le Tarot;330 r la Fontaine;74800;AMANCY;04 50 03 25 41;www.facebook.com;;;;;;;['animaux acceptés', 'terrasse', 'karaoké', 'parking', 'facilité bébé', 'restaurant repas de groupe', 'accès handicapés', 'dîner spectacle', 'wifi'];['Lundi', '12h00 - 14h00', 'Mardi', '12h00 - 14h00', 'Mercredi', '12h00 - 14h00', 'Jeudi', '12h00 - 14h00', '19h00 - 22h00', 'Vendredi', '12h00 - 14h00', '19h00 - 22h00', 'Samedi', '12h00 - 14h00', '19h00 - 22h00', 'Dimanche'];;
863;Vallee Verte Snack Cafe;21 r Bel Air;74000;ANNECY;04 50 57 45 41;;;;;;;;;;;
864;Restaurant les Pêcheurs;Port De Sciez 307 chem Renouillere;74140;SCIEZ;04 50 72 62 21;https://www.restaurant-les-pecheurs.fr;;;Restaurant français;5.0;;;"['Restaurant familial, panoramique', ""repas d'anniversaire"", 'parking', 'salle privée', 'Accès pour personnes à mobilité réduite', 'repas de fêtes', ""repas d'affaire"", ""Repas d'affaire, de fête, d'anniversaire"", 'plage privée', 'restaurant repas de groupe', 'terrasse', ""Terrasse les pieds dans l'eau"", 'menu de fêtes', 'repas de groupe', ""repas d'entreprises"", 'animaux acceptés', 'Stationnement gratuit sur parking privé', 'accès handicapés', 'Restaurants ', 'Restaurants avec terrasse ']";;;
865;AU COCHON DES NEIGES H.F.A.;résid Granges 21 rte Confins;74220;LA CLUSAZ;04 50 02 62 62;www.facebook.com;;;;;;;['animaux acceptés', 'terrasse', 'parking', 'facilité bébé', 'restaurant repas de groupe'];['Lundi', '12h00 - 14h00', '19h00 - 22h00', 'Mardi', 'Mercredi', 'Jeudi', '12h00 - 14h00', '19h00 - 22h00', 'Vendredi', '12h00 - 14h00', '19h00 - 22h00', 'Samedi', '12h00 - 14h00', '19h00 - 22h00', 'Dimanche', '12h00 - 14h00', '19h00 - 22h00'];;
866;Hôtel Jeu de Paume;705 rte Chapeau;74400;CHAMONIX MONT BLANC;04 50 54 03 76;http://www.jeudepaumechamonix.com;;;;;;;['télévision', 'jardin', 'animaux acceptés', 'hôtel avec piscine', 'facilités bébé', 'parking', 'hôtel spa', 'hammam', 'wifi', 'accès handicapé', 'restaurant', 'sauna', 'Hôtels ', 'Restaurants '];['Lundi', '07h00 - 23h00', 'Mardi', '07h00 - 23h00', 'Mercredi', '07h00 - 23h00', 'Jeudi', '07h00 - 23h00', 'Vendredi', '07h00 - 23h00', 'Samedi', '07h00 - 23h00', 'Dimanche', '07h00 - 23h00'];;
867;EN K ET CREPES;240 rte Berny;74800;ARENTHON;06 32 22 12 26;www.facebook.com;;;;;;;['crêperie', 'plat à emporter', 'terrasse', 'parking', 'restaurant repas de groupe'];['Lundi', '11h00 - 14h00', 'Mardi', '11h00 - 14h00', 'Mercredi', '11h00 - 14h00', 'Jeudi', '11h00 - 14h00', 'Vendredi', '11h00 - 14h00', 'Samedi', 'Dimanche'];;
868;Home Burgers;36 r Pistes;74260;LES GETS;04 50 83 39 59;www.facebook.com;;;;;;;;['Lundi', '08h30 - 18h00', 'Mardi', '08h30 - 18h00', 'Mercredi', '08h30 - 21h30', 'Jeudi', '08h30 - 21h30', 'Vendredi', '08h30 - 21h30', 'Samedi', '08h30 - 21h30', 'Dimanche', '08h30 - 18h00'];;
869;Lucas;1041 av Digues;74800;SAINT PIERRE EN FAUCIGNY;04 50 03 59 41;;;;;;['La Salade César', 'La Salade Perigourdine', 'Potence de Boeuf flambée au Disaronno', 'Tataki de thon aux épices', 'La Mousse au Chocolat', 'La Pavlova au caramel beurre salé en deux façons'];['7.9\xa0 €', '9.9\xa0 €', '25.9\xa0 €', '21.9\xa0 €', '5.5\xa0 €', '6.9\xa0 €'];['pizzeria', 'animaux acceptés', 'terrasse', 'parking', 'facilité bébé', 'restaurant repas de groupe', 'accès handicapés', 'wifi'];['Lundi', '12h00 - 14h00', '19h00 - 21h00', 'Mardi', '12h00 - 14h00', '19h00 - 21h00', 'Mercredi', '12h00 - 14h00', ' 19h00 - 21h00', 'Jeudi', '12h00 - 14h00', '19h00 - 21h00', 'Vendredi', '12h00 - 14h00', '19h00 - 21h00', 'Samedi', '12h00 - 14h00', '19h00 - 21h00', 'Dimanche', '12h00 - 14h00', '19h00 - 21h00'];;
870;L'Envie;4 r Mail;74160;SAINT JULIEN EN GENEVOIS;04 50 37 99 62;http://www.restaurant-lenvie.com;;;;;;;['plat à emporter', 'terrasse', 'parking', 'bistrot', 'restaurant repas de groupe'];['Lundi', '12h00 - 15h00', '19h00 - 23h00', 'Mardi', '12h00 - 15h00', '19h00 - 23h00', 'Mercredi', '12h00 - 15h00\n ', '19h00 - 23h00', 'Jeudi', '12h00 - 15h00', '19h00 - 23h00', 'Vendredi', '12h00 - 15h00', '19h00 - 23h00', 'Samedi', 'Dimanche'];;
871;Le Rucher;14 imp Veudey;74130;BONNEVILLE;04 50 97 39 36;;;;;;;;['Terrasse', 'Animaux acceptés', 'Parking'];['Lundi', '11h00 - 14h00', 'Mardi', 'Mercredi', '11h00 - 14h00', '19h00 - 21h00', 'Jeudi', '11h00 - 14h00', '19h00 - 21h00', 'Vendredi', '11h00 - 14h00', '19h00 - 21h00', 'Samedi', '11h00 - 14h00', '19h00 - 21h00', 'Dimanche', '11h00 - 14h00', '19h00 - 21h00'];;
872;La Ferme De Cupelin;198 rte Château;74170;SAINT GERVAIS LES BAINS;04 50 93 47 30;http://www.lafermedecupelin.com;;;;;;;['bar', 'télévision', 'facilités bébé', 'parking', 'wifi', 'jeux pour enfants', 'Hôtels ', 'Restaurants '];;;
873;L'AUBERGE DU BOUCANIER;120 all Nubliere;74210;DOUSSARD;04 50 44 30 35;www.facebook.com;;;;;;;['2 étoiles ', 'Restauration ', 'Hôtels ', 'Restaurants '];['Lundi', '11h00 - 01h00', 'Mardi', '11h00 - 01h00', 'Mercredi', '11h00 - 01h00', 'Jeudi', '11h00 - 01h00', 'Vendredi', '11h00 - 01h00', 'Samedi', '11h00 - 01h00', 'Dimanche', '11h00 - 01h00'];;
874;Confins Des Sens;Villavit;74450;LE GRAND BORNAND;04 50 69 94 25;http://www.restaurant-grand-bornand.com;;;cuisine française;5.0;;;['animaux acceptés', 'terrasse', 'parking', 'livraison à domicile', 'facilité bébé', 'restaurant repas de groupe'];['Lundi', '12h00 - 13h30', '19h00 - 21h30', 'Mardi', '12h00 - 13h30', '19h00 - 21h30', 'Mercredi', 'Jeudi', '12h00 - 13h30', '19h00 - 21h30', 'Vendredi', '12h00 - 13h30', '19h00 - 21h30', 'Samedi', '12h00 - 13h30', '19h00 - 21h30', 'Dimanche', '12h00 - 13h30'];;
875;Le Christiana;rte Bois Noir;74420;HABÈRE POCHE;04 50 31 46 75;http://sport2000.com;;;;;;;;;;
876;Du Sel Au Sucre Genoli Stéphane;144 r Charles Feige;74120;MEGÈVE;04 50 91 55 89;http://www.sites.google.com/site/pizzamegeve;;;;;;;['restaurant végétarien', 'plat à emporter', 'terrasse', 'parking', 'accès handicapés'];['Lundi', '11h00 - 22h00', 'Mardi', '11h00 - 22h00', 'Mercredi', '11h00 - 22h00', 'Jeudi', '11h00 - 22h00', 'Vendredi', '11h00 - 22h00', 'Samedi', '11h00 - 22h00', 'Dimanche', '11h00 - 22h00'];;
877;Le Saint Laurent;266 rte Lery;74260;LES GETS;04 50 75 80 00;http://www.theoriginalshotels.com/hotels/le-labrador;;;;;;;['télévision', 'hôtel avec piscine', 'hammam', 'wifi', 'sauna', 'cheminée', 'animaux acceptés', 'facilités bébé', 'parking', 'hôtel spa', 'chambre double', 'hôtel de charme', 'accès handicapé', 'restaurant', 'jeux pour enfants', 'Hôtels ', 'Hôtels 4* ', 'Restaurants ', 'Résidences de tourisme, résidences hôtelières '];;;
878;Baud Jean-Roger;Prazolet 140 chem Salle du Haut;74110;MORZINE;04 50 79 21 95;;;;;;;;['Entreprises de menuiserie ', 'Restaurants '];;;
879;Hôtel Restaurant Airelles Les;les Carroz D Araches 346 rte Moulins;74300;LES CARROZ;04 50 90 01 02;http://www.chalet-lesairelles.com/index.php;;;;;;;['télévision', 'jardin', 'animaux acceptés', 'facilités bébé', 'parking', 'wifi', 'restaurant', 'Hôtels ', 'Restaurants '];;;
880;La Gondola;imm Le Moil Sud 3 r Vallard;74240;GAILLARD;04 50 87 05 18;http://nicolacarmen.site-solocal.com;;;Restaurant italien;5.0;;;['animaux acceptés', 'Pizzerias ', 'Pizzas à emporter ', 'Restaurants '];['Lundi', 'Mardi', '11h45 - 14h30', '19h00 - 23h30', 'Mercredi', '11h45 - 14h30', '19h00 - 23h30', 'Jeudi', '11h45 - 14h30', '19h00 - 23h30\n ', 'Vendredi', '11h45 - 14h30', '19h00 - 23h30', 'Samedi', '10h00 - 15h00', '19h00 - 23h30', 'Dimanche', '10h00 - 15h00', '19h00 - 23h30'];;
881;CASA DI STEF ALIET;56 rte Sallanches;74920;COMBLOUX;04 50 89 92 52;;;;restaurant italien;5.0;;;['plat à emporter', 'animaux acceptés', 'terrasse', 'parking', 'restaurant repas de groupe', 'accès handicapés'];['Lundi', 'Mardi', '12h00 - 14h00', '19h00 - 21h30', 'Mercredi', '12h00 - 14h00', '19h00 - 21h30', 'Jeudi', '12h00 - 14h00', '19h00 - 21h30', 'Vendredi', '12h00 - 14h00', '19h00 - 21h30', 'Samedi', '12h00 - 14h00', '19h00 - 21h30', 'Dimanche', '12h00 - 14h00', '19h00 - 21h30'];;
882;Presto Pizza;16 av Jules Ferry;74100;ANNEMASSE;04 50 75 27 52;;;;pizzeria;5.0;;;['pizzeria'];['Lundi', '11h00 - 14h00', '18h00 - 23h00', 'Mardi', '11h00 - 14h00', '18h00 - 23h00', 'Mercredi', '11h00 - 14h00', '18h00 - 23h00', 'Jeudi', '11h00 - 14h00', '18h00 - 23h00', 'Vendredi', '11h00 - 14h00', '18h00 - 23h00', 'Samedi', '11h00 - 14h00', '18h00 - 23h00', 'Dimanche', '11h00 - 14h00', '18h00 - 23h00'];;
883;Le George;Chalet Hotel Regina 543 r Centre;74260;LES GETS;04 50 79 43 30;http://www.chalet-regina.fr;;;;;;;['Cuisine française ', 'Inférieur à 10 euros ', 'Montagne ', 'Restaurant savoyard '];['Lundi', '10h00 - 00h00\n ', 'Mardi', '10h00 - 00h00', 'Mercredi', '10h00 - 00h00', 'Jeudi', '10h00 - 00h00', 'Vendredi', '10h00 - 00h00', 'Samedi', '10h00 - 00h00', 'Dimanche', '10h00 - 00h00'];;
884;Les Marches De La Croisette;5348 rte Croisette;74160;COLLONGES SOUS SALÈVE;04 50 95 99 34;www.les-marches-de-la-croisette-saleve.com;;;;;;;['Frites ', 'Produit local '];['Lundi', '09h30 - 18h00', 'Mardi', 'Mercredi', '09h30 - 18h00', 'Jeudi', '09h30 - 18h00', 'Vendredi', 'Samedi', '09h30 - 18h00', 'Dimanche', '09h30 - 18h00'];;
885;AU COCHON DES NEIGES H.F.A.;résid Granges 21 rte Confins;74220;LA CLUSAZ;04 50 02 62 62;www.facebook.com;;;;;;;['animaux acceptés', 'terrasse', 'parking', 'facilité bébé', 'restaurant repas de groupe'];['Lundi', '12h00 - 14h00', '19h00 - 22h00', 'Mardi', 'Mercredi', 'Jeudi', '12h00 - 14h00', '19h00 - 22h00', 'Vendredi', ' 12h00 - 14h00', '19h00 - 22h00', 'Samedi', '12h00 - 14h00', '19h00 - 22h00', 'Dimanche', '12h00 - 14h00', '19h00 - 22h00'];;
886;Auberge Des Terres Maudites Chez Layan-ne;4896 rte Manche;74110;MORZINE;04 50 79 03 93;www.facebook.com;;;cuisine française;5.0;;;['animaux acceptés', 'terrasse', 'ferme-auberge', 'parking', 'restaurant repas de groupe'];;;
887;Pizza'cro;THIEZE;74500;FÉTERNES;06 76 34 64 24;;;;;;;;['pizzeria'];;;
888;Restaurant Les Chalets du Michet SARL;Les Michets Chef chemin forestier Lieu Flaine;74300;FLAINE;04 50 90 80 08;http://www.chaletsdirect.com/chaletsdumichet;;;;;;;['animaux acceptés', 'terrasse', 'restaurant repas de groupe'];;;
889;Fromagerie Des Perrières;137 rte Perrières;74260;LES GETS;09 67 89 70 04;www.fruitiere-lesgets.com;;;;;;;['Familiale ', 'Accueil de groupe ', 'Accès pour personnes à mobilité réduite ', 'Animaux acceptés ', 'Facilité bébé ', 'Parking ', 'Repas de groupe ', 'Terrasse ', '21-30 euros ', 'Cuisine française ', 'Restaurant savoyard '];;;
890;Restaurant la Tour d'Ivoire Le Matin Samy;769 r Gare;74930;REIGNIER ESERY;04 50 95 13 96;http://www.latourdivoire.com;;;;;;;['1 étoile ', 'Hôtels ', 'Restaurants '];['Lundi', '06h30 - 15h00', '17h00 - 21h30', 'Mardi', '06h30 - 15h00', '17h00 - 21h30', 'Mercredi', '06h30 - 15h00', '17h00 - 21h30', 'Jeudi', '06h30 - 15h00', '17h00 - 21h30', 'Vendredi', '06h30 - 15h00', '17h00 - 21h30', 'Samedi', '06h30 - 15h00', '17h00 - 21h30', 'Dimanche'];;
891;Bar Des Fontanettes;Les Fontanettes Sud;74230;LE BOUCHET MONT CHARVIN;04 50 27 52 06;;;;;;;;['Gîtes ', 'Restaurants ', 'Cafés, bars '];['Lundi', '12h00 - 15h00', '19h00 - 21h00', 'Mardi', '12h00 - 15h00', '19h00 - 21h00', 'Mercredi', '12h00 - 15h00', '19h00 - 21h00', 'Jeudi', '12h00 - 15h00\n ', '19h00 - 21h00', 'Vendredi', '12h00 - 15h00', '19h00 - 21h00', 'Samedi', '12h00 - 15h00', '19h00 - 21h00', 'Dimanche', '12h00 - 15h00', '19h00 - 21h00'];;
892;Les Voyageurs;Le Fontanil 1018 les Ronziers;74360;VACHERESSE;04 50 73 10 02;http://sites.valdabondance.com;;;;;;;"[""Chambres d'hôtes "", 'Restaurants ']";['Lundi', '07h00 - 21h00', 'Mardi', '07h00 - 21h00', 'Mercredi', '07h00 - 21h00', 'Jeudi', '07h00 - 21h00', 'Vendredi', '07h00 - 21h00', 'Samedi', '07h00 - 21h00', 'Dimanche', '07h00 - 21h00'];;
893;Green Up Café BDRIDER;1 r Fernand David;74100;ANNEMASSE;04 56 35 67 70;http://www.greenupcafe.fr;;;;;"['Endives en mêlée de légumes croquants, poire & noix, chantilly au roquefort', 'Saladine de quinoa, carotte & chou kale, grenade & amandes', 'Filet de boeuf, polenta crémeuse, potimarron rôti au miel, poêlée de pleurotes', 'Mee Goreng au tofu mariné & légumes locaux', ""Brownie aux noix et noix de pécan, crème anglaise au lait d'amande"", 'Café gourmand assortiment de gourmandises']";['9\xa0 €', '8\xa0 €', '26\xa0 €', '18\xa0 €', '7.5\xa0 €', '8\xa0 €'];['restaurant sans gluten', 'restaurant végétarien'];['Lundi', 'Mardi', '12h00 - 21h30', 'Mercredi', '12h00 - 21h30', 'Jeudi', '12h00 - 21h30', 'Vendredi', '12h00 - 21h30', 'Samedi', '12h00 - 21h30', 'Dimanche'];46.192738;6.2346
894;Chez Firmin;21 av Aléry;74000;ANNECY;04 50 51 16 92;;;;;;;;['animaux acceptés', 'terrasse', 'restaurant repas de groupe'];;;
895;Le Camp De Base Café;chem Size;74190;PASSY;04 50 53 28 94;;;;Restaurant savoyard;5.0;;;['repas de groupe', 'saladerie', 'service continu', 'snack', 'traiteur pour mariage'];['Lundi', '09h00 - 19h00', 'Mardi', '09h00 - 19h00', 'Mercredi', '09h00 - 19h00', 'Jeudi', '09h00 - 19h00', 'Vendredi', '09h00 - 19h00', 'Samedi', '09h00 - 19h00', 'Dimanche'];;
896;La Ciboulette;10 r Vaugelas;74000;ANNECY;04 50 45 74 57;http://www.laciboulette-annecy.com/indexUk.aspx;;;cuisine française;5.0;;;['animaux acceptés', 'terrasse', 'parking', 'gastronomique', 'restaurant repas de groupe', 'accès handicapés', 'wifi'];['Lundi', 'Mardi', '12h00 - 13h00', '19h30 - 21h00', 'Mercredi', '12h00 - 13h00', '19h30 - 21h00', 'Jeudi', '12h00 - 13h00', '19h30 - 21h00', 'Vendredi', ' 12h00 - 13h00', '19h30 - 21h00', 'Samedi', '12h00 - 13h00', '19h30 - 21h00', 'Dimanche'];;
897;Restaurant La Bergerie;Balme;74220;LA CLUSAZ;04 50 02 60 44;;;;restaurant savoyard;5.0;;;['terrasse', 'parking', 'karaoké', 'brasserie'];;;
898;Hotel L'Alpage;le Chinaillon;74450;LE GRAND BORNAND;04 50 27 00 49;http://www.alpage-hotel-bar-restaurant.com;;;cuisine française;3.0;;;['terrasse', 'parking', 'facilité bébé'];;;
899;La Cordée;39 r Allobroges;74400;CHAMONIX MONT BLANC;04 50 53 07 56;www.accorhotel.com;;;;;;;"['Animaux acceptés', 'Climatisation', 'Organisation de réception', ""Repas d'affaire"", 'Parking', 'Facilités bébés', 'Repas de groupes', 'Cheminée', 'Accès pour les personnes à mobilité réduite', 'Terrasse']";['Lundi', '09h00 - 20h00', 'Mardi', '09h00 - 20h00', 'Mercredi', '09h00 - 20h00', 'Jeudi', '09h00 - 20h00', 'Vendredi', '09h00 - 20h00', 'Samedi', '09h00 - 20h00', 'Dimanche', '09h00 - 20h00'];;
900;THE WEST;77 pl Chamonix Sud;74400;CHAMONIX MONT BLANC;04 50 53 33 97;;;;;;;;['plat à emporter', 'animaux acceptés', 'terrasse', 'parking', 'restaurant repas de groupe', 'accès handicapés'];['Lundi', '11h30 - 14h30', '17h00 - 22h00', 'Mardi', '11h30 - 14h30', '17h00 - 22h00', 'Mercredi', ' 11h30 - 14h30', '17h00 - 22h00', 'Jeudi', '11h30 - 14h30', '17h00 - 22h00', 'Vendredi', '11h30 - 14h30', '17h00 - 22h00', 'Samedi', '11h30 - 14h30', '17h00 - 22h00', 'Dimanche', '11h30 - 14h30', '17h00 - 22h00'];;
901;La Croisière;5 qu Charles Albert Besson;74500;EVIAN LES BAINS;04 50 75 56 94;;;;;;;;;['Lundi', 'Mardi', '07h00 - 22h00', 'Mercredi', '07h00 - 22h00', 'Jeudi', '07h00 - 17h00', 'Vendredi', '07h00 - 22h00', 'Samedi', '07h00 - 22h00', 'Dimanche', '07h00 - 17h00'];;
902;Restaurant Le Cintra;196 pl Eglise;74120;MEGÈVE;04 50 21 02 60;http://www.lecintra.com;;;cuisine française;5.0;;;['animaux acceptés', 'terrasse', 'parking', 'facilité bébé', 'restaurant repas de groupe', 'climatisation'];;;
903;Chez Félix;2 r Commerce;74100;VILLE LA GRAND;04 50 38 21 30;http://www.pizzachezfelix.com;;;cuisine française;5.0;;;['pizzeria', 'plat à emporter', 'accès handicapés'];['Lundi', '18h00 - 22h00', 'Mardi', '11h30 - 14h00', '18h00 - 22h00', 'Mercredi', '11h30 - 14h00', '18h00 - 22h00', 'Jeudi', '11h30 - 14h00', '18h00 - 22h00', 'Vendredi', '11h30 - 14h00', '18h00 - 22h00', 'Samedi', '11h30 - 14h00', '18h00 - 22h00', 'Dimanche'];;
904;Aux Aravis;24 pl Eglise;74450;LE GRAND BORNAND;04 50 10 60 36;http://www.auxaravis.com;;;cuisine française;5.0;;;['animaux acceptés', 'restaurant repas de groupe'];['Lundi', 'Mardi', '17h30 - 23h00', 'Mercredi', '17h30 - 23h00', 'Jeudi', '11h30 - 14h30', '17h30 - 23h00', 'Vendredi', '11h30 - 14h30', '17h30 - 23h00', 'Samedi', '11h00 - 23h00', 'Dimanche', '17h00 - 23h00'];;
905;La Fauconnerie;Les Aigles Du Léman rte Mln de la Glacière;74140;SCIEZ;04 50 72 72 26;;;;;;;;['brasserie'];;;
906;Les Chéserys;285 r Charlet Straton;74400;CHAMONIX MONT BLANC;04 50 18 23 48;http://www.cheserys.com;;;cuisine française;1.0;;;['plat à emporter', 'animaux acceptés', 'restaurant repas de groupe', 'wifi'];['Lundi', '10h00 - 22h00', 'Mardi', '10h00 - 22h00', 'Mercredi', '10h00 - 22h00', 'Jeudi', '10h00 - 22h00', 'Vendredi', '10h00 - 22h00', 'Samedi', '10h00 - 22h00', 'Dimanche', '10h00 - 22h00'];;
907;DELICES DES TERROIRS;37 av Loverchy;74000;ANNECY;04 50 45 82 65;http://lesmoustachesdezebulon.com;;;cuisine française;2.0;;;['pizzeria', 'plat à emporter', 'terrasse', 'parking', 'restaurant repas de groupe'];['Lundi', '12h00 - 14h00', '18h00 - 22h00', 'Mardi', '12h00 - 14h00', '18h00 - 22h00', 'Mercredi', '12h00 - 14h00', '18h00 - 22h00', 'Jeudi', '12h00 - 14h00', '18h00 - 22h00', 'Vendredi', '12h00 - 14h00', '18h00 - 22h00', 'Samedi', '18h00 - 22h00', 'Dimanche', '18h00 - 22h00\n '];;
908;Le Tour De Pizz';100 av France;74000;ANNECY;06 74 10 50 04;;;;;;;;['pizzeria', 'parking'];['Lundi', 'Mardi', '18h00 - 21h30', 'Mercredi', '18h00 - 21h30', 'Jeudi', '18h00 - 21h30', 'Vendredi', '18h00 - 21h30', 'Samedi', '18h00 - 21h30', 'Dimanche', '18h00 - 21h30'];;
909;Mai One;5 av Rhône;74000;ANNECY;04 50 11 72 90;;;;;;['1 rouleau de printemps crevette', '5 bouchées vapeur à la crevette', 'Bun boeuf', 'Pho boulet', 'Assortiment de douceurs asiatiques', 'Brownie chocolat et gingembre'];['7\xa0 €', '8\xa0 €', '16\xa0 €', '15\xa0 €', '7\xa0 €', '7\xa0 €'];['21-30 euros '];;;
910;L'Igloo;1602 rte Envers du Chinaillon;74450;LE GRAND BORNAND;04 50 27 02 67;http://en.legrandbornand.com/restaurant-l-igloo.html;;;;;;;['terrasse', 'Cafés, bars ', 'Restaurants '];['Lundi', '08h30 - 19h00', 'Mardi', '08h30 - 19h00', 'Mercredi', '08h30 - 19h00', 'Jeudi', '08h30 - 19h00', 'Vendredi', '08h30 - 19h00', 'Samedi', '08h30 - 19h00', 'Dimanche', '08h30 - 19h00'];;
911;Cafe De La Comete;39 r Port;74140;NERNIER;04 50 72 80 57;;;;;;;;['jardin', 'animaux acceptés', 'terrasse', 'facilité bébé', 'restaurant repas de groupe', 'accès handicapés'];['Lundi', 'Mardi', '10h00 - 15h30', '18h00 - 00h00', 'Mercredi', '10h00 - 15h30', '18h00 - 00h00', 'Jeudi', '10h00 - 15h30', '18h00 - 00h00', 'Vendredi', '10h00 - 15h30', '18h00 - 00h00', 'Samedi', '10h00 - 15h30', '18h00 - 00h00', 'Dimanche', '10h00 - 15h30', '18h00 - 00h00'];;
912;Le Viù;Le Palace De Menthon 665 rte Bains;74290;MENTHON SAINT BERNARD;04 50 64 83 00;http://www.palacedementhon.com/fr/restaurant/restaurant-le-viu;;;;;;;['Cuisine française ', 'Guide michelin '];;;
913;Café des Ducs;5 quai Vieilles Prisons;74000;ANNECY;04 50 51 12 42;www.facebook.com;;;cuisine française;1.0;;;['Cuisine française ', 'Restaurants ', 'Cafés, bars '];['Lundi', '07h30 - 20h00', 'Mardi', '07h30 - 20h00', 'Mercredi', '07h30 - 20h00', 'Jeudi', '07h30 - 20h00', 'Vendredi', '07h30 - 20h00', 'Samedi', '07h30 - 20h00', 'Dimanche'];;
914;Restaurant la Voile;all Impérial;74000;ANNECY;04 50 09 30 00;http://www.hotel-imperial-palace.com/fr/la-voile-149;;;cuisine française;5.0;;;['terrasse', 'parking', 'gastronomique', 'restaurant repas de groupe', 'wifi'];['Lundi', '12h00 - 14h00', '19h00 - 21h30', 'Mardi', '12h00 - 14h00', '19h00 - 21h30', 'Mercredi', '12h00 - 14h00', '19h00 - 21h30', 'Jeudi', '12h00 - 14h00', '19h00 - 21h30', 'Vendredi', '12h00 - 14h00', '19h00 - 22h00', 'Samedi', '12h00 - 14h30', '19h00 - 22h00', 'Dimanche', '12h00 - 14h30', '19h00 - 21h30'];;
915;Ostreidae;13 r Royale;74000;ANNECY;06 68 74 99 99;;;;;;;;;;;
916;The Little Italy;16 r Ste Claire;74000;ANNECY;04 50 52 92 78;www.facebook.com;;;;;;;['pizzeria', 'animaux acceptés', 'terrasse', 'accès handicapés', 'wifi'];['Lundi', '12h00 - 14h00', '19h00 - 22h00', 'Mardi', 'Mercredi', 'Jeudi', '12h00 - 14h00', '19h00 - 22h00', 'Vendredi', '12h00 - 14h00', '19h00 - 22h00', 'Samedi', '12h00 - 14h00', '19h00 - 22h00', 'Dimanche', '12h00 - 14h00', '19h00 - 22h00'];;
917;Hôtel Restaurant La Croix Blanche;rte Chavannes;74260;LES GETS;04 50 75 80 66;http://www.croixblanchehotel.com;;;;;;;['télévision', 'jardin', 'facilités bébé', 'parking', 'hôtel spa', 'hammam', 'wifi', 'restaurant', 'sauna', 'jeux pour enfants', 'Hôtels ', 'Restaurants '];;;
918;Le Campagnard;1 Quinquies av Anna de Noailles;74500;EVIAN LES BAINS;04 50 74 90 40;;;;restaurant savoyard;3.0;;;['animaux acceptés', 'terrasse', 'facilité bébé', 'restaurant repas de groupe'];['Lundi', '12h00 - 15h00', 'Mardi', '12h00 - 15h00', 'Mercredi', '12h00 - 15h00', 'Jeudi', '12h00 - 15h00', 'Vendredi', '12h00 - 15h00', '19h00 - 22h00', 'Samedi', '12h00 - 15h00', '19h00 - 22h00', 'Dimanche', '12h00 - 15h00', '19h00 - 22h00'];;
919;Les Delices De L'orient;7 pl Libération;74100;ANNEMASSE;04 50 83 73 17;;;;;;;;;;;
920;Espace Pizza;Ccal Du Perrier 21 av Verdun;74100;ANNEMASSE;04 50 74 35 27;http://www.espace-pizza.net;;;;;;;['pizzeria', 'terrasse', 'parking', 'restaurant repas de groupe', 'climatisation'];['Lundi', '11h00 - 23h00', 'Mardi', ' 11h00 - 23h00', 'Mercredi', '11h00 - 23h00', 'Jeudi', '11h00 - 23h00', 'Vendredi', '11h00 - 23h00', 'Samedi', '11h00 - 23h00', 'Dimanche'];;
921;ZAINO;5 pl Port;74500;EVIAN LES BAINS;04 50 75 46 73;http://zaino-evian.fr;;;;;;;;['Lundi', '11h30 - 22h30', 'Mardi', '11h30 - 22h30', 'Mercredi', '11h30 - 22h30', 'Jeudi', '11h30 - 22h30', 'Vendredi', '11h30 - 22h30', 'Samedi', 'Dimanche'];;
922;Refuge Gîte de Porcherey;1380 rte Porcherey;74190;SAINT NICOLAS DE VEROCE;06 80 64 01 43;;;;;;;;['Refuges de montagne ', 'Restaurants '];;;
923;Chez Le Suisse;Le Sage;74200;REYVROZ;04 50 73 80 52;;;;cuisine française;5.0;;;['animaux acceptés', 'restaurant repas de groupe'];['Lundi', '12h00 - 19h00', 'Mardi', '12h00 - 19h00', 'Mercredi', '12h00 - 19h00\n ', 'Jeudi', '12h00 - 19h00', 'Vendredi', '12h00 - 19h00', 'Samedi', '12h00 - 19h00', 'Dimanche', '12h00 - 19h00'];;
924;Auberge Du Pre Vieux;208 rte Villavit;74450;LE GRAND BORNAND;04 50 02 23 66;http://www.legrandbornand.com/restaurant-auberge-du-pre-vieux.html;;;cuisine française;4.0;;;['terrasse', 'parking', 'facilité bébé', 'restaurant repas de groupe'];['Lundi', '12h00 - 14h00', '19h00 - 21h30', 'Mardi', '12h00 - 14h00', '19h00 - 21h30', 'Mercredi', '12h00 - 14h00', '19h00 - 21h30', 'Jeudi', '12h00 - 14h00', '19h00 - 21h30', 'Vendredi', '12h00 - 14h00', '19h00 - 21h30', 'Samedi', '12h00 - 14h00', '19h00 - 21h30', 'Dimanche', '12h00 - 14h00', '19h00 - 21h30'];;
925;Café des Vignerons;57 rte Tully;74200;THONON LES BAINS;04 56 35 14 26;;;;;;;;['mondial relay', 'Cafés, bars ', 'Restaurants '];['Lundi', '06h30 - 13h00', '16h00 - 19h00', 'Mardi', '06h30 - 13h00', '16h00 - 19h00', 'Mercredi', '06h30 - 13h00', '16h00 - 19h00', 'Jeudi', '06h30 - 13h00', 'Vendredi', '06h30 - 13h00', '16h00 - 19h00', 'Samedi', '08h00 - 13h00', '16h00 - 19h00', 'Dimanche', '08h00 - 12h00'];;
926;Auberge Morette;Pont de Morette 6 rte Balme;74230;THÔNES;04 50 32 17 71;;;;;;;;['animaux acceptés', 'terrasse', 'parking', 'facilité bébé', 'restaurant repas de groupe', 'accès handicapés'];;;
927;Bar Le National;plan Avoz;74430;SAINT JEAN D'AULPS;09 62 61 49 66;;;;;;;;;;;
928;Hôtel Le Jules Verne;r Port;74140;YVOIRE;04 50 72 80 08;http://www.hoteljulesverne.com/fr/restaurant.html;;;;;;;['parking', 'climatisation', 'hammam', 'wifi', 'accès handicapé', 'sauna', 'restaurant', 'Hôtels ', 'Hôtels 4* ', 'Restaurants '];['Lundi', '12h00 - 14h00', '19h00 - 22h30', 'Mardi', '12h00 - 14h00', '19h00 - 22h30', 'Mercredi', '12h00 - 14h00', '19h00 - 22h30', 'Jeudi', '12h00 - 14h00', '19h00 - 22h30', 'Vendredi', '12h00 - 14h00', '19h00 - 22h30', 'Samedi', '12h00 - 14h00', '19h00 - 22h30', 'Dimanche'];;
929;Restaurant Les Frasses Jacquiers;les Frasses Jacquier;74450;LE GRAND BORNAND;06 80 82 32 32;www.facebook.com;;;restaurant français;5.0;;;['Familiale ', 'Française '];['Lundi', '12h00 - 15h00', '19h00 - 22h00', 'Mardi', '12h00 - 15h00', '19h00 - 22h00', 'Mercredi', '12h00 - 15h00', '19h00 - 22h00', 'Jeudi', '12h00 - 15h00', '19h00 - 22h00', 'Vendredi', '12h00 - 15h00', '19h00 - 22h00', 'Samedi', '12h00 - 15h00', '19h00 - 22h00', 'Dimanche', '12h00 - 15h00', '19h00 - 22h00'];;
930;Restaurant la Gavotine;HOT des Alpes 33 r Alpes;74500;CHAMPANGES;04 50 73 45 76;http://www.hotel-alpes.com;;;;;;;['plat à emporter', 'animaux acceptés', 'terrasse', 'parking', 'facilité bébé', 'restaurant repas de groupe', 'accès handicapés'];['Lundi', 'Mardi', '08h00 - 12h00', '17h30 - 19h00', 'Mercredi', '08h00 - 12h00', '17h30 - 19h00', 'Jeudi', '08h00 - 12h00', '17h30 - 19h00', 'Vendredi', '08h00 - 12h00', '17h30 - 19h00', 'Samedi', '08h00 - 12h00', '17h30 - 19h00', 'Dimanche'];;
931;Auberge Des Aravis;22 rte d'Ombre;74210;MARLENS;04 50 32 79 42;auberge-des-aravis.wix.com;;;;;;;['Accueil de groupe ', 'Téléphone ', 'Restauration ', 'Auberge ', 'Pension complète ', 'Hôtels ', 'Restaurants '];;;
932;Auberge Bonjournal;1234 rte Jaillet;74120;MEGÈVE;04 50 55 80 41;http://www.combloux.com/fr/restauration/1/101774-auberge-du-bonjournal.html;;;;;;;;['Lundi', '09h00 - 16h30', 'Mardi', '09h00 - 16h30', 'Mercredi', '09h00 - 16h30', 'Jeudi', '09h00 - 16h30', 'Vendredi', '09h00 - 16h30', 'Samedi', '09h00 - 16h30', 'Dimanche', '09h00 - 16h30'];;
933;Le Marronnier;pl Docteur Humbert;74440;TANINGES;04 50 89 74 01;www.facebook.com;;;cuisine française;5.0;;;['animaux acceptés', 'terrasse', 'parking', 'restaurant repas de groupe', 'accès handicapés', 'wifi'];['Lundi', '12h00 - 13h30', 'Mardi', '12h00 - 13h30', 'Mercredi', '12h00 - 13h30', 'Jeudi', '12h00 - 13h30', '19h00 - 21h30', 'Vendredi', '12h00 - 13h30', '19h00 - 21h30', 'Samedi', '12h00 - 13h30', '19h00 - 21h30', 'Dimanche', '12h00 - 13h30'];;
934;Restaurant Shangri-la;24 r Bûchillons;74100;VILLE LA GRAND;04 50 38 88 88;;;;Restaurant asiatique;1.0;;;['plat à emporter', 'terrasse', 'parking', 'facilité bébé', 'restaurant repas de groupe', 'climatisation'];['Lundi', 'Mardi', '12h00 - 14h00', '19h00 - 22h00', 'Mercredi', '12h00 - 14h00', '19h00 - 22h00', 'Jeudi', '12h00 - 14h00', '19h00 - 22h00', 'Vendredi', '12h00 - 14h00', '19h00 - 22h00', 'Samedi', '12h00 - 14h00', '19h00 - 22h00', 'Dimanche', '12h00 - 14h00'];;
935;Le Spoon;17 arcades Mont Blanc;74120;MEGÈVE;04 50 55 27 45;www.facebook.com;;;;;;;['terrasse', 'wifi'];;;
936;Hôtel les Airelles PLAGNAT ET FILS;Lieu Dit La Crusaz pl Office du Tourisme;74110;MORZINE;04 50 74 71 21;http://www.lesairelles.com;;;;;;;['télévision', 'hôtel avec piscine', 'hammam', 'wifi', 'sauna', 'jardin', 'animaux acceptés', 'salle de sport', 'facilités bébé', 'parking', 'hôtel spa', 'accès handicapé', 'restaurant', 'jeux pour enfants', 'Hôtels ', 'Restaurants '];;;
937;Chalet Hôtel Alté Névé;702 rte Plan;74110;MORZINE;04 50 79 01 96;http://www.alte-neve.com;;;;;;;['ascenseur', 'télévision', 'hôtel avec piscine', 'hammam', 'wifi', 'sauna', 'bar', 'jardin', 'animaux acceptés', 'salle de sport', 'parking', 'hôtel spa', 'accès handicapé', 'restaurant', 'jeux pour enfants', 'Hôtels ', 'Restaurants '];;;
938;Le Saint Nicolas;252 rte Rochebrune;74120;MEGÈVE;04 50 21 04 94;http://www.coindufeu.com/501-restaurants.htm;;;;;;;['1 étoile ', 'Hôtels ', 'Restaurants '];['Lundi', '19h15 - 22h30', 'Mardi', '19h15 - 22h30', 'Mercredi', '19h15 - 22h30', 'Jeudi', '19h15 - 22h30', 'Vendredi', '19h15 - 22h30', 'Samedi', '19h15 - 22h30', 'Dimanche', '19h15 - 22h30'];;
939;Restaurant Anais;158 r Antoine Pissard;74700;SALLANCHES;04 50 93 92 06;http://www.anais-restaurant-sallanches.online;;;restaurant savoyard;1.0;"['La croûte au chèvre (nouveauté)', ""L'assiette de nos Savoie (nouveauté)""]";['17.50 €', '15.00 €'];['animaux acceptés', 'parking', 'restaurant repas de groupe', 'accès handicapés'];['Lundi', '19h15 - 21h00', 'Mardi', '19h15 - 21h00', 'Mercredi', '19h15 - 21h00', 'Jeudi', '19h15 - 21h00', 'Vendredi', '19h15 - 21h00', 'Samedi', '19h15 - 21h00', 'Dimanche'];;
940;Chez Shafty;35 rte Téléphérique;74110;MORZINE;06 75 27 44 61;www.facebook.com/pg/ChezShafty/about/?ref=page_internal;;;;;;;;['Lundi', '12h00 - 01h15', 'Mardi', '12h00 - 01h15', 'Mercredi', '12h00 - 01h15', 'Jeudi', '12h00 - 01h15', 'Vendredi', '12h00 - 01h15', 'Samedi', '12h00 - 01h15', 'Dimanche', '12h00 - 01h15'];;
941;Sas Monchu;1261 rte Vonnes;74390;CHÂTEL;09 67 47 28 51;www.facebook.com/184001241752751;;;;;;;;;;
942;BENMANS;43 r Voirons;74100;VILLE LA GRAND;09 87 51 03 02;;;;;;;;;;;
943;Restaurant La Fruitière;248 rte Grandes Alpes;74220;LA CLUSAZ;04 50 63 13 66;www.facebook.com;;;cuisine française;4.0;;;"['organisation de réception', 'animaux acceptés', 'terrasse', 'parking', ""repas d'affaire"", 'gastronomique', 'Zone fumeur', 'facilité bébé', 'restaurant repas de groupe', 'accès handicapés', 'wifi']";['Lundi', '12h00 - 14h00', '19h00 - 22h00', 'Mardi', '12h00 - 14h00', '19h00 - 22h00', 'Mercredi', '12h00 - 14h00', '19h00 - 22h00', 'Jeudi', '12h00 - 14h00', '19h00 - 22h00', 'Vendredi', '12h00 - 14h00', '19h00 - 22h00', 'Samedi', '12h00 - 14h00', '19h00 - 22h00', 'Dimanche', '12h00 - 14h00', '19h00 - 22h00'];;
944;L'Atelier Sens'O;692 rte Albertville;74320;SEVRIER;04 50 66 17 71;http://www.restaurantateliersenso.com;;;;;;;;['Lundi', '12h00 - 14h00', '18h00 - 21h30', 'Mardi', '12h00 - 14h00', '18h00 - 21h30', 'Mercredi', 'Jeudi', '12h00 - 14h00', '18h00 - 21h30', 'Vendredi', '12h00 - 14h00', '18h00 - 21h30', 'Samedi', '12h00 - 14h00', '18h00 - 21h30', 'Dimanche'];;
945;Eau Petit Paradis;Les Voix chem Sables;74140;EXCENEVEX;04 50 70 64 42;;;;;;;;"['Restauration ', 'Hôtels ', ""Chambres d'hôtes "", 'Restaurants ']";;;
946;La Crêperie D'Yvoire;1 r Eglise;74140;YVOIRE;04 50 72 80 78;www.facebook.com;;;cuisine française;1.0;;;['crêperie', 'plat à emporter', 'animaux acceptés', 'terrasse', 'facilité bébé', 'restaurant repas de groupe', 'service continu', 'accès handicapés', 'wifi'];['Lundi', '12h00 - 18h00', 'Mardi', '12h00 - 18h00', 'Mercredi', 'Jeudi', '12h00 - 18h00', 'Vendredi', '12h00 - 18h00', 'Samedi', '12h00 - 18h00', 'Dimanche', '12h00 - 18h00'];;
947;Vuarand François;1086 rte Bechigne;74390;CHÂTEL;09 62 58 07 80;;;;;;;;;;;
948;Chez Cocotte;17 av des Chavoires Annecy le Vieux;74000;ANNECY LE VIEUX;04 50 45 72 01;www.facebook.com;;;;;;;;['Lundi', 'Mardi', '08h30 - 19h00', 'Mercredi', '08h30 - 19h00', 'Jeudi', '08h30 - 13h00', 'Vendredi', '08h30 - 13h00', 'Samedi', '08h30 - 13h00', 'Dimanche', '08h30 - 13h00'];;
949;Restaurant BEC;590 rte Annecy;74410;DUINGT;04 50 19 63 13;http://restaurantbec.com;;;;;;;;;;
950;Bar Restaurant L'Ancolie;ham Flaine;74300;ARÂCHES LA FRASSE;04 50 90 87 94;http://lancolie.eatbu.com/#times;;;cuisine française;3.0;;;['animaux acceptés', 'terrasse', 'parking', 'facilité bébé', 'restaurant repas de groupe', 'accès handicapés'];['Lundi', '16h00 - 00h00', 'Mardi', '16h00 - 00h00', 'Mercredi', '16h00 - 00h00', 'Jeudi', '16h00 - 00h00', 'Vendredi', '16h00 - 00h00', 'Samedi', '16h00 - 00h00', 'Dimanche', '16h00 - 00h00'];;
951;Le Repaire Des Ours;le repaire des ours 87 av Gare;74170;SAINT GERVAIS LES BAINS;09 50 45 32 02;;;;;;;;['Cuisine française '];['Lundi', '12h00 - 14h00', 'Mardi', '12h00 - 14h00', '19h30 - 21h30', 'Mercredi', '12h00 - 14h00', '19h30 - 21h30', 'Jeudi', '12h00 - 14h00', '19h30 - 21h30', 'Vendredi', '12h00 - 14h00', '19h00 - 22h00', 'Samedi', '12h00 - 14h00', '19h00 - 22h00', 'Dimanche', '19h30 - 21h30'];45.905212;6.701848
952;Au Cha L'heureux;3 imp Miracle;74650;CHAVANOD;04 50 52 42 33;www.facebook.com;;;cuisine française;5.0;;;['animaux acceptés', 'terrasse', 'parking', 'restaurant repas de groupe'];['Lundi', '12h00 - 14h00', 'Mardi', '12h00 - 14h00', 'Mercredi', '12h00 - 14h00', 'Jeudi', '12h00 - 14h00', 'Vendredi', '12h00 - 14h00', '19h00 - 00h00', 'Samedi', '00h00 - 01h00', 'Dimanche'];;
953;Demisel;Val Chamonix  pl Mont Blanc;74400;CHAMONIX MONT BLANC;06 95 01 81 63;http://demisel.fr;;;;;;;;;;
954;LA ROSSET'TAZ;2011 rte Ardoisières;74110;MORZINE;09 67 00 86 26;;;;;;;;;;;
955;Sushi Box;3 r Annexion;74000;ANNECY;04 50 09 80 09;;;;;;;;['pizzeria', 'restaurant végétarien', 'plat à emporter', 'grill', 'parking', 'restaurant bio', 'wifi'];['Lundi', '11h30 - 14h00', '18h30 - 21h00', 'Mardi', '11h30 - 14h00', '18h30 - 21h00', 'Mercredi', '11h30 - 14h00', '18h30 - 21h00', 'Jeudi', '11h30 - 14h00', '18h30 - 21h00', 'Vendredi', '11h30 - 14h00', '18h30 - 21h00', 'Samedi', '11h30 - 14h00', '18h30 - 21h00', 'Dimanche', '11h30 - 14h00', '18h30 - 21h00'];45.900616;6.124335
956;La Ferme des Saveurs;résid La Chalune 3 pl Haut Fleury;74440;TANINGES;04 50 78 03 38;;;;;;;;;;;
957;China Town;80 r René Cassin;74150;RUMILLY;04 50 44 71 77;www.china-town-74.com;;;Restaurant chinois;1.0;;;['Climatisation', 'Parking', 'Restaurant repas de groupe', 'Facilité bébé', 'Accès handicapés', 'Terrasse'];['Lundi', 'Mardi', '12h00 - 14h00', '19h00 - 22h30', 'Mercredi', '12h00 - 14h00', ' 19h00 - 22h30', 'Jeudi', '12h00 - 14h00', '19h00 - 22h30', 'Vendredi', '12h00 - 14h00', '19h00 - 22h30', 'Samedi', '12h00 - 14h00', '19h00 - 22h30', 'Dimanche', '12h00 - 14h00\n ', '19h00 - 22h30'];;
958;Restaurant Au Petit Savoyard;Terr le Mont;74470;LULLIN;04 50 81 56 06;http://www.au-petit-savoyard.fr;;;cuisine française;5.0;;;"['cheminée', 'jardin', 'animaux acceptés', 'terrasse', 'bistrot', ""repas d'affaire"", 'facilité bébé', 'restaurant repas de groupe', 'accès handicapés', 'climatisation', 'wifi']";['Lundi', '12h00 - 14h00', '19h00 - 22h00', 'Mardi', '12h00 - 14h00', '19h00 - 22h00', 'Mercredi', '12h00 - 14h00', '19h00 - 22h00', 'Jeudi', '12h00 - 14h00', '19h00 - 22h00', 'Vendredi', '12h00 - 14h00', '19h00 - 22h00', 'Samedi', '12h00 - 14h00\n ', '19h00 - 22h00', 'Dimanche', '12h00 - 14h00', '19h00 - 22h00'];;
959;Marscott;182 rte Edmond De Rothschild;74120;MEGÈVE;09 66 96 38 71;;;;;;;;;;;
960;Le Chalet du Golf;Evian Resort Golf Club rte du Golf Publier;74500;EVIAN LES BAINS;04 50 75 56 34;www.evianresort-golf-club.com;;;;;;;['accès pour les personnes à mobilité réduite', 'jeux pour enfants', 'télévision', 'spa', 'wi-fi', 'hammam', 'climatisation', 'animaux acceptés', 'restaurant', 'salle de sport', 'jardin', 'parking', 'piscine', 'sauna', 'accueil bébé'];['Lundi', '11h00 - 16h30', 'Mardi', '11h00 - 16h30', 'Mercredi', '11h00 - 16h30', 'Jeudi', '11h00 - 16h30', 'Vendredi', '11h00 - 16h30', 'Samedi', '11h00 - 16h30', 'Dimanche', '11h00 - 16h30'];46.393819;6.570714
961;Café des Vignerons;57 rte Tully;74200;THONON LES BAINS;04 56 35 14 26;;;;;;;;['mondial relay', 'Cafés, bars ', 'Restaurants '];['Lundi', '06h30 - 13h00', '16h00 - 19h00', 'Mardi', '06h30 - 13h00', '16h00 - 19h00', 'Mercredi', '06h30 - 13h00', '16h00 - 19h00', 'Jeudi', '06h30 - 13h00\n ', 'Vendredi', '06h30 - 13h00', '16h00 - 19h00', 'Samedi', '08h00 - 13h00', '16h00 - 19h00', 'Dimanche', '08h00 - 12h00'];;
962;CARME 1951 L'Oasis;188 rte Oasis;74250;LA TOUR;06 33 02 39 45;;;;;;;;['animaux acceptés', 'terrasse', 'parking', 'facilité bébé', 'Zone fumeur', 'restaurant repas de groupe'];['Lundi', '07h30 - 01h00', 'Mardi', '07h30 - 01h00', 'Mercredi', '07h30 - 01h00', 'Jeudi', '07h30 - 01h00', 'Vendredi', '07h30 - 01h00', 'Samedi', '07h30 - 01h00', 'Dimanche', '07h30 - 01h00'];;
963;PIWI;56 av Ravanel le Rouge;74400;CHAMONIX MONT BLANC;04 50 78 19 15;;;;cuisine du monde;5.0;;;['plat à emporter', 'terrasse', 'sandwicherie'];;;
964;Grandclaude Pauline;91 r Myosotis;74930;REIGNIER ESERY;04 50 36 80 59;;;;;;;;;;;
965;La Pointe D'Yvoire;r Lac;74140;YVOIRE;06 09 17 85 26;http://www.gite-lapointe-yvoire.com;;;;;;;"['Gîtes ', ""Location d'appartements "", 'Restaurants ']";;46.370953;6.325985
966;Why Not;Centre Commercial Le Snow Avoriaz 69 pl Snow;74110;MORZINE;06 61 43 77 26;;;;;;;;;;;
967;LE YETI;582 rte Alpage;74110;MORZINE;04 50 74 12 78;http://www.leyeti-avoriaz.fr;;;;;;;['Bars à thèmes ', 'Restaurants ', 'Cafés, bars '];['Lundi', '09h00 - 17h00', 'Mardi', '09h00 - 17h00', 'Mercredi', '09h00 - 17h00', 'Jeudi', '09h00 - 17h00', 'Vendredi', '09h00 - 17h00', 'Samedi', '09h00 - 17h00', 'Dimanche', '09h00 - 17h00'];;
968;Les Hauts Du Lac;23 Grande Rue;74200;THONON LES BAINS;04 50 83 12 26;http://www.brasserieleshautsdulac.fr;;;cuisine française;4.0;;;['animaux acceptés', 'terrasse', 'parking', 'Zone fumeur', 'restaurant repas de groupe', 'accès handicapés'];['Lundi', '12h00 - 14h00', 'Mardi', '12h00 - 14h00', 'Mercredi', '12h00 - 14h00', 'Jeudi', '12h00 - 14h00', 'Vendredi', '12h00 - 14h00', 'Samedi', '12h00 - 14h00', 'Dimanche'];;
969;Hôtel Restaurant La Ferme;1078 rte Col des Aravis;74220;LA CLUSAZ;04 50 02 50 50;http://www.lesfermiers.com;;;;;;;['2 étoiles ', 'Restauration ', 'Hôtels ', 'Restaurants '];['Lundi', '12h00 - 15h00', '19h00 - 22h00', 'Mardi', '12h00 - 15h00', '19h00 - 22h00', 'Mercredi', '12h00 - 15h00\n ', '19h00 - 22h00', 'Jeudi', '12h00 - 15h00', '19h00 - 22h00', 'Vendredi', '12h00 - 15h00', '19h00 - 22h00', 'Samedi', '12h00 - 15h00', '19h00 - 22h00', 'Dimanche', '12h00 - 15h00', '19h00 - 22h00'];;
970;Le Trefle;35 r Gare;74570;GROISY;04 50 77 14 23;;;;cuisine française;4.0;;;"['organisation de réception', 'animaux acceptés', 'terrasse', 'parking', ""repas d'affaire"", 'restaurant repas de groupe', 'accès handicapés']";['Lundi', '11h45 - 14h30', 'Mardi', '11h45 - 14h30', 'Mercredi', '11h45 - 14h30', 'Jeudi', '11h45 - 14h30', 'Vendredi', '11h45 - 14h30', 'Samedi', '11h45 - 14h30', 'Dimanche'];;
971;Le Palais de L'Inde;6 av Vallées;74200;THONON LES BAINS;04 50 81 77 24;http://www.lepalaisdelinde-thonon.fr;;;;;['Chicken Tandoori', 'Mixed Pakora', 'Boeuf Vindaloo', 'Chicken Tikka Massala', 'Halwa', 'Kheer'];['6\xa0 €', '6\xa0 €', '10\xa0 €', '10\xa0 €', '3.5\xa0 €', '5\xa0 €'];"['organisation de réception', 'plat à emporter', 'terrasse', 'karaoké', ""repas d'affaire"", 'gastronomique', 'facilité bébé', 'restaurant repas de groupe', 'restaurant halal', 'dîner spectacle', 'accès handicapés', 'wifi']";['Lundi', '12h00 - 14h30', '19h00 - 23h00', 'Mardi', '12h00 - 14h30', '19h00 - 23h00', 'Mercredi', '12h00 - 14h30', '19h00 - 23h00', 'Jeudi', '12h00 - 14h30', '19h00 - 23h00', 'Vendredi', '12h00 - 14h30', '19h00 - 23h00', 'Samedi', '12h00 - 14h30', '19h00 - 23h00', 'Dimanche', '12h00 - 14h30', '19h00 - 23h00'];;
972;Royal Thonon;3 r Ursules;74200;THONON LES BAINS;04 50 71 92 03;http://www.royal-thonon.fr;;;;;;;['animaux acceptés', 'parking', 'facilité bébé', 'restaurant repas de groupe', 'climatisation'];['Lundi', '19h00 - 22h30', 'Mardi', '12h00 - 14h30', '19h00 - 22h30', 'Mercredi', '12h00 - 14h30', '19h00 - 22h30', 'Jeudi', '12h00 - 14h30', '19h00 - 22h30', 'Vendredi', '12h00 - 14h30', '19h00 - 22h30', 'Samedi', '12h00 - 14h30', '19h00 - 22h30', 'Dimanche', '12h00 - 14h30', '19h00 - 22h30'];;
973;La Raviere;1 rte Orgères;74170;SAINT GERVAIS LES BAINS;04 50 93 15 71;;;;;;;;['organisation de réception', 'jardin', 'animaux acceptés', 'terrasse', 'restaurant repas de groupe'];['Lundi', '11h30 - 17h00', 'Mardi', '11h30 - 17h00', 'Mercredi', '11h30 - 17h00', 'Jeudi', '11h30 - 17h00', 'Vendredi', '11h30 - 17h00', 'Samedi', '11h30 - 17h00', 'Dimanche', '11h30 - 17h00'];;
974;Au Fidèle Berger;2 r Royale;74000;ANNECY;04 50 51 04 75;http://www.aufideleberger.fr;;;;;;;['glacier', 'salon de thé', 'chocolat de Pâques', 'macaron', 'Pâtisseries ', 'Chocolateries, confiseries ', 'Restaurants '];['Lundi', 'Mardi', '09h15 - 19h00', 'Mercredi', '09h15 - 19h00', 'Jeudi', '09h15 - 19h00', 'Vendredi', '09h15 - 19h00', 'Samedi', '09h00 - 19h15', 'Dimanche'];;
975;Kebab du lac;37 rte Albertville;74410;SAINT JORIOZ;06 61 59 27 64;;;;;;;;['kebab', 'plat à emporter', 'terrasse', 'parking', 'restaurant halal', 'accès handicapés', 'fast Food'];['Lundi', 'Mardi', '11h00 - 14h30', '17h30 - 22h00', 'Mercredi', '11h00 - 14h30', '17h30 - 22h00', 'Jeudi', '11h00 - 14h30', '17h30 - 22h00', 'Vendredi', '11h00 - 14h30', '17h30 - 22h00', 'Samedi', '11h00 - 14h30', '17h30 - 22h00', 'Dimanche', '11h00 - 14h30', '17h30 - 22h00'];45.83377;6.164276
976;LE D'JOSS BAR;13 r Mairie;74200;LYAUD;04 50 73 38 46;http://parrabeljocelyne.site-solocal.com;;;;;;;"[""Organisation d'événements"", 'bar', 'Wi-fi', 'terrasse', 'Loto', 'Restaurants ', 'Cafés, bars ']";['Lundi', '06h45 - 15h00', '17h30 - 19h30', 'Mardi', '06h45 - 15h00', '17h30 - 19h30', 'Mercredi', '06h45 - 15h00', 'Jeudi', '06h45 - 15h00', '17h30 - 19h30', 'Vendredi', '06h45 - 15h00', '17h30 - 23h30', 'Samedi', '07h00 - 15h00', '17h30 - 23h30', 'Dimanche', '07h30 - 12h30'];;
977;Le Carpe Diem;7 av République;74100;ANNEMASSE;04 50 37 58 50;;;;cuisine française;1.0;;;['terrasse', 'parking', 'facilité bébé', 'Zone fumeur', 'restaurant repas de groupe', 'accès handicapés', 'climatisation'];['Lundi', '10h00 - 20h00', 'Mardi', '10h00 - 20h00', 'Mercredi', '10h00 - 20h00', 'Jeudi', '10h00 - 20h00', 'Vendredi', '10h00 - 20h00', 'Samedi', '10h00 - 20h00', 'Dimanche'];;
978;La Pause;81 pl Pré de Foire;74220;LA CLUSAZ;04 50 45 75 02;www.facebook.com;;;;;;;['terrasse', 'parking', 'restaurant repas de groupe'];['Lundi', '09h00 - 18h00', 'Mardi', '09h00 - 18h00', 'Mercredi', '09h00 - 18h00', 'Jeudi', '09h00 - 18h00', 'Vendredi', '09h00 - 18h00', 'Samedi', '09h00 - 18h00', 'Dimanche', '09h00 - 18h00'];;
979;Le clos de Layaute;3 r Industrie;74150;RUMILLY;06 15 32 90 51;http://leclosdelayaute.jimdo.com;;;;;;;;;;
980;Restaurant Warm'Up;560 rte Cret Gojon;74200;MARGENCEL;04 50 26 71 40;bowling-margencel.e-monsite.com;;;;;;;['Parking', 'billard américain', 'billard anglais', 'compétition de bowling', 'Terrasse', 'Ouvert 7j/7', 'académie de billard', 'bowling pour enfant', 'Pub', 'billard français', 'salle de bowling', 'matériel de bowling', 'Restaurants ', 'Bowlings ', 'Pubs, bars à bière '];['Lundi', '12h00 - 22h00', 'Mardi', '12h00 - 22h00', 'Mercredi', '12h00 - 22h00', 'Jeudi', '12h00 - 22h00', 'Vendredi', ' 12h00 - 22h00', 'Samedi', '12h00 - 22h00', 'Dimanche', '12h00 - 22h00'];;
981;Pizza Hut;12 av Cran;74000;ANNECY;04 50 62 50 62;http://www.pizzahut.fr/store/pizza-hut-annecy;['Etudiants (15-25 ans) Sur présentation de votre carte étudiant ou Imagine R en cours de validité Pizzas à volonté + boisson 25cl du lundi au vendredi de 12 à 14h30 (hors week-end et jours fériés) : ', 'Menu Kids (pizza à compser ou pâtes ou 2 croustys poulet ou buffet midi pizzas + dessert + boisson) : ', 'Menu Junior (pizza à composer ou pâtes ou 2 croustys poulet ou 3 chicken wings ou buffet midi pizzas + dessert + boisson) : ', 'Duo Gourmand (1 pizza à partager + 1 entrée à partager + 2 boissons ou 1 pizza à partager + 2 desserts à partager + 2 boissons) : '];['11,30 €', '6,90 €', '9,30 €', '16,20 €'];;;"[""Chèvre chaud (formage de chèvre sur pains à l'ail gratinés à la mozzarella, tomates fraîches, basilic et salade verte)"", 'Wings Original (3 pièces entières servies avec nachos et sauce BBQ)', 'Samouraï (poulet rôti, merguez, oignons frais, sauce tomate, mozzarella, sauce Samouraï)', 'Suprême (boulettes au bœuf, saucisses, pepperoni, champignons frais, oignons frais, poivrons verts, sauce tomate, mozzarella)', 'Brownie Américain (au chocolat noir et noix, servi tiède avec 1 boule de crème glacée vanille, crème façon Chantilly et nappage crème anglaise)', 'Cookie Géant (servi tiède avec 4 boules de glaces et crème Chantilly)']";['6,20 €', '5,90 €', '11,20 €', '11,20 €', '5,00 €', '9,80 €'];['Pizzerias ', 'Restaurants italiens ', 'Restaurants '];['Lundi', '11h00 - 14h00', '18h00 - 23h00', 'Mardi', '11h00 - 14h00', '18h00 - 23h00', 'Mercredi', '11h00 - 14h00', '18h00 - 23h00', 'Jeudi', '11h00 - 14h00', '18h00 - 23h00', 'Vendredi', '11h00 - 14h00', '18h00 - 23h00', 'Samedi', '11h00 - 14h00', '18h00 - 23h00', 'Dimanche', '11h00 - 14h00', '18h00 - 23h00'];;
982;Bistrot le Cousin Michel SEMIC74;2 r Chablais;74200;THONON LES BAINS;04 50 76 72 26;;;;;;['Planche Charcuteries', 'Planche D?couverte', 'Tarte du jour et salade'];['14?? €', '14?? €', '7?? €'];;;;
983;LES PIEDS DANS L'EAU;Plage de Corzent 14 r Plage;74200;ANTHY SUR LEMAN;04 50 70 42 43;http://restaurantlespiedsdansleau.site-solocal.com;;;restaurant français;5.0;;;['accueil de groupe', 'terrasse', 'menu enfant', 'parking', 'wi-fi', 'réservations acceptées', 'facilité bébé'];['Lundi', 'Mardi', '12h00 - 14h00\n ', '19h00 - 22h00', 'Mercredi', '12h00 - 14h00', '19h00 - 22h00', 'Jeudi', '12h00 - 14h00', '19h00 - 22h00', 'Vendredi', '12h00 - 14h00', '19h00 - 22h00', 'Samedi', '12h00 - 14h00', '19h00 - 22h00', 'Dimanche', '12h00 - 14h00', '19h00 - 22h00'];;
984;La Taverne;2863 rte Bauges;74540;GRUFFY;04 50 05 15 99;www.la-taverne-gruffy.fr;;;Restaurant français;5.0;;;['fondue', 'Ouvert 7j/7', 'Restaurant', 'cuisine traditionnelle', 'terrasse', 'parking', 'Menu du jour'];['Lundi', '11h30 - 15h30', 'Mardi', '11h30 - 15h30', 'Mercredi', '11h30 - 15h30', 'Jeudi', '11h30 - 15h30', 'Vendredi', '11h30 - 15h30', 'Samedi', '11h30 - 15h30', 'Dimanche', '11h30 - 15h30'];45.783105;6.053771
985;Pizz And Co;all Larry;74200;MARIN;04 50 71 48 74;http://pizzco.fr;;;;;;;;;;
986;Mai One;5 av Rhône;74000;ANNECY;04 50 11 72 90;;;;;;['1 rouleau de printemps crevette', '5 bouchées vapeur à la crevette', 'Bun boeuf', 'Pho boulet', 'Assortiment de douceurs asiatiques', 'Brownie chocolat et gingembre'];['7\xa0 €', '8\xa0 €', '16\xa0 €', '15\xa0 €', '7\xa0 €', '7\xa0 €'];['21-30 euros '];;;
987;L'arcade;rte Voirons;74140;VEIGY FONCENEX;04 50 94 61 38;;;;;;;;['animaux acceptés', 'terrasse', 'parking', 'facilité bébé', 'restaurant repas de groupe', 'brasserie'];['Lundi', '12h00 - 14h00', 'Mardi', '12h00 - 14h00', 'Mercredi', '12h00 - 14h00', 'Jeudi', '12h00 - 14h00', 'Vendredi', '12h00 - 14h00', 'Samedi', '12h00 - 14h00', 'Dimanche'];;
988;Le PlaisanSciez Meviti;La Coudrette 573 rte Port;74140;SCIEZ;04 50 17 30 73;http://www.restaurant-leplaisansciez.fr;;;;;"[""La Demi Douzaine d'Escargots au beurre d'ail de notre Chef Bourguignon"", ""La Douzaine d'Escargots au beurre d'ail de notre Chef Bourguignon"", 'Le Wok de Thon et légumes', 'Les Filets de perches de Lac poêlés sauce crème', ""L'assortiment de fromages"", 'La Crème Brûlée au Citron Kalamansi']";['8\xa0 €', '15\xa0 €', '18\xa0 €', '26\xa0 €', '8\xa0 €', '7.5\xa0 €'];['terrasse', 'livraison à domicile', 'parking', 'facilité bébé', 'accès handicapés'];;;
989;Le Super Gets;imm Orée Des Pistes 122 chem Carry;74260;LES GETS;04 50 75 31 52;http://www.lesgets.com/le-super-gets.html;;;;;;;['Cafés, bars ', 'Restaurants '];['Lundi', '09h00 - 12h00', 'Mardi', '09h00 - 12h00', 'Mercredi', '09h00 - 12h00', 'Jeudi', '09h00 - 12h00', 'Vendredi', '09h00 - 12h00', '16h00 - 19h00', 'Samedi', '09h00 - 12h00', '16h00 - 19h00', 'Dimanche', '08h30 - 12h00', '17h00 - 19h00'];;
990;Auberge Camélia;406 rte Villaz;74570;AVIERNOZ;04 50 22 44 24;www.hotelcamelia.com;;;;;;;['bar', 'animaux acceptés', 'parking', 'chambre double', 'wifi', 'Hôtels ', 'Restaurants '];['Lundi', '12h00 - 14h00', 'Mardi', '12h00 - 14h00', '19h30 - 21h30', 'Mercredi', '12h00 - 14h00', '19h30 - 21h30', 'Jeudi', '12h00 - 14h00', '19h30 - 21h30', 'Vendredi', '12h00 - 14h00', '19h30 - 21h30', 'Samedi', '12h00 - 14h00', '19h30 - 21h30\n ', 'Dimanche', '12h00 - 14h00'];;
991;Le Tournavel;10 r Adrien Ligué;74100;ANNEMASSE;04 50 37 92 08;www.facebook.com;;;restaurant savoyard;1.0;;;['animaux acceptés', 'terrasse', 'restaurant repas de groupe', 'accès handicapés', 'climatisation'];['Lundi', '11h45 - 14h00', '19h00 - 23h00', 'Mardi', '11h45 - 14h00', '19h00 - 23h00', 'Mercredi', '11h45 - 14h00', '19h00 - 23h00', 'Jeudi', '11h45 - 14h00', '19h00 - 23h00', 'Vendredi', '11h45 - 14h00', '19h00 - 23h00', 'Samedi', '11h45 - 14h00', '19h00 - 23h00', 'Dimanche', '11h45 - 14h00', '19h00 - 23h00'];;
992;Bc Annecy;8 fbg Ste Claire;74000;ANNECY;04 38 80 28 34;;;;;;;;;;;
993;Restaurant La Trace Les Chenons;Balme;74220;LA CLUSAZ;04 50 02 56 84;;;;;;;;['Hôtels ', 'Restaurants '];;;
994;Le Dauphin;12 r Platanes;74100;ANNEMASSE;04 50 92 38 25;;;;cuisine du monde;5.0;;;"['organisation de réception', 'plat à emporter', 'animaux acceptés', 'terrasse', ""repas d'affaire"", 'restaurant repas de groupe', 'brasserie']";['Lundi', '07h30 - 19h00', 'Mardi', '07h30 - 19h00', 'Mercredi', '07h30 - 19h00', 'Jeudi', '07h30 - 19h00', 'Vendredi', '07h30 - 19h00', 'Samedi', '07h30 - 19h00', 'Dimanche'];;
995;Le Marronnier;pl Docteur Humbert;74440;TANINGES;04 50 89 74 01;www.facebook.com;;;cuisine française;5.0;;;['animaux acceptés', 'terrasse', 'parking', 'restaurant repas de groupe', 'accès handicapés', 'wifi'];['Lundi', '12h00 - 13h30', 'Mardi', '12h00 - 13h30', 'Mercredi', '12h00 - 13h30', 'Jeudi', '12h00 - 13h30', '19h00 - 21h30', 'Vendredi', '12h00 - 13h30', '19h00 - 21h30', 'Samedi', '12h00 - 13h30', '19h00 - 21h30', 'Dimanche', '12h00 - 13h30'];;
996;Restauration Vins Et Conseils;pass Golliardi;74000;ANNECY;04 50 23 50 15;http://www.20-sur-vins.com;;;cuisine française;4.0;"['La Tartiflette facon 20/Vins', 'La planche de Fromage de chez Mr Gay MOF 2011', 'Filet de Bar Chicon Braisé et jus à l&#39 orange', ""La tajine d'agneau, souris d'agneau confite aux épices d'orient et pruneaux"", 'La légereté chocolat et agrumes', 'Le Crumble de Poire et Romarin au Génépi']";['6,9\xa0 €', '16,9\xa0 €', '15,9\xa0 €', '16,9\xa0 €', '5,9\xa0 €', '5,9\xa0 €'];['animaux acceptés', 'terrasse', 'parking', 'restaurant repas de groupe', 'climatisation'];['Lundi', 'Mardi', '12h00 - 14h00', '18h00 - 22h30', 'Mercredi', '12h00 - 14h00', '18h00 - 22h30', 'Jeudi', '12h00 - 14h00', '18h00 - 22h30', 'Vendredi', '12h00 - 14h00', '18h00 - 22h30', 'Samedi', '12h00 - 14h00', '18h00 - 22h30', 'Dimanche'];;
997;Bistrot Perrière;7 r Perrière;74000;ANNECY;04 50 45 79 90;www.facebook.com/LaTaverneSavoyarde;;;Restaurant savoyard;1.0;;;['plat à emporter', 'animaux acceptés', 'terrasse', 'parking', 'facilité bébé', 'restaurant repas de groupe'];['Lundi', '11h30 - 14h30', '18h00 - 22h30', 'Mardi', '11h30 - 14h30', '18h00 - 22h30', 'Mercredi', '11h30 - 14h30', '18h00 - 22h30', 'Jeudi', '11h30 - 14h30', '18h00 - 22h30', 'Vendredi', '11h30 - 14h30', '18h00 - 22h30', 'Samedi', '11h30 - 14h30', '18h00 - 22h30', 'Dimanche', '11h30 - 14h30', '18h00 - 22h30'];;
998;Hôtellerie du Château de Coudrée;Lieu Dit Bonnatrait Château De av Bonnatrait;74140;SCIEZ;04 50 72 62 33;http://www.chateau-hotel-coudree.com/fr;;;;;;;"['Nombre de salles de réunion : 6', 'Prise en charge gratuite depuis la gare', 'Jardin', 'Parking gratuit en libre service', 'Terrasse', 'Sauna', 'Bar/salon', 'Espace conférence', 'Salles de réunion', ""Surface de l'espace conférence (mètres) : 60"", 'Petit-déjeuner disponible (en supplément)', ""Surface de l'espace conférence (pieds) : 646"", 'Nombre de piscines en plein air : 2', ""Garde d'enfants"", ""Nombre d'étages : 2"", 'Nombre de bâtiments : 1', 'Accès Internet Wi-Fi gratuit', 'Restaurant', 'Nombre total de chambres : 17', 'Hôtels ', 'Restaurants ']";;;
999;Hôtel la Villa du Lac;12 rte Tournette;74290;VEYRIER DU LAC;04 50 60 10 06;http://lemanoirdulac.site-solocal.com;;;;;"['Croustillant de Reblochon', 'Reblochonnade de st jacques', ""Carré d'agneau rôti au thym frais"", 'Filet de Perche frais Meunière', ""Carpaccio d'ananas à la menthe fraîche et son sorbet citron frais"", 'Fondant au chocolat du Chef et sa glace vanille Bourbon']";['13\xa0 €', '18\xa0 €', '25\xa0 €', '23\xa0 €', '8\xa0 €', '10\xa0 €'];['terrasse', 'facilité bébé', 'Restaurants ', 'Hôtels '];;;
1000;Cham'Streetfood;28 imp Primevère;74400;CHAMONIX MONT BLANC;04 50 47 72 13;;;;;;;;;['Lundi', '07h00 - 17h15', 'Mardi', '07h00 - 17h15', 'Mercredi', '07h00 - 17h15', 'Jeudi', '07h00 - 17h15', 'Vendredi', '07h00 - 17h15', 'Samedi', '07h00 - 17h15', 'Dimanche', ' 07h00 - 17h15'];;
1001;Shiraz;4 av Gare;74500;EVIAN LES BAINS;04 57 43 26 58;;;;;;;;['animaux acceptés', 'terrasse', 'facilité bébé', 'restaurant repas de groupe', 'climatisation', 'wifi'];['Lundi', 'Mardi', '12h00 - 14h00', '19h00 - 23h00', 'Mercredi', '12h00 - 14h00', '19h00 - 23h00', 'Jeudi', '12h00 - 14h00', '19h00 - 23h00', 'Vendredi', '12h00 - 14h00', '19h00 - 23h00', 'Samedi', '12h00 - 14h00', '19h00 - 23h00', 'Dimanche', '12h00 - 14h00', '19h00 - 23h00'];;
1002;Restaurant Le Moulin Du Pépé;1444 rte Albertville;74410;SAINT JORIOZ;04 50 51 06 60;www.campingeuropa.com;;;Restaurant savoyard;5.0;;;['cheminée', 'organisation de réception', 'plat à emporter', 'animaux acceptés', 'terrasse', 'parking', 'facilité bébé', 'restaurant repas de groupe', 'accès handicapés', 'Restaurants ', 'Campings ', 'Location de caravanes, de mobile homes '];;;
1003;My Kebab;15 av Germain Perreard;74000;CRAN GEVRIER;04 50 62 47 02;;;;;;;;;['Lundi', '11h00 - 23h00', 'Mardi', '11h00 - 23h00', 'Mercredi', '11h00 - 23h00', 'Jeudi', '11h00 - 23h00', 'Vendredi', '11h00 - 23h00', 'Samedi', '11h00 - 23h00', 'Dimanche', '11h00 - 23h00'];;
1004;Hermand;Verniaz;74200;MARGENCEL;04 50 26 63 58;;;;;;;;;;;
1005;Bar Restaurant de la Plage;quai Ripaille;74200;THONON LES BAINS;04 50 71 32 05;http://www.ville-thonon.fr/165-piscine.htm;;;cuisine française;1.0;;;['terrasse', 'parking', 'restaurant repas de groupe'];['Lundi', '12h00 - 15h00', 'Mardi', '12h00 - 15h00', '19h00 - 22h00', 'Mercredi', '12h00 - 15h00', 'Jeudi', '12h00 - 15h00', '19h00 - 22h00', 'Vendredi', '12h00 - 15h00', 'Samedi', '12h00 - 15h00', 'Dimanche', '12h00 - 15h00'];;
1006;La Brioche Dorée;14 r Résistance;74100;ANNEMASSE;04 50 84 00 41;http://www.briochedoree.fr;;;;;;;['parking', 'restaurant repas de groupe', 'accès handicapés', 'climatisation', 'wifi', 'sandwicherie'];['Lundi', '08h30 - 20h00', 'Mardi', '08h30 - 20h00', 'Mercredi', '08h30 - 20h00', 'Jeudi', '08h30 - 20h00', 'Vendredi', '08h30 - 20h30', 'Samedi', '08h30 - 20h00', 'Dimanche'];;
1007;Lanvers-Pernet;5304 rte Lindarets;74110;MONTRIOND;09 61 34 53 97;;;;;;;;;;;
1008;Miamami;22 Grande Rue;74440;TANINGES;04 50 96 31 93;http://www.miamami.org;;;;;;;;;;
1009;Rond De Carotte;50 r Vignette;74170;SAINT GERVAIS LES BAINS;04 50 47 76 39;http://www.ronddecarotte.fr/index.php;;;;;;;['Accès internet ', 'Enfant ', 'Guide michelin '];['Lundi', '12h00 - 13h30', '19h30 - 21h30', 'Mardi', '12h00 - 13h30', '19h30 - 21h30', 'Mercredi', 'Jeudi', 'Vendredi', '12h00 - 13h30', '19h30 - 21h30', 'Samedi', '12h00 - 13h30', '19h30 - 21h30', 'Dimanche', '12h00 - 13h30', '19h30 - 21h30'];;
1010;Les 3 Chauves;60 rte Rutys;74370;PRINGY;09 72 96 51 72;;;;;;;;;;;
1011;Restaurant Le Rouet;Salvagny;74740;SIXT FER À CHEVAL;04 50 34 40 89;www.facebook.com/leRouet.Salvagny;;;;;['Assiette de charcuterie des Alpes et fromages de la vallée', 'Salade des Alpages', 'Burger du Rouet', 'Plat du jour', 'Café gourmand', 'Coupes de glaces'];['15 €', '14 €', '13 €', '12.5 €', '6.5 €', '6.5 €'];['21-30 euros ', 'Cuisine française '];['Lundi', ' 10h00 - 18h00', 'Mardi', '10h00 - 18h00', 'Mercredi', '10h00 - 18h00', 'Jeudi', '10h00 - 18h00', 'Vendredi', '10h00 - 22h00', 'Samedi', '18h00 - 22h00', 'Dimanche', '10h00 - 22h00'];;
1012;Résidence Hôtelière Les Châtaigniers;146 rte Lornard;74410;SAINT JORIOZ;04 50 68 63 29;www.chataigniers.com;;;;;;;['Organisation de séminaires', 'Tennis', 'Résidence de tourisme', 'Garage', 'Résidence hôtelière', 'Grill', 'Piscine', 'Hôtel', 'Accès aux personnes à mobilité réduite', 'Restaurant', 'Squash', 'Spa', 'Hôtels ', 'Restaurants ', 'Location de salles ', 'Hôtels avec piscine ', 'Organisation de séminaires, de congrès ', 'Résidences de tourisme, résidences hôtelières '];;;
1013;AU VILLAGE ORBA;65 rte Megève;74920;COMBLOUX;04 50 90 99 16;www.facebook.com;;;cuisine française;2.0;;;"['organisation de réception', 'animaux acceptés', 'terrasse', 'parking', ""repas d'affaire"", 'facilité bébé', 'restaurant repas de groupe', 'accès handicapés']";['Lundi', '12h00 - 14h00', '19h00 - 21h00\n ', 'Mardi', '12h00 - 14h00', '19h00 - 21h00', 'Mercredi', '12h00 - 14h00', '19h00 - 21h00', 'Jeudi', '12h00 - 14h00', '19h00 - 21h00', 'Vendredi', '12h00 - 14h00', '19h00 - 21h00', 'Samedi', '12h00 - 14h00', '19h00 - 21h00', 'Dimanche', ' 12h00 - 14h00', '19h00 - 21h00'];;
1014;Restaurant Saveurs D'en Haut;Plateau De Sommand D308 2 rte Col de la Ramaz;74440;MIEUSSY;04 50 34 20 88;http://www.vaccapark.com;;;restaurant savoyard;3.0;['La Raclette aux 2 fromages', 'La salade Ours Blanc'];['25\xa0 €', '14\xa0 €'];['animaux acceptés', 'terrasse', 'parking', 'facilité bébé', 'restaurant repas de groupe', 'accès handicapés', 'wifi'];;;
1015;Hennaoui Samia;130 r Allobroges;74460;MARNAZ;04 50 96 44 54;;;;;;;;;;;
1016;Croc Pizza;4 av Jean Léger;74500;EVIAN LES BAINS;04 50 75 93 04;www.crocpizza.com;;;;;;;['pizzeria', 'animaux acceptés', 'terrasse', 'parking', 'facilité bébé', 'restaurant repas de groupe', 'accès handicapés', 'climatisation'];['Lundi', '18h00 - 22h00', 'Mardi', ' 18h00 - 22h00', 'Mercredi', '18h00 - 22h00', 'Jeudi', 'Vendredi', '18h00 - 22h00', 'Samedi', '18h00 - 22h00', 'Dimanche', '18h00 - 22h00'];;
1017;LEZZET GRILL;9 pass Halles;74960;CRAN GEVRIER;09 54 00 01 35;http://restaurant-lezzet-grill.business.site;;;;;;;;['Lundi', '10h00 - 12h00', 'Mardi', '10h00 - 12h00', 'Mercredi', '10h00 - 12h00', 'Jeudi', '10h00 - 12h00', 'Vendredi', '10h00 - 12h00', 'Samedi', '10h00 - 12h00', 'Dimanche', '10h00 - 12h00'];45.907154;6.10662
1018;Too Schuss Epagny;Ccal Auchan 35 r Commerce;74330;EPAGNY METZ TESSY;04 50 24 02 70;http://www.brasserie-too-schuss.fr;;;;;;;['Brasseries ', 'Restaurants '];['Lundi', '09h00 - 19h00', 'Mardi', '09h00 - 19h00', 'Mercredi', '09h00 - 19h00', 'Jeudi', '09h00 - 19h00', 'Vendredi', '09h00 - 19h00', 'Samedi', '09h00 - 19h00', 'Dimanche'];;
1019;Pizza Perrine;15 r Perrine;74800;LA ROCHE SUR FORON;04 50 07 44 53;www.facebook.com;;;;;;;['pizzeria', 'plat à emporter', 'livraison à domicile', 'parking', 'friterie', 'wifi', 'sandwicherie'];;;
1020;B Com Brasserie;300 rte Collonges;74160;ARCHAMPS;04 50 31 23 23;http://www.bcombrasserie.com;;;cuisine française;3.0;;;['terrasse', 'parking', 'facilité bébé', 'restaurant repas de groupe', 'climatisation', 'wifi', 'brasserie'];['Lundi', '12h00 - 14h00', '19h00 - 22h30', 'Mardi', '12h00 - 14h00', '19h00 - 22h30', 'Mercredi', '12h00 - 14h00', '19h00 - 22h30', 'Jeudi', '12h00 - 14h00', '19h00 - 22h30', 'Vendredi', '12h00 - 14h00', '19h00 - 22h30', 'Samedi', '12h00 - 14h00', '19h00 - 22h30', 'Dimanche', '12h00 - 14h00', '19h00 - 22h30'];;
1021;Café Saint Antoine;14 pl Notre Dame;74000;ANNECY;04 50 45 07 57;http://www.cafe-saint-antoine.com;;;restaurant lyonnais;5.0;"[""Gratin de ravioles aux pousses d'épinard"", 'Tarte fine de poireaux et filets de cailles jus aux myrtilles', ""Burger au saumon avec frites et salade verte Pain noir au sésame, escalope de saumon, pousses d'épinards, tomate, pomme Anna, crème tartare"", 'Entrecôte de boeuf Simmental 250gr, avec frites et salade verte, sauce béarnaise, poivre ou reblochon', 'Faisselle (150g) servi avec un coulis de fruits rouges', 'Fondant au chocolat,coeur à la crème de marron et crème anglaise']";['11.5\xa0 €', '11.9\xa0 €', '18.5\xa0 €', '20.9\xa0 €', '6\xa0 €', '7.5\xa0 €'];['animaux acceptés', 'terrasse', 'facilité bébé', 'Zone fumeur', 'restaurant repas de groupe', 'accès handicapés'];['Lundi', '09h00 - 00h00', 'Mardi', '09h00 - 00h00', 'Mercredi', '09h00 - 00h00', 'Jeudi', '09h00 - 00h00', 'Vendredi', '09h00 - 00h00', 'Samedi', '09h00 - 00h00', 'Dimanche'];;
1022;L'Evenement Gourmand;St Cergues 577 rte Framboises;74140;MACHILLY;04 50 31 22 13;http://www.saint-cergues.fr/Evenements-Gourmands;;;;;;;;;;
1023;Refuge De Doran;rte Doran;74700;SALLANCHES;04 50 58 08 00;http://www.refugededoran.fr;;;;;;;['Refuges de montagne ', 'Restaurants ', 'Infrastructures de sports et loisirs '];;;
1024;RESTAURANT DE LA PISCINE;8 pl Avet;74230;THÔNES;06 67 19 52 18;;;;;;;;['plongeoir', 'aire de baignade', 'base nautique', 'Infrastructures de sports et loisirs ', 'Restaurants '];;;
1025;La récré;4 Bis av Brogny;74000;ANNECY;04 56 73 80 60;facebook.com;;;;;;;['Restauration rapide ', 'Restaurants ', 'Cafés, bars '];['Lundi', '07h30 - 17h00', 'Mardi', '07h30 - 17h00', 'Mercredi', '09h00 - 12h00', 'Jeudi', '07h30 - 17h00', 'Vendredi', '07h30 - 15h00', 'Samedi', '06h00 - 13h00', 'Dimanche'];;
1026;Le Kiosque à Pizzas MAEMAT;Parking Station De Lavage La Cambuse 145 rte Vers les Granges;74500;VINZIER;04 50 81 77 14;http://www.le-kiosque-a-pizzas.com;;;;;;;['Inférieur à 10 euros '];['Lundi', '11h00 - 13h30', '17h30 - 21h30', 'Mardi', '11h00 - 13h30', '17h30 - 21h30', 'Mercredi', '11h00 - 13h30', '17h30 - 21h30', 'Jeudi', '11h00 - 13h30', '17h30 - 21h30', 'Vendredi', '11h00 - 13h30', '17h30 - 21h30', 'Samedi', '11h00 - 13h30', '17h30 - 21h30', 'Dimanche', '11h00 - 13h30', '17h30 - 21h30'];;
1027;Hotel Du Bois;475 av Alpages;74310;LES HOUCHES;04 50 54 50 35;http://www.hotel-du-bois.com;;;;;;;['télévision', 'jardin', 'hôtel avec piscine', 'animaux acceptés', 'facilités bébé', 'parking', 'hôtel spa', 'wifi', 'accès handicapé', 'restaurant', 'jeux pour enfants', 'Hôtels ', 'Restaurants '];;;
1028;Refuge du Lac de Gers;Lac de Gers;74340;SAMOËNS;09 87 88 18 69;http://refugedulacdegers.fr;;;;;;;['Bord de lac ', 'Dortoir ', 'Parking ', 'Terrasse ', 'Téléphone ', 'Petit déjeuner ', 'Séjour en demi-pension ', 'Gîtes ', 'Restaurants '];;;
1029;La Sapaudia;12 fbg Ste Claire;74000;ANNECY;04 50 45 24 03;http://www.lesapaudia.fr;;;;;;;['Pizzerias ', 'Restaurants '];['Lundi', '11h45 - 14h00', '18h45 - 22h15', 'Mardi', '11h45 - 14h00', '18h45 - 22h15', 'Mercredi', '11h45 - 14h00', '18h45 - 22h15', 'Jeudi', '11h45 - 14h00', '18h45 - 22h15', 'Vendredi', '11h45 - 14h00', '18h45 - 23h00', 'Samedi', '11h45 - 14h00', '18h45 - 23h00', 'Dimanche', '11h45 - 14h00', '18h45 - 22h15'];;
1030;Le Chapeau;L' Avencher rte Nationale 205;74400;CHAMONIX MONT BLANC;06 10 77 59 01;;;;;;;;['terrasse', 'restaurant repas de groupe'];;;
1031;La Luge a Teran Le Telemark;153 rte Vallon d'en Bas;74340;SAMOËNS;06 85 80 77 00;hiver.samoens.com;;;;;;;['animaux acceptés', 'terrasse'];['Lundi', '09h00 - 18h00', 'Mardi', '09h00 - 18h00', 'Mercredi', '09h00 - 18h00', 'Jeudi', '09h00 - 18h00', 'Vendredi', '09h00 - 18h00', 'Samedi', '09h00 - 18h00', 'Dimanche', '09h00 - 18h00'];;
1032;ALPAGE DE PRE ROSSET PRE LAY;En Ht Téléski Lanchettes Roches Brunes 5350 chem Tour à Pré Rossey;74120;MEGÈVE;04 50 93 58 84;http://www.megeve-altitude.com;;;;;;;['animaux acceptés', 'terrasse', 'parking', 'restaurant repas de groupe'];['Lundi', '09h00 - 00h00', 'Mardi', '09h00 - 00h00', 'Mercredi', '09h00 - 00h00', 'Jeudi', '09h00 - 00h00', 'Vendredi', '09h00 - 00h00', 'Samedi', '09h00 - 00h00', 'Dimanche', '09h00 - 00h00'];;
1033;BEYROUTH EXPRESS;11 r Fernand David;74100;ANNEMASSE;04 50 74 86 41;beyrouthexpress.fr;;;Cuisine du Monde;5.0;;;['restaurant végétarien', 'plat à emporter', 'animaux acceptés', 'terrasse', 'restaurant repas de groupe', 'restaurant halal', 'wifi'];['Lundi', '11h30 - 15h00', '18h00 - 22h00', 'Mardi', '11h30 - 15h00', '18h00 - 22h00', 'Mercredi', '11h30 - 15h00', '18h00 - 22h00', 'Jeudi', '11h30 - 15h00', '18h00 - 22h00', 'Vendredi', '11h30 - 15h00', '18h00 - 23h00', 'Samedi', '11h30 - 15h00', '18h00 - 23h00', 'Dimanche'];;
1034;Refuge La Pierre A Bérard;Refuge Pierre à Bérard;74660;VALLORCINE;04 50 54 62 08;;;;;;;;['Infrastructures de sports et loisirs ', 'Restaurants '];;;
1035;Leman Kid;1 imp Poudrière;74200;THONON LES BAINS;07 52 04 09 64;http://www.lemankid.fr;;;;;;;"['Cuisine française ', 'Restaurants ', ""Parcs d'attractions, de loisirs ""]";['Lundi', 'Mardi', 'Mercredi', '13h30 - 18h30', 'Jeudi', 'Vendredi', '16h00 - 18h00', 'Samedi', '10h00 - 18h30', 'Dimanche', '10h00 - 18h30'];;
1036;La Casa Nostra;2 r Jean Mermoz;74940;ANNECY LE VIEUX;04 50 66 23 82;www.facebook.com/pg/casanostra.annecy/about/?ref=page;;;Cuisine du Monde;5.0;['Antipasti de légumes', 'Bianca Napolitana', 'Pizza Bufala', 'Pizza La Casa Nostra', 'Mousse au chocolat', 'Pizza au Nutella'];['16 €', '8 €', '11 €', '15 €', '8 €', '8 €'];['terrasse', 'climatisation', 'Restaurants ', 'Pizzerias '];['Lundi', '12h00 - 14h00', 'Mardi', '12h00 - 14h00', 'Mercredi', '12h00 - 14h00', 'Jeudi', 'Vendredi', 'Samedi', 'Dimanche'];;
1037;L'AMITIE;1260 rte Clermont;74330;SILLINGY;04 56 34 62 12;;;;;;;;;;;
1038;Restaurant Khue Danh;1935 rte Nationale;74120;MEGÈVE;09 51 53 32 85;;;;restaurant asiatique;3.0;;;['Asiatique '];;;
1039;Restaurant L'Entracte;7075 rte Chinaillon;74450;LE GRAND BORNAND;04 50 27 05 30;http://www.entracte-ovincoeur.fr;;;cuisine française;5.0;;;"['organisation de réception', 'terrasse', 'parking', ""repas d'affaire"", 'accès handicapés']";;;
1040;Le Feliks;281 rte Aix les Bains;74540;SAINT FÉLIX;04 50 10 68 74;;;;;;;;;;;
1041;Chez Nous;149 r Malperthuy;74350;CRUSEILLES;06 28 49 23 15;;;;;;;;;;;
1042;L'ETABLE DES COMPLICES;106 pl Hôtel de Ville;74130;BONNEVILLE;04 50 25 72 66;www.facebook.com;;;;;;;"['plat à emporter', 'animaux acceptés', 'terrasse', 'parking', ""repas d'affaire"", 'accès handicapés', 'wifi']";['Lundi', '07h00 - 16h00', 'Mardi', '07h00 - 16h00', 'Mercredi', '07h00 - 16h00', 'Jeudi', ' 07h00 - 16h00', 'Vendredi', '07h00 - 16h00', 'Samedi', 'Dimanche', '07h00 - 16h00'];;
1043;Crêperie Bretonne la Bolée;14 r Ile;74000;ANNECY;04 50 45 26 62;;;;cuisine française;4.0;;;['restaurant sans gluten', 'animaux acceptés', 'terrasse', 'parking', 'facilité bébé', 'restaurant repas de groupe'];['Lundi', '11h00 - 00h00', 'Mardi', '11h00 - 00h00', 'Mercredi', '11h00 - 00h00', 'Jeudi', '12h00 - 14h00', 'Vendredi', '11h00 - 00h00', 'Samedi', '11h00 - 00h00', 'Dimanche'];;
1044;Da Checco;28 r Faucigny;74100;ANNEMASSE;04 56 81 93 19;http://www.dachecco.fr;;;;;['BUFALA :Tomate Mozzarella di Bufala Basilico Huile', 'PARMA :Tomate Mozzarella Jambon de Parme Huile', 'Glaces', 'Pano cotta fruit rouge'];['12\xa0 €', '13.5\xa0 €', '3\xa0 €', '4\xa0 €'];['Pizzerias ', 'Restaurants '];['Lundi', '11h30 - 14h30', '18h00 - 23h00', 'Mardi', '11h30 - 14h30', '18h00 - 23h00', 'Mercredi', '11h30 - 14h30', '18h00 - 23h00', 'Jeudi', '11h30 - 14h30', '18h00 - 23h00', 'Vendredi', '11h30 - 14h30', '18h00 - 23h00', 'Samedi', '11h30 - 14h30', '18h00 - 23h00', 'Dimanche', '11h30 - 14h30', '18h00 - 23h00'];;
1045;La Rotisserie De Thiou;17 pass Evéché;74000;ANNECY;04 50 45 03 10;http://www.larotisseriedethiou.fr;;;cuisine française;2.0;;;['animaux acceptés', 'terrasse', 'parking', 'restaurant repas de groupe'];['Lundi', '12h00 - 14h00', '19h00 - 22h00', 'Mardi', '12h00 - 14h00', '19h00 - 22h00', 'Mercredi', '12h00 - 14h00', '19h00 - 22h00', 'Jeudi', '12h00 - 14h00', '19h00 - 22h00', 'Vendredi', '12h00 - 14h00', '19h00 - 22h00', 'Samedi', '12h00 - 14h00', '19h00 - 22h00', 'Dimanche', '12h00 - 14h00', '19h00 - 22h00'];;
1046;EN K ET CREPES;240 rte Berny;74800;ARENTHON;06 32 22 12 26;www.facebook.com;;;;;;;['crêperie', 'plat à emporter', 'terrasse', 'parking', 'restaurant repas de groupe'];['Lundi', '11h00 - 14h00', 'Mardi', '11h00 - 14h00', 'Mercredi', '11h00 - 14h00', 'Jeudi', '11h00 - 14h00', 'Vendredi', '11h00 - 14h00', 'Samedi', 'Dimanche'];;
1047;Bar'Back;8 bd Georges Andrier;74200;THONON LES BAINS;04 50 76 23 95;www.facebook.com;;;cuisine française;5.0;;;['restaurant végétarien'];['Lundi', 'Mardi', '12h00 - 14h00', '19h30 - 22h00', 'Mercredi', '12h00 - 14h00', '19h30 - 22h00', 'Jeudi', '12h00 - 14h00', '19h30 - 22h00\n ', 'Vendredi', '12h00 - 14h00', '19h30 - 23h00', 'Samedi', '19h30 - 23h00', 'Dimanche', '19h30 - 22h00'];;
1048;Le Clos Gourmand;Ctre Cial Hyper U bd Europe;74150;RUMILLY;04 50 19 07 55;;;;;;;;;['Lundi', '08h00 - 20h30', 'Mardi', '08h00 - 20h30', 'Mercredi', '08h00 - 20h30', 'Jeudi', '08h00 - 20h30', 'Vendredi', '08h00 - 20h30', 'Samedi', '08h00 - 20h30', 'Dimanche'];45.85849;5.945266
1049;Ty Breiz;650 rte N-D de La Gorge;74170;LES CONTAMINES MONTJOIE;04 50 47 18 32;http://www.lescontamines.com/hiver/sejourner/savourer-et-sortir/restaurants/le-ty-breiz-1200413;;;;;;;['animaux acceptés', 'terrasse', 'parking', 'facilité bébé', 'accès handicapés'];['Lundi', '00h00 - 02h00', 'Mardi', '17h00 - 00h00', 'Mercredi', '17h00 - 02h00', 'Jeudi', '17h00 - 02h00', 'Vendredi', '17h00 - 02h00', 'Samedi', '17h00 - 02h00', 'Dimanche', '17h00 - 02h00'];;
1050;La Tour de Pizz';103 rte Trabets;74310;LES HOUCHES;06 58 53 78 18;http://latourdepizz74310.eatbu.com;;;;;;;['pizzeria'];;;
1051;KYLIAN SARL;19 rte Megève;74120;PRAZ SUR ARLY;04 50 21 80 97;http://www.restaurantprazsurarly.com;;;cuisine française;4.0;;;['Cuisine française '];['Lundi', '07h30 - 22h00', 'Mardi', '07h30 - 22h00', 'Mercredi', '07h30 - 22h00', 'Jeudi', '07h30 - 22h00', 'Vendredi', '07h30 - 22h00\n ', 'Samedi', '07h30 - 22h00', 'Dimanche', '07h30 - 22h00'];;
1052;BURGER S;Lieu Dit Cozar 2 r Frasse;74950;SCIONZIER;09 52 69 68 56;;;;;;;;;;;
1053;LAKEHAL KAMEL;252 r Faucigny;74490;SAINT JEOIRE;06 46 40 33 49;;;;;;;;;;;
1054;Auberge De La Cascade De Rouget;Route Du Lignon les Frasses;74740;SIXT FER À CHEVAL;04 50 34 19 94;www.facebook.com;;;;;;;['animaux acceptés', 'terrasse', 'parking'];;;
1055;Le Vieux Four;55 rte Boude;74390;CHÂTEL;04 50 73 30 56;http://ledreuillon.site-solocal.com;;;;;;;"['salons privés', 'langue parlée : anglais', 'Résidences de tourisme, résidences hôtelières ', 'Restaurants gastronomiques ', ""Location d'appartements "", 'Restaurants ']";['Lundi', 'Mardi', '12h00 - 14h00', '19h00 - 22h00', 'Mercredi', '12h00 - 14h00', '19h00 - 22h00', 'Jeudi', '12h00 - 14h00', '19h00 - 22h00', 'Vendredi', '12h00 - 14h00', '19h00 - 22h00', 'Samedi', '12h00 - 14h00', '19h00 - 22h00', 'Dimanche', '12h00 - 14h00', '19h00 - 22h00'];;
1056;Aux Ducs de Savoie;Hôtel Les Ducs De Savoie r 23 Juillet 1944;74500;SAINT GINGOLPH;04 50 76 73 09;http://www.auxducsdesavoie.fr;;;cuisine française;2.0;;;['animaux acceptés', 'terrasse', 'parking', 'gastronomique', 'facilité bébé', 'restaurant repas de groupe', 'wifi'];['Lundi', 'Mardi', 'Mercredi', '12h00 - 14h00', '19h00 - 21h00', 'Jeudi', '12h00 - 14h00', '19h00 - 21h00', 'Vendredi', '12h00 - 14h00', '19h00 - 21h00', 'Samedi', '12h00 - 14h00', '19h00 - 21h00', 'Dimanche', '12h00 - 14h00'];;
1057;Restaurant Les Buissons;245 rte Var d'En Haut;74220;LA CLUSAZ;04 50 02 44 48;http://laclusazter.e-monsite.com;;;;;;;['plat à emporter', 'terrasse', 'parking', 'restaurant repas de groupe'];['Lundi', '11h00 - 13h00', '18h00 - 20h00', 'Mardi', '11h00 - 13h00', '18h00 - 20h00', 'Mercredi', '11h00 - 13h00', '18h00 - 20h00', 'Jeudi', '11h00 - 13h00', '18h00 - 20h00', 'Vendredi', '11h00 - 13h00', '18h00 - 20h00', 'Samedi', '11h00 - 13h00', '18h00 - 20h00', 'Dimanche', '11h00 - 13h00', '18h00 - 20h00'];;
1058;Brasserie de Savoie;234 pl Charles Albert;74700;SALLANCHES;04 50 58 06 54;;;;;;;;['brasserie'];['Lundi', '07h00 - 20h00', 'Mardi', '07h00 - 20h00', 'Mercredi', '07h00 - 20h00', 'Jeudi', '07h00 - 20h00', 'Vendredi', '07h00 - 20h00\n ', 'Samedi', '07h00 - 20h00', 'Dimanche', '07h00 - 20h00'];;
1059;Pizza D Or;30 av Leman;74890;BONS EN CHABLAIS;04 50 39 33 46;;;;;;;;;;;
1060;L'Ensoleillé;Chef Lieu;74360;LA CHAPELLE D'ABONDANCE;04 50 73 50 42;http://www.hotel-ensoleille.com;;;;;;;['télévision', 'animaux acceptés', 'hôtel avec piscine', 'facilités bébé', 'parking', 'hammam', 'wifi', 'restaurant', 'sauna', 'Hôtels ', 'Restaurants '];;;
1061;Martine Claire Restobus la ligne 13;4 av Genévriers;74200;THONON LES BAINS;04 50 71 18 59;www.facebook.com;;;;;;;['plat à emporter', 'terrasse', 'parking', 'restaurant repas de groupe'];['Lundi', '09h00 - 18h30', 'Mardi', ' 09h00 - 18h30', 'Mercredi', '09h00 - 18h30', 'Jeudi', '09h00 - 18h30', 'Vendredi', '09h00 - 23h00', 'Samedi', 'Dimanche'];;
1062;Ibis Styles Sallanches Pays du Mont-Blanc;2115 av Genève;74700;SALLANCHES;04 50 55 88 90;http://all.accor.com/hotel/0639/index.fr.shtml;;;;;;;"['ascenseur', 'télévision', 'wifi', 'accueil 24h sur 24', 'coffre-fort', 'bar', ""ouvert toute l'année"", 'animaux acceptés', 'facilités bébé', 'parking', 'climatisation', 'accès handicapé', 'restaurant', 'Hôtels ', 'Restaurants ']";;;
1063;L'Etape;604 rte Moranches;74170;LES CONTAMINES MONTJOIE;04 50 47 04 68;http://etape.lescontamines.org;;;;;;;['animaux acceptés', 'facilités bébé', 'wifi', 'accès handicapé', 'restaurant', 'Hôtels ', 'Restaurants '];;;
1064;C.M.A.;14 r Vaugelas;74000;ANNECY;04 50 51 85 68;www.facebook.com;;;;;;;;['Lundi', 'Mardi', '11h30 - 14h30', 'Mercredi', '11h30 - 14h30', 'Jeudi', '11h30 - 14h30', 'Vendredi', '11h30 - 14h30', 'Samedi', ' 11h30 - 14h30', 'Dimanche'];;
1065;Declic SARL;42 rte Annecy;74330;POISY;04 50 46 20 32;;;;cuisine française;5.0;;;"['organisation de réception', 'animaux acceptés', 'terrasse', 'parking', ""repas d'affaire"", 'restaurant repas de groupe', 'accès handicapés']";['Lundi', '07h00 - 19h00', 'Mardi', '07h00 - 19h00', 'Mercredi', '07h00 - 19h00', 'Jeudi', '07h00 - 19h00', 'Vendredi', '07h00 - 19h00', 'Samedi', '07h00 - 19h00', 'Dimanche', '09h00 - 13h00'];;
1066;L'Ane Rouge;r Niollets;74140;DOUVAINE;04 50 35 89 10;http://www.bistrot-lanerouge.com;;;;;;;"['organisation de réception', 'terrasse', 'parking', ""repas d'affaire"", 'facilité bébé', 'restaurant repas de groupe', 'accès handicapés', 'wifi']";['Lundi', '12h00 - 14h00', 'Mardi', '12h00 - 14h00', '19h00 - 21h30', 'Mercredi', '12h00 - 14h00', '19h00 - 21h30', 'Jeudi', '12h00 - 14h00', '19h00 - 21h30', 'Vendredi', '12h00 - 14h00', '19h00 - 21h30', 'Samedi', '19h00 - 21h30', 'Dimanche'];;
1067;Pasini Sandrine;les Plagnes;74360;ABONDANCE;04 50 73 84 53;;;;;;;;['Clubs de sport ', 'Restaurants '];['Lundi', '12h00 - 14h00', 'Mardi', '12h00 - 14h00', 'Mercredi', '12h00 - 14h00', 'Jeudi', '12h00 - 14h00', 'Vendredi', '12h00 - 14h00', 'Samedi', '12h00 - 14h00', 'Dimanche', '12h00 - 14h00'];;
1068;La Petite Fringale;42 all Plage;74410;DUINGT;04 50 68 61 91;;;;;;;;;;;
1069;CAFE DE LA PLACE;21 pl Village;74500;LARRINGES;04 50 73 46 09;;;;;;;;['brasserie'];;;
1070;Brasserie Le Pré;au depart du DMC Flaine Forum;74300;ARÂCHES LA FRASSE;04 50 90 82 27;;;;;;;;['brasserie', 'Restaurants ', 'Cafés, bars '];['Lundi', '08h00 - 17h00', 'Mardi', '08h00 - 17h00', 'Mercredi', '08h00 - 17h00', 'Jeudi', '08h00 - 17h00', 'Vendredi', '08h00 - 17h00', 'Samedi', '08h00 - 17h00', 'Dimanche', '08h00 - 17h00'];;
1071;C'Era Una Volta;54 r Genève;74100;ANNEMASSE;04 50 75 07 04;http://www.ristoranteceraunavolta.fr;;;;;['Assiette italienne: jambon cru, bresaola, buffla, gorgonzola, tomates sechees, artichauts, noix, roquette', 'Caprese tartuffo: tomate, buffala, roquette, basilic, huile de truffe', 'Scalopina vitello tartuffo: escalope de veau à la crème de truffe et champignons', 'Spaghettis à la marinara', 'Flûte glacée au limoncello', 'Pizza tanga'];['14\xa0 €', '14\xa0 €', '14\xa0 €', '17\xa0 €', '7\xa0 €', '7\xa0 €'];"['pizzeria', 'grill', 'terrasse', 'tarterie', ""repas d'affaire"", 'facilité bébé', 'dîner spectacle', 'wifi', 'cheminée', 'restaurant végétarien', 'jardin', 'plat à emporter', 'parking', 'friterie', 'restaurant repas de groupe', 'accès handicapés', 'climatisation']";['Lundi', '11h45 - 14h30', '18h45 - 22h30', 'Mardi', '11h45 - 14h30', '18h45 - 22h30', 'Mercredi', '11h45 - 14h30', '18h45 - 22h30\n ', 'Jeudi', '11h45 - 14h30', '18h45 - 22h30', 'Vendredi', '11h45 - 14h30', '18h45 - 22h30', 'Samedi', '11h45 - 14h30', '18h45 - 22h30', 'Dimanche'];;
1072;Les Arcades;4 quai Eustache Chappuis;74000;ANNECY;04 50 45 09 38;www.facebook.com;;;;;"['Délice Focaccia', ""La terrine d'oie en croûte et ses pistaches"", ""Salade L'Italienne"", 'Salade La César des Arcades', ""Crème brûlée, éclats de M&M's '"", 'Glace 2 boules']";['7.9\xa0 €', '8.9\xa0 €', '13.9\xa0 €', '14.9\xa0 €', '6.9\xa0 €', '4.9\xa0 €'];['21-30 euros '];['Lundi', '12h00 - 15h00', '19h00 - 22h00', 'Mardi', '09h00 - 15h00', '19h00 - 22h00', 'Mercredi', '12h00 - 15h00', '19h00 - 22h00', 'Jeudi', '12h00 - 15h00', '19h00 - 22h00', 'Vendredi', '12h00 - 15h00', '19h00 - 22h00\n ', 'Samedi', '12h00 - 15h00', '19h00 - 22h00', 'Dimanche', '12h00 - 15h00', '19h00 - 22h00'];;
1073;Café des Sports Shertan SARL;1 pl Stalingrad;74150;RUMILLY;04 50 64 60 64;;;;cuisine française;5.0;;;"['organisation de réception', 'terrasse', ""repas d'affaire"", 'restaurant repas de groupe', 'brasserie']";['Lundi', '06h30 - 00h00', 'Mardi', '06h30 - 01h00', 'Mercredi', '06h30 - 01h00', 'Jeudi', '06h30 - 01h00', 'Vendredi', '06h30 - 01h00', 'Samedi', '06h30 - 01h00', 'Dimanche', '00h00 - 01h00'];;
1074;Melba Cafe;quai Charles Albert Besson;74500;EVIAN LES BAINS;09 67 59 44 28;;;;;;;;['Brasserie', 'Plats à emporter', 'Terrasse'];['Lundi', '09h00 - 18h30', 'Mardi', '09h00 - 18h30', 'Mercredi', 'Jeudi', '09h00 - 18h30', 'Vendredi', '09h00 - 18h30', 'Samedi', '09h00 - 18h30', 'Dimanche', '09h00 - 18h30'];;
1075;Châlet de Charamillon;lieu-dit Charamillon;74400;CHAMONIX MONT BLANC;04 50 54 04 72;www.restaurants-altitude.com;;;;;;;"['self', ""restaurant d'altitude"", 'panorama singulier', 'plat à emporter', 'vente à emporter', 'montagne']";['Lundi', '09h00 - 15h30', 'Mardi', '09h00 - 15h30', 'Mercredi', ' 09h00 - 15h30', 'Jeudi', '09h00 - 15h30', 'Vendredi', '09h00 - 15h30', 'Samedi', '09h00 - 15h30', 'Dimanche', '09h00 - 15h30'];;
1076;Restaurant Chez Flo;115 prom Pas du Lac;74110;MORZINE;04 50 74 19 94;http://www.chez-flo.com;;;;;;;;['Lundi', '08h00 - 18h00', 'Mardi', '08h00 - 18h00', 'Mercredi', '08h00 - 18h00', 'Jeudi', '08h00 - 18h00', 'Vendredi', '08h00 - 18h00', 'Samedi', '08h00 - 18h00', 'Dimanche', '08h00 - 18h00'];;
1077;Buvette Cascade De Berard;Cascade De Berard Refuge Pierre à Bérard;74660;VALLORCINE;06 23 80 64 65;http://www.chamonix.com/sentier-de-la-cascade-de-berard,241-675687,fr.html;;;;;;;['pizzeria'];;;
1078;Restaurant Du Chalet De La Croix;3295 rte 3 Lacs;74560;MONNETIER MORNEX;04 50 39 60 11;;;;cuisine française;1.0;;;['animaux acceptés', 'terrasse', 'parking', 'restaurant repas de groupe', 'wifi'];['Lundi', 'Mardi', '19h30 - 22h00', 'Mercredi', '19h30 - 22h00', 'Jeudi', '19h30 - 22h00', 'Vendredi', '19h30 - 22h00', 'Samedi', '19h30 - 22h00', 'Dimanche', '19h30 - 22h00'];46.158398;6.20665
1079;Bchef Annemasse;8 all Simone Signoret;74100;ANNEMASSE;04 50 75 64 15;http://www.franchise.bchef.fr;;;;;;;['bagel', 'Restauration rapide ', 'Restaurants '];[];;
1080;Le Telemar'K;Chef Lieu;74360;ABONDANCE;04 50 73 02 24;;;;;;;;['Cafés, bars ', 'Restaurants '];;;
1081;LA TERRE DOREE;28 imp Crosagny;74540;SAINT FÉLIX;06 99 55 88 99;;;;;;;;;;;
1082;Le George;Chalet Hotel Regina 543 r Centre;74260;LES GETS;04 50 79 43 30;http://www.chalet-regina.fr;;;;;;;['Cuisine française ', 'Inférieur à 10 euros ', 'Montagne ', 'Restaurant savoyard '];['Lundi', '10h00 - 00h00', 'Mardi', '10h00 - 00h00', 'Mercredi', '10h00 - 00h00', 'Jeudi', '10h00 - 00h00', 'Vendredi', '10h00 - 00h00', 'Samedi', '10h00 - 00h00', 'Dimanche', '10h00 - 00h00'];;
1083;Kumo;65 r Carnot;74000;ANNECY;04 50 46 00 13;;;;;;;;['Asiatique ', 'Japonaise '];['Lundi', '08h30 - 20h00', 'Mardi', '08h30 - 20h00', 'Mercredi', '08h30 - 20h00', 'Jeudi', '08h30 - 20h00', 'Vendredi', '08h30 - 20h00', 'Samedi', '08h30 - 20h00', 'Dimanche'];45.904663;6.124184
1084;Hôtel Restaurant Les Sapins;57 rte Burgaz;74350;CUVAT;04 50 46 80 20;;;;;;;;['Animaux acceptés', 'Télévision', 'Parking', 'Restaurant', 'Hôtels ', 'Cafés, bars ', 'Restaurants ', 'Bureaux de tabac '];;;
1085;La Ferme De  L'Hospital;r Mollard;74160;BOSSEY;09 77 05 75 51;http://www.ferme-hospital.com;;;;;;;"['organisation de réception', 'jardin', 'terrasse', 'parking', ""repas d'affaire"", 'gastronomique', 'restaurant repas de groupe', 'accès handicapés', 'wifi', 'climatisation']";['Lundi', 'Mardi', '12h00 - 13h30', '19h15 - 21h00', 'Mercredi', '12h00 - 13h30', '19h15 - 21h00', 'Jeudi', '12h00 - 13h30', '19h15 - 21h00', 'Vendredi', '12h00 - 13h30', '19h15 - 21h00', 'Samedi', '12h00 - 13h30', '19h15 - 21h00\n ', 'Dimanche'];;
1086;Hôtel Restaurant Val De Fier;1376 rte Mandrin;74150;VAL DE FIER;04 50 62 21 75;;;;;;;;['Hôtels ', 'Restaurants '];;;
1087;L'Avalanche;204 rte Linga;74390;CHÂTEL;04 50 81 67 97;;;;;;;;;;;
1088;Le Vieux Pressoir;37 chem Ecoles;74930;PERS JUSSY;04 50 94 18 69;;;;cuisine française;5.0;;;['terrasse', 'parking', 'restaurant repas de groupe'];['Lundi', 'Mardi', '07h30 - 14h30', '17h30 - 22h30', 'Mercredi', '07h30 - 14h30', '17h30 - 22h30', 'Jeudi', '07h30 - 14h30', '17h30 - 22h30', 'Vendredi', '07h30 - 14h30', '17h30 - 22h30', 'Samedi', '07h30 - 14h30', '17h30 - 22h30', 'Dimanche'];;
1089;Le Cocoon;182 rte Edmond De Rothschild;74120;MEGÈVE;04 50 21 09 91;;;;;;;;;;;
1090;Au Bureau;Casino d'Evian qu Baron de Blonay;74500;EVIAN LES BAINS;04 50 26 87 77;www.casino-evian.com;;;Restaurant français;2.0;;;['accueil bébé', 'piscine', 'sauna', 'animaux acceptés', 'hammam', 'spa', 'parking', 'salle de sport', 'jardin', 'jeux pour enfants', 'climatisation', 'restaurant', 'télévision', 'accès pour les personnes à mobilité réduite', 'wi-fi'];;;
1091;Le Mouflon;a l'Arrivée du Telesiege de la R  Pr r Pistes, Rue Principal  Sur les pistes;74260;LES GETS;06 87 24 29 38;facebook.com/Le-Mouflon-208562675897162;;;;;;;['Cuisine française '];;;
1092;Restaurant La Boucherie;210 r Peupliers;74330;EPAGNY METZ TESSY;04 50 24 26 65;http://www.la-boucherie.fr/Restaurant/la-boucherie-annecy-epagny-74;['Bonne affaire : Un plat au choix + Gourmandises du moment + café : ', 'Complète : entrée + Plat + Dessert : ', 'Des Halles : entrée + Plat ou Plat + Dessert : ', 'Le Boucher Junior (- de 12 ans) : '];['10,20 €', '19,80 €', '14,90 €', '7,10 €'];cuisine française;3.0;['Carpaccio de boeuf à basilic', 'Carpaccio de boeuf à Chèvre chaud et lard', 'Café ou Chocolat ou Caramel liégois', 'crème brûlée', 'Entrecète', 'Faux-filet'];['6,30 €', '6,80 €', '6,80 €', '6,10 €', '16,90 €', '16,90 €'];['grill'];['Lundi', '12h00 - 14h30', '19h00 - 22h00', 'Mardi', '12h00 - 14h30', '19h00 - 22h00', 'Mercredi', '12h00 - 14h30', '19h00 - 22h00', 'Jeudi', '12h00 - 14h30', '19h00 - 22h00', 'Vendredi', '12h00 - 14h30', '19h00 - 22h30', 'Samedi', '09h00 - 20h00', 'Dimanche'];;
1093;ROYAL PIZZA;21 r Emma Lanche;74700;SALLANCHES;04 56 37 47 11;;;;;;;;;;;
1094;Refuge Le Chatelet D'Ayères;2241 rte Châtelet;74310;PASSY;04 50 58 85 32;http://lechateletdayeres.pagesperso-orange.fr/topic/index.html;;;;;;;['animaux acceptés', 'terrasse', 'parking', 'facilité bébé', 'Zone fumeur', 'restaurant repas de groupe', 'accès handicapés', 'restaurant bio'];['Lundi', '12h00 - 14h00', '19h00 - 22h00', 'Mardi', '12h00 - 14h00', '19h00 - 22h00', 'Mercredi', '12h00 - 14h00', '19h00 - 22h00', 'Jeudi', '12h00 - 14h00', '19h00 - 22h00\n ', 'Vendredi', '12h00 - 14h00', '19h00 - 22h00', 'Samedi', '12h00 - 14h00', '19h00 - 22h00', 'Dimanche', '12h00 - 14h00', '19h00 - 22h00'];;
1095;Les 3 Chauves;60 rte Rutys;74370;PRINGY;09 72 96 51 72;;;;;;;;;;;
1096;PIZZ MOUNTAIN;26 rte Bellevarde;74120;PRAZ SUR ARLY;04 50 91 99 19;http://www.pizzmountain.fr;;;;;;;['pizzeria', 'animaux acceptés', 'terrasse', 'parking', 'accès handicapés'];['Lundi', '17h00 - 22h00', 'Mardi', '17h00 - 22h00', 'Mercredi', '17h00 - 22h00', 'Jeudi', '17h00 - 22h00', 'Vendredi', '17h00 - 22h00', 'Samedi', '17h00 - 22h00', 'Dimanche', '17h00 - 22h00'];;
1097;Chez Jo'es;1050 lieu-dit Fouly;74500;BERNEX;04 50 72 43 62;;;;;;;;['terrasse', 'parking', 'facilité bébé'];;;
1098;Kamérops;3504 av Mont Blanc;74800;SAINT PIERRE EN FAUCIGNY;06 85 12 22 34;;;;;;;;;;;
1099;Ty Breiz;650 rte N-D de La Gorge;74170;LES CONTAMINES MONTJOIE;04 50 47 18 32;http://www.lescontamines.com/hiver/sejourner/savourer-et-sortir/restaurants/le-ty-breiz-1200413;;;;;;;['animaux acceptés', 'terrasse', 'parking', 'facilité bébé', 'accès handicapés'];['Lundi', '00h00 - 02h00', 'Mardi', '17h00 - 00h00', 'Mercredi', '17h00 - 02h00', 'Jeudi', '17h00 - 02h00', 'Vendredi', '17h00 - 02h00', 'Samedi', '17h00 - 02h00', 'Dimanche', '17h00 - 02h00'];;
1100;Le Pizzaïolo - Marnaz;pl Mairie;74460;MARNAZ;06 76 74 25 88;facebook.com;;;restaurant italien;5.0;;;['parking', 'accès handicapés'];['Lundi', 'Mardi', '18h00 - 21h30', 'Mercredi', '18h00 - 21h30', 'Jeudi', '18h00 - 21h30', 'Vendredi', '18h00 - 21h30', 'Samedi', '18h00 - 21h30', 'Dimanche', '18h00 - 21h30'];;
1101;Le Yéti;rte Cornuts;74260;LES GETS;04 50 75 80 60;www.alpensport-hotel.com;;;;;;;['1 étoile ', '2 étoiles ', '3 étoiles ', '4 étoiles ', '5 étoiles ', 'Aire de jeux ', 'Animaux acceptés ', 'Facilités bébé ', 'Parking ', 'Télévision ', 'Wifi ', 'Accès internet ', 'Camping avec piscine '];['Lundi', '08h00 - 12h00', '14h00 - 20h00', 'Mardi', '08h00 - 12h00', '14h00 - 20h00', 'Mercredi', '08h00 - 12h00', '14h00 - 20h00', 'Jeudi', '08h00 - 12h00', '14h00 - 20h00', 'Vendredi', '08h00 - 12h00', '14h00 - 20h00', 'Samedi', '08h00 - 12h00', '14h00 - 20h00', 'Dimanche', '08h00 - 12h00', '14h00 - 20h00'];;
1102;Le Fer Rouge;les Thoules;74360;LA CHAPELLE D'ABONDANCE;04 50 81 05 47;http://www.leferrouge.fr;;;;;;;['Cafés, bars ', 'Restaurants '];['Lundi', '16h00 - 01h00', 'Mardi', '16h00 - 01h00', 'Mercredi', '16h00 - 01h00', 'Jeudi', '16h00 - 01h00', 'Vendredi', '16h00 - 01h00', 'Samedi', '16h00 - 01h00', 'Dimanche', '16h00 - 01h00'];;
1103;La Coupe;60 rte Udrezants;74110;MORZINE;04 50 79 06 10;www.laurys.com;;;;;;;['Animation ', 'Chambre double ', 'Parking ', 'Séminaire ', 'Vue sur mer ', 'Restauration ', 'Accès internet ', 'Petit déjeuner ', 'Hôtel de charme ', 'Hôtels ', 'Restaurants '];;;
1104;Restaurant du Lac;Quai des Pêcheurs quai Deriveurs;74140;NERNIER;04 50 72 80 52;http://www.restaurantdulac.net;;;;;;;['terrasse', 'facilité bébé'];;;
1105;Churrasq Grils;216 r Bourg;74200;ALLINGES;04 50 81 87 10;;;;;;;;;;;
1106;Le Chalet Venay Sarl;1031 rte Colombière;74450;LE GRAND BORNAND;04 50 27 02 01;http://www.lechaletvenay.com;;;cuisine française;4.0;;;['animaux acceptés', 'terrasse', 'parking', 'facilité bébé', 'restaurant repas de groupe'];;;
1107;Le Dahu;192 rte Téléphérique;74120;MEGÈVE;04 50 58 97 77;http://www.dahumegeve.com;;;;;;;;['Lundi', '12h00 - 15h00', 'Mardi', '12h00 - 15h00', 'Mercredi', '12h00 - 15h00', 'Jeudi', '12h00 - 15h00', 'Vendredi', '12h00 - 15h00', 'Samedi', '12h00 - 15h00', 'Dimanche', '12h00 - 15h00'];;
1108;Restaurant Concept;20 quai Perrière;74000;ANNECY;04 50 66 30 76;;;;cuisine française;2.0;;;['animaux acceptés', 'terrasse', 'facilité bébé', 'restaurant repas de groupe', 'climatisation', 'wifi'];['Lundi', '10h00 - 15h00', '18h00 - 23h00', 'Mardi', '10h00 - 15h00', '18h00 - 23h00', 'Mercredi', 'Jeudi', '10h00 - 15h00', '18h00 - 23h00', 'Vendredi', '10h00 - 15h00', '18h00 - 23h00', 'Samedi', '10h00 - 15h00', '18h00 - 23h00', 'Dimanche', '10h00 - 15h00', '18h00 - 23h00'];;
1109;PIZZA DU FORON PIZZA QONNECTION;22 Grande Rue;74440;TANINGES;06 62 74 59 43;www.facebook.com;;;;;;;['parking', 'wifi'];['Lundi', '18h00 - 22h00', 'Mardi', '18h00 - 22h00', 'Mercredi', 'Jeudi', '18h00 - 22h00', 'Vendredi', '18h00 - 22h00', 'Samedi', '18h00 - 22h00', 'Dimanche', '18h00 - 22h00'];46.108227;6.59104
1110;Maschio;Le Chat Goulu 74 rte Annecy;74540;SAINT FÉLIX;09 66 00 14 83;;;;;;;;['Crêperie', 'Repas de groupes', 'Terrasse'];;;
1111;Comptoir 1994;870 av Glières;74300;CLUSES;04 50 21 26 24;http://legourmetdasie.alwaysdata.net;;;cuisine du monde;1.0;;;"['plat à emporter', ""repas d'affaire"", 'restaurant repas de groupe']";['Lundi', 'Mardi', '12h00 - 14h30', '19h00 - 22h30', 'Mercredi', '12h00 - 14h30', '19h00 - 22h30', 'Jeudi', '12h00 - 14h30', '19h00 - 22h30', 'Vendredi', '12h00 - 14h30', '19h00 - 22h30', 'Samedi', '12h00 - 14h00', '19h00 - 22h00', 'Dimanche', '12h00 - 14h30', '19h00 - 22h30'];;
1112;Four Seasons Hôtel Megève;373 chem Follières;74120;MEGÈVE;04 50 21 12 11;http://www.fourseasons.com/fr/megeve;;;;;;;['cheminée', 'hôtel avec piscine', 'conciergerie', 'salle de sport', 'hôtel spa', 'club enfant', 'service en chambre', 'restaurant', 'Hôtels ', 'Restaurants '];;;
1113;Aris;1608 rte Nationale;74120;MEGÈVE;09 63 22 57 59;http://rakuichi.eu;;;;;;;['Asiatique ', 'Japonaise ', '16-20 euros ', 'Restauration rapide '];;;
1114;La Pente a Jules;rte Flaine, La Poya;74300;MAGLAND;04 50 90 87 42;www.lapenteajules.com;;;Cuisine du Monde;4.0;;;['restaurant végétarien', 'terrasse', 'parking', 'wifi'];['Lundi', '09h00 - 18h30', 'Mardi', '09h00 - 18h30', 'Mercredi', '09h00 - 18h30', 'Jeudi', '09h00 - 18h30', 'Vendredi', '09h00 - 18h30', 'Samedi', '09h00 - 18h30', 'Dimanche', '09h00 - 18h30'];;
1115;Le Palais de Jade;4 r Mail;74160;SAINT JULIEN EN GENEVOIS;04 50 49 18 33;;;;restaurant chinois;4.0;;;['terrasse', 'parking', 'facilité bébé', 'Zone fumeur', 'restaurant repas de groupe', 'accès handicapés', 'climatisation'];['Lundi', '19h00 - 22h00', 'Mardi', '12h00 - 14h00', '19h00 - 22h00', 'Mercredi', 'Jeudi', '12h00 - 14h00', '19h00 - 22h00', 'Vendredi', '12h00 - 14h00', '19h00 - 22h00', 'Samedi', '12h00 - 14h00', '19h00 - 22h00', 'Dimanche', '12h00 - 14h00', '19h00 - 22h00'];;
1116;Valle Pizza Frédéric;199 r Verdi;74160;COLLONGES SOUS SALÈVE;04 50 94 18 89;www.vallepizza.com;;;pizzeria;5.0;;;['pizzeria', 'cheminée', 'plat à emporter', 'accès handicapés'];['Lundi', 'Mardi', '11h30 - 12h45', '17h45 - 22h00', 'Mercredi', ' 11h30 - 12h45', '17h45 - 22h00', 'Jeudi', '11h30 - 12h45', '17h45 - 22h00', 'Vendredi', '11h30 - 12h45', '17h45 - 22h00', 'Samedi', '11h30 - 12h45', '17h45 - 22h00', 'Dimanche', '11h30 - 12h45', '17h45 - 22h00'];;
1117;La Ferme Des Alpes;300 av Bonnatrait;74140;SCIEZ;04 50 72 35 06;http://www.fermedesalpes.com;;;;;;;['Traiteurs ', 'Restaurants '];['Lundi', '12h00 - 14h00', '19h00 - 22h00', 'Mardi', '12h00 - 14h00', '19h00 - 22h00', 'Mercredi', ' 12h00 - 14h00', '19h00 - 22h00', 'Jeudi', '12h00 - 14h00', '19h00 - 22h00', 'Vendredi', '12h00 - 14h00', '19h00 - 22h00', 'Samedi', '12h00 - 14h00', '19h00 - 22h00', 'Dimanche', '12h00 - 14h00', '19h00 - 22h00'];;
1118;Auberge D Alex;Place de L'Eglise ALEX;74290;ALEX;04 50 44 08 47;http://alex-village.com;;;;;"[""Cassolette d'asperges aux morilles"", 'Salade antipasti', ""Côte d'agneau"", 'Risotto de st Jacques', 'Coulant au chocolat', 'Créme brulée']";['10.5\xa0 €', '8.5\xa0 €', '20\xa0 €', '22\xa0 €', '8\xa0 €', '6.5\xa0 €'];['16-20 euros '];;;
1119;Bulut Sylvie;25 av Giffre;74100;ANNEMASSE;09 50 34 33 73;;;;;;;;;;;
1120;Au Cabestan (SARL);27 quai Paul Léger;74500;EVIAN LES BAINS;04 50 70 72 44;;;;;;;;['animaux acceptés', 'terrasse', 'parking', 'facilité bébé', 'restaurant repas de groupe', 'accès handicapés'];;;
1121;L'Epicurien;rte Chez Grillet;74650;CHAVANOD;04 50 69 23 40;http://aubergelepicurien.com;;;cuisine française;5.0;;;['Cuisine française '];;;
1122;Café Saint Antoine;14 pl Notre Dame;74000;ANNECY;04 50 45 07 57;http://www.cafe-saint-antoine.com;;;restaurant lyonnais;5.0;"[""Gratin de ravioles aux pousses d'épinard"", 'Tarte fine de poireaux et filets de cailles jus aux myrtilles', ""Burger au saumon avec frites et salade verte Pain noir au sésame, escalope de saumon, pousses d'épinards, tomate, pomme Anna, crème tartare"", 'Entrecôte de boeuf Simmental 250gr, avec frites et salade verte, sauce béarnaise, poivre ou reblochon', 'Faisselle (150g) servi avec un coulis de fruits rouges', 'Fondant au chocolat,coeur à la crème de marron et crème anglaise']";['11.5\xa0 €', '11.9\xa0 €', '18.5\xa0 €', '20.9\xa0 €', '6\xa0 €', '7.5\xa0 €'];['animaux acceptés', 'terrasse', 'facilité bébé', 'Zone fumeur', 'restaurant repas de groupe', 'accès handicapés'];['Lundi', '09h00 - 00h00', 'Mardi', '09h00 - 00h00', 'Mercredi', '09h00 - 00h00', 'Jeudi', '09h00 - 00h00', 'Vendredi', '09h00 - 00h00', 'Samedi', '09h00 - 00h00', 'Dimanche'];;
1123;Restaurant Thali;Le Saint Laurent 40 r Tournelles;74100;ANNEMASSE;04 50 84 93 71;www.facebook.com;;;restaurant indien;4.0;;;['Indienne '];['Lundi', '12h00 - 14h30', '18h00 - 22h30', 'Mardi', '12h00 - 14h30', '18h00 - 22h30', 'Mercredi', '12h00 - 14h30', '18h00 - 22h30', 'Jeudi', '12h00 - 14h30', '18h00 - 22h30', 'Vendredi', '12h00 - 14h30', '18h00 - 22h30\n ', 'Samedi', '12h00 - 14h30', '18h00 - 22h30', 'Dimanche', '12h00 - 14h30', '18h00 - 22h30'];;
1124;Restaurant Les Rhodos;Vge Aux Chévres 4851 rte Lindarets;74110;MONTRIOND;04 50 74 07 86;http://www.restaurant-les-rhodos-74.fr;;;cuisine française;4.0;;;['animaux acceptés', 'terrasse', 'parking', 'facilité bébé', 'restaurant repas de groupe', 'accès handicapés'];['Lundi', '09h00 - 17h00', 'Mardi', '09h00 - 17h00', 'Mercredi', '09h00 - 17h00', 'Jeudi', '09h00 - 17h00', 'Vendredi', '09h00 - 17h00', 'Samedi', '09h00 - 17h00', 'Dimanche', '09h00 - 17h00'];;
1125;Chez Jeannot;57 rte Fruitière;74650;CHAVANOD;04 50 69 17 59;http://chezjeannotcorbas.com;;;cuisine française;5.0;;;"['terrasse', 'ferme-auberge', 'parking', ""repas d'affaire"", 'facilité bébé', 'restaurant repas de groupe', 'accès handicapés']";['Lundi', '12h00 - 13h30', 'Mardi', '12h00 - 13h30', 'Mercredi', '12h00 - 13h30', 'Jeudi', '12h00 - 13h30', 'Vendredi', '12h00 - 13h30', 'Samedi', 'Dimanche'];;
1126;La Ferme Les Montagnards;74 chem Poses;74920;COMBLOUX;06 21 02 18 99;http://www.bienvenue-a-la-ferme.com/rhone-alpes/haute-savoie/combloux/ferme/ferme-les-montagnards/436704;;;;;;;['Primeurs ', 'Restaurants '];['Lundi', '08h30 - 12h00', '14h45 - 18h45', 'Mardi', '08h30 - 12h00', '14h45 - 18h45', 'Mercredi', '14h30 - 18h45', 'Jeudi', '08h30 - 12h00\n ', '14h45 - 18h45', 'Vendredi', '08h30 - 12h00', '14h45 - 18h45', 'Samedi', '08h30 - 12h00', '14h45 - 18h45', 'Dimanche'];;
1127;Le Bosphore;32 r Granges;74200;THONON LES BAINS;04 50 26 17 99;www.facebook.com;;;restaurant oriental;5.0;;;['animaux acceptés', 'terrasse', 'facilité bébé', 'restaurant repas de groupe', 'accès handicapés'];;;
1128;Les Ecuries Du Pré Carré;10 r Vaugelas;74000;ANNECY;04 50 45 59 14;http://www.restaurant-les-ecuries.com;;;cuisine française;5.0;['Salade de patate douce et butturnut roti au miel et au thym', 'Saumon fumé par nos soins crème ciboulette et ses toast', 'Demi magret de canard sauce chèvre miel avec haricovert au lard.', 'Nouilles sautées au gambas façon thail', 'Charlotte chocolat noisette', 'La Tarte du jour'];['10\xa0 €', '11\xa0 €', '19\xa0 €', '20\xa0 €', '9\xa0 €', '7\xa0 €'];['animaux acceptés', 'terrasse', 'parking', 'restaurant repas de groupe'];['Lundi', '12h00 - 14h00', '18h00 - 22h30', 'Mardi', '12h00 - 14h00', '18h00 - 22h30', 'Mercredi', '12h00 - 14h00', '18h00 - 22h30', 'Jeudi', '12h00 - 14h00', '18h00 - 22h30', 'Vendredi', '12h00 - 14h00', '18h00 - 23h00', 'Samedi', '12h00 - 14h00', '18h00 - 23h00', 'Dimanche'];;
1129;Hôtel Restaurant Le Taconet;Le Pontet;74440;TANINGES;04 50 34 22 01;http://www.hotel-letaconet74.com;;;;;;;['télévision', 'animaux acceptés', 'facilités bébé', 'parking', 'wifi', 'restaurant', 'Hôtels ', 'Restaurants '];['Lundi', '08h00 - 23h00', 'Mardi', '08h00 - 23h00', 'Mercredi', '08h00 - 23h00', 'Jeudi', '08h00 - 23h00', 'Vendredi', '08h00 - 23h00', 'Samedi', '08h00 - 23h00', 'Dimanche', '08h00 - 23h00'];;
1130;Bchef Annemasse;8 all Simone Signoret;74100;ANNEMASSE;04 50 75 64 15;http://www.franchise.bchef.fr;;;;;;;['bagel', 'Restauration rapide ', 'Restaurants '];[];;
1131;Restaurant l'Alpage;plaine Dranse;74390;CHÂTEL;04 50 81 31 50;;;;;;;;;;;
1132;Au Braconnier;84 rte Chavannes;74130;BRIZON;04 50 91 60 59;;;;;;;;;;;
1133;Valle Pizza Frédéric;199 r Verdi;74160;COLLONGES SOUS SALÈVE;04 50 94 18 89;www.vallepizza.com;;;pizzeria;5.0;;;['pizzeria', 'cheminée', 'plat à emporter', 'accès handicapés'];['Lundi', 'Mardi', '11h30 - 12h45', '17h45 - 22h00', 'Mercredi', '11h30 - 12h45', '17h45 - 22h00', 'Jeudi', '11h30 - 12h45', '17h45 - 22h00', 'Vendredi', '11h30 - 12h45', '17h45 - 22h00', 'Samedi', '11h30 - 12h45', '17h45 - 22h00', 'Dimanche', '11h30 - 12h45', '17h45 - 22h00'];;
1134;Hôtel Castellan;Ascenseur Hotel 324 rte Bechigne;74390;CHÂTEL;04 50 17 22 10;http://www.lecastellan.com;;;;;;;['bar', 'demi-pension', 'télévision', 'pension complète', 'animaux acceptés', 'facilités bébé', 'parking', 'chambre communicante', 'séminaire', 'wifi', 'accès handicapé', 'restaurant', 'Hôtels ', 'Restaurants '];;;
1135;L Alambic;19 r Pont Neuf;74150;RUMILLY;04 50 77 98 57;www.facebook.com;;;;;;;"['organisation de réception', 'terrasse', 'parking', ""repas d'affaire"", 'facilité bébé', 'restaurant repas de groupe', 'dîner spectacle', 'restaurant bio', 'wifi']";['Lundi', '06h30 - 00h00', 'Mardi', '06h30 - 01h00', 'Mercredi', '06h30 - 01h00', 'Jeudi', '06h30 - 01h00', 'Vendredi', '06h30 - 01h00', 'Samedi', '06h30 - 01h00', 'Dimanche', '00h00 - 01h00'];;
1136;L'auberge De Villaz;353 av Bonatray;74370;VILLAZ;04 50 51 81 29;;;;;;;;['animaux acceptés', 'terrasse', 'parking', 'restaurant repas de groupe', 'Restaurants ', 'Cafés, bars '];['Lundi', '12h00 - 14h00', 'Mardi', '12h00 - 14h00', 'Mercredi', '12h00 - 14h00', 'Jeudi', '12h00 - 14h00', 'Vendredi', '12h00 - 14h00', 'Samedi', '12h00 - 14h00', 'Dimanche'];;
1137;Eau Petit Paradis;Les Voix chem Sables;74140;EXCENEVEX;04 50 70 64 42;;;;;;;;"['Restauration ', 'Hôtels ', ""Chambres d'hôtes "", 'Restaurants ']";;;
1138;Chez Roger;r Bourg;74110;MORZINE;06 86 16 54 30;www.facebook.com;;;;;;;;['Lundi', '16h00 - 00h00', 'Mardi', 'Mercredi', 'Jeudi', 'Vendredi', 'Samedi', 'Dimanche'];46.179314;6.706422
1139;L'Olivier;5 r Michaud;74200;THONON LES BAINS;04 50 26 33 13;http://restaurantlolivier-thonon.fr;;;;;;;['Méditerranéenne ', 'Cuisine française '];['Lundi', '12h00 - 14h00', '19h00 - 21h15', 'Mardi', '12h00 - 14h00', '19h00 - 21h15', 'Mercredi', '12h00 - 14h00', 'Jeudi', '12h00 - 14h00', '19h00 - 21h15', 'Vendredi', '12h00 - 14h00', '19h00 - 21h15', 'Samedi', '19h00 - 21h15', 'Dimanche', '12h00 - 14h00', '19h00 - 21h15'];;
1140;Au Bonheur De L'Asie;av Pré Robert Sud;74200;ANTHY SUR LÉMAN;04 50 73 35 95;;;;Cuisine du Monde;5.0;;;['Animaux acceptés', 'Climatisation', 'Plats à emporter', 'Wifi', 'Facilités bébés', 'Repas de groupes', 'Accès pour les personnes à mobilité réduite', 'Terrasse'];['Lundi', 'Mardi', '12h00 - 14h00', '19h00 - 22h00', 'Mercredi', '12h00 - 14h00', '19h00 - 22h00', 'Jeudi', '12h00 - 14h00', '19h00 - 22h00', 'Vendredi', '12h00 - 14h00', '19h00 - 22h00', 'Samedi', '12h00 - 14h00', '19h00 - 22h00', 'Dimanche', '12h00 - 14h00', '19h00 - 22h00'];;
1141;Hôtel Les Cornettes;Départementale 22 Chef Lieu;74360;LA CHAPELLE D'ABONDANCE;04 50 73 51 23;http://www.lescornettes.com;;;;;;;['Hammam ', 'Sauna ', 'Infrastructures de sports et loisirs ', 'Hôtels ', 'Restaurants '];['Lundi', '12h00 - 13h30', '19h00 - 21h30', 'Mardi', '12h00 - 13h30', '19h00 - 21h30', 'Mercredi', '12h00 - 13h30', '19h00 - 21h30', 'Jeudi', '12h00 - 13h30', '19h00 - 21h30', 'Vendredi', '12h00 - 13h30', '19h00 - 21h30', 'Samedi', '12h00 - 13h30', '19h00 - 21h30', 'Dimanche', '12h00 - 13h30', '19h00 - 21h30\n '];;
1142;Restaurant La Scierie;chem Croix;74220;LA CLUSAZ;04 50 63 34 68;http://www.la-scierie.com;;;cuisine française;4.0;;;['organisation de réception', 'plat à emporter', 'terrasse', 'livraison à domicile', 'parking', 'restaurant repas de groupe', 'restaurant bio'];['Lundi', ' 12h00 - 01h00', 'Mardi', '00h00 - 01h00', 'Mercredi', 'Jeudi', '12h00 - 00h00', 'Vendredi', '12h00 - 01h00', 'Samedi', '12h00 - 01h00', 'Dimanche', '12h00 - 01h00'];;
1143;Le Majestic;1 av Petit Port;74000;ANNECY;04 50 01 34 76;;;;;;;;['parking'];['Lundi', '07h00 - 01h00', 'Mardi', '07h00 - 01h00', 'Mercredi', '07h00 - 01h00', 'Jeudi', '07h00 - 01h00', 'Vendredi', '07h00 - 01h00', 'Samedi', '07h30 - 01h00', 'Dimanche', '07h30 - 01h00'];;
1144;Restaurant la clé des Annes PERRILLAT COLLOMB SYLVIE;4597 rte Col des Annes;74450;LE GRAND BORNAND;04 50 27 01 20;;;;;;;;['animaux acceptés', 'terrasse', 'parking', 'facilité bébé', 'restaurant repas de groupe', 'brasserie'];['Lundi', '12h00 - 14h00', '19h00 - 21h00', 'Mardi', '12h00 - 14h00', '19h00 - 21h00', 'Mercredi', '12h00 - 14h00', '19h00 - 21h00', 'Jeudi', '12h00 - 14h00', '19h00 - 21h00', 'Vendredi', '12h00 - 14h00', '19h00 - 21h00', 'Samedi', '12h00 - 14h00', '19h00 - 21h00', 'Dimanche', '12h00 - 14h00', '19h00 - 21h00'];;
1145;Saïgon Délices;60 rte Thonon;74800;AMANCY;04 50 03 71 72;http://www.saigondelices.com;['MIDI SEMAINE : ', 'MIDI SAMEDI : ', 'SOIR SEMAINE : '];['13,90 €', '16,90 €', '19,90 €'];restaurant asiatique;5.0;;;"['plat à emporter', 'parking', ""repas d'affaire"", 'facilité bébé', 'restaurant repas de groupe', 'accès handicapés']";['Lundi', '12h00 - 14h00', '19h00 - 22h00', 'Mardi', 'Mercredi', '12h00 - 14h00', '19h00 - 22h00', 'Jeudi', '12h00 - 14h00', '19h00 - 22h00', 'Vendredi', '12h00 - 14h00', '19h00 - 22h30', 'Samedi', '12h00 - 14h00', '19h00 - 22h30', 'Dimanche', '12h00 - 14h00', '19h00 - 22h00'];;
1146;Atmosphere Italienne;126 r Carnot, Faverges;74210;FAVERGES SEYTHENEX;04 56 34 71 13;www.facebook.com;;;;;;;['Pizzerias ', 'Restaurants '];['Lundi', 'Mardi', '11h00 - 14h00', '18h00 - 21h30', 'Mercredi', '11h00 - 14h00', '18h00 - 21h30', 'Jeudi', 'Vendredi', '11h00 - 14h00', '18h00 - 21h30', 'Samedi', '11h00 - 14h00', '18h00 - 21h30', 'Dimanche'];;
1147;Noly'S Café;26 r Soeurs Blanches;74000;ANNECY;04 50 27 46 67;;;;Cuisine française;4.0;;;['terrasse', 'restaurant repas de groupe'];;;
1148;Au Fil Des Jours;Park Nord, Metz Tessy;74370;EPAGNY METZ TESSY;04 50 45 62 47;www.au-fil-des-jours.com;;;;;;;"['Accueil de groupes (à partir de 20 personnes)', 'Privatisation des lieux (les soirs et les weekends)', ""organisation d'événement"", 'traiteur pour mariage', ""repas d'anniversaire"", 'location de salle', 'Accès aux personnes à mobilité réduite', 'Soirée clé en main', 'organisation de séminaire', ""Repas d'anniversaire, de mariage"", 'repas de mariage', 'Animation DJ, groupe live', 'Traiteurs ', 'Restaurants ', 'Restaurants pour réceptions, pour séminaires ']";['Lundi', '12h00 - 14h00', 'Mardi', '12h00 - 14h00', 'Mercredi', '12h00 - 14h00', 'Jeudi', '12h00 - 14h00', 'Vendredi', '12h00 - 14h00', '19h00 - 21h30', 'Samedi', 'Dimanche'];;
1149;La Mangeoire;18 rte Pleins Champs Vieugy;74600;SEYNOD;04 50 46 62 94;;;;Cuisine française;5.0;;;['animaux acceptés', 'terrasse', 'parking', 'facilité bébé', 'Zone fumeur', 'restaurant repas de groupe', 'accès handicapés', 'climatisation', 'wifi'];['Lundi', '12h00 - 14h00', '19h00 - 22h00', 'Mardi', '12h00 - 14h00', '19h00 - 22h00', 'Mercredi', '12h00 - 14h00', '19h00 - 22h00', 'Jeudi', '12h00 - 14h00', '19h00 - 22h00', 'Vendredi', '12h00 - 14h00', '19h00 - 22h00', 'Samedi', '12h00 - 14h00', '19h00 - 22h00', 'Dimanche'];;
1150;Del Monte Bianco;3 r Négociants;74100;AMBILLY;04 50 38 06 49;http://ilmontebianco.fr/;;;;;;;;;;
1151;Chalet Le Forestier;Rochebrune;74120;MEGÈVE;04 50 96 13 94;http://www.floconsdesel.com/fr/deguster/restaurant-daltitude-chalet-le-forestier.html;;;;;;;['Panoramique ', 'Montagne '];;;
1152;Le Gouthé SARL Pâtisserie des Moulins;95 r Moulins;74400;CHAMONIX MONT BLANC;04 50 78 36 20;http://legouthe.weebly.com;;;;;;;['Salons de thé ', 'Pâtisseries ', 'Restaurants '];;;
1153;Café Des Touristes;rte Solaison;74130;BRIZON;04 50 96 91 69;;;;cuisine française;5.0;;;"['organisation de réception', 'animaux acceptés', 'terrasse', ""repas d'affaire"", 'facilité bébé', 'restaurant repas de groupe', 'accès handicapés']";['Lundi', 'Mardi', '12h30 - 14h00', '19h30 - 21h00', 'Mercredi', '12h30 - 14h00', '19h30 - 21h00', 'Jeudi', '12h30 - 14h00', '19h30 - 21h00', 'Vendredi', '12h30 - 14h00', '19h30 - 21h00', 'Samedi', '12h30 - 14h00', '19h30 - 21h00', 'Dimanche', ' 12h30 - 14h00', '19h30 - 21h00'];;
1154;O GOUT DU JOUR;14 Bis r Commerce;74100;ANNEMASSE;04 50 06 74 22;;;;;;;;;;;
1155;Dutil ogue;5 r Alfred Bastin;74100;ANNEMASSE;06 87 48 95 00;;;;;;;;;;;
1156;Jessipaul;89 rte Presilly;74160;FEIGÈRES;04 50 94 38 80;http://www.auberge-archamps.fr;;;;;;;['terrasse', 'Restaurants ', 'Cafés, bars '];['Lundi', 'Mardi', '08h30 - 15h30', '18h00 - 21h30', 'Mercredi', '08h30 - 15h30', '18h00 - 21h30', 'Jeudi', '08h30 - 15h30', '18h00 - 21h30\n ', 'Vendredi', '08h30 - 15h30', '18h00 - 21h30', 'Samedi', '08h30 - 21h30', 'Dimanche'];;
1157;Hermand;Verniaz;74200;MARGENCEL;04 50 26 63 58;;;;;;;;;;;
1158;LE KIOSQUE A PIZZA KAP LOZANO;av Roosevelt;74150;RUMILLY;04 50 66 13 42;http://www.le-kiosque-a-pizzas.com;;;;;;;['pizzeria', 'parking'];[];;
1159;REPAIRE DE L AIGLE;Montgne de Memise;74500;THOLLON LES MÉMISES;04 50 70 97 88;;;;;;;;['terrasse', 'facilité bébé', 'restaurant repas de groupe'];;;
1160;PIZZ ART MONALISA;161 av Gare;74890;BONS EN CHABLAIS;04 50 39 24 63;http://pizzeria-pizzart-monalisa.fr;;;;;;;['pizzeria', 'parking'];;;
1161;Mistral Gourmand;rte Tertenoz;74210;FAVERGES SEYTHENEX;04 50 44 52 52;http://www.hotel-gay-sejour.com;;;;;;;"['jardin', 'terrasse', 'parking', ""repas d'affaire"", 'gastronomique', 'facilité bébé', 'service continu', 'restaurant repas de groupe', 'accès handicapés', 'wifi']";['Lundi', 'Mardi', '12h00 - 14h00', '20h00 - 22h00', 'Mercredi', '12h00 - 14h00', '20h00 - 22h00', 'Jeudi', '12h00 - 14h00', '20h00 - 22h00', 'Vendredi', '12h00 - 14h00', '20h00 - 22h00', 'Samedi', '12h00 - 14h00', '20h00 - 22h00', 'Dimanche', '12h00 - 14h00', '20h00 - 22h00'];;
1162;Restaurant Du Port (Sarl);Chef Lieu quai Eugène Vesin;74500;MEILLERIE;04 50 76 14 30;www.restaurantduport.fr;;;;;;;['base nautique', 'Infrastructures de sports et loisirs ', 'Restaurants '];;;
1163;Café des Boules Marisam;8 pl Allobroges;74300;CLUSES;04 50 98 64 51;;;;cuisine française;5.0;;;"['organisation de réception', 'animaux acceptés', 'terrasse', ""repas d'affaire"", 'restaurant repas de groupe', 'accès handicapés', 'brasserie']";['Lundi', '12h00 - 15h00', 'Mardi', '12h00 - 15h00', 'Mercredi', '12h00 - 15h00', 'Jeudi', '12h00 - 15h00', 'Vendredi', '12h00 - 15h00', 'Samedi', '12h00 - 15h00', 'Dimanche', '12h00 - 15h00'];46.05767;6.580504
1164;Raphael Vionnet;43 av Gén Leclerc;74200;THONON LES BAINS;04 50 72 24 61;http://www.raphaelvionnet.fr;;;;;;;['terrasse', 'gastronomique', 'accès handicapés'];;;
1165;La Ferme De Thones;56 av Annecy;74230;THÔNES;04 50 44 08 37;http://www.lafermedelorette.fr;;;;;;;['Alimentation, supérettes ', 'Agriculture (approvisionnement, collecte) ', 'Restaurants '];['Lundi', '08h30 - 12h00', '14h30 - 19h00', 'Mardi', '08h30 - 12h00\n ', '14h30 - 19h00', 'Mercredi', '08h30 - 12h00', '14h30 - 19h00', 'Jeudi', '08h30 - 12h00', '14h30 - 19h00', 'Vendredi', '08h30 - 12h00', '14h30 - 19h00', 'Samedi', '08h30 - 12h00', '14h30 - 19h00', 'Dimanche', '08h30 - 12h00', '14h30 - 19h00'];;
1166;Le Floryvia;1429 av Stade;74460;MARNAZ;04 50 47 24 04;;;;;;;;;['Lundi', '06h30 - 21h30', 'Mardi', '06h30 - 21h30', 'Mercredi', '06h30 - 21h30', 'Jeudi', '06h30 - 21h30', 'Vendredi', '06h30 - 21h30', 'Samedi', '10h00 - 14h00', 'Dimanche', '10h00 - 14h00'];;
1167;La Cantine;45 r St François de Sales;74120;MEGÈVE;04 50 34 90 53;www.facebook.com;;;;;;;;;;
1168;Auberge Du Christomet;4775 rte Jaillet;74120;MEGÈVE;04 50 21 11 34;http://www.fingersrestaurants.com;;;cuisine française;5.0;;;['animaux acceptés', 'terrasse', 'parking', 'facilité bébé', 'restaurant repas de groupe', 'wifi', 'climatisation'];;;
1169;La Taverne De Chinaillon;rte Chinaillon;74450;LE GRAND BORNAND;04 50 27 08 85;;;;;;;;;['Lundi', '10h00 - 17h00', 'Mardi', '10h00 - 17h00', 'Mercredi', '10h00 - 17h00', 'Jeudi', '10h00 - 17h00', 'Vendredi', '10h00 - 17h00', 'Samedi', '10h00 - 17h00', 'Dimanche', '10h00 - 17h00'];;
1170;G.J Pizza;9 rte Vignes;74160;SAINT JULIEN EN GENEVOIS;04 50 92 33 89;www.facebook.com;;;;;;;['Sièges sociaux ', 'Restaurants '];;;
1171;O Petit Liban;8 av Jules Ferry;74200;THONON LES BAINS;06 59 67 32 98;;;;;;;;;;;
1172;La Suite;av Mateirons;74500;NEUVECELLE;04 50 26 85 00;http://evianresort.com;;;;;;;['Cuisine française '];;;
1173;24 du Faubourg;2 r Gare;74000;ANNECY;04 50 02 28 93;;;;;;;;;['Lundi', '19h00 - 02h00', 'Mardi', '19h00 - 02h00', 'Mercredi', '19h00 - 02h00', 'Jeudi', '19h00 - 02h00', 'Vendredi', '19h00 - 02h00', 'Samedi', '19h00 - 02h00', 'Dimanche', '19h00 - 02h00'];;
1174;Bar Le Fantastique;169 prom Festival;74110;MORZINE;04 50 74 09 15;http://www.cafelefantastic.com;;;;;;;['Bars à thèmes ', 'Restaurants '];['Lundi', '08h00 - 02h00', 'Mardi', '08h00 - 02h00', 'Mercredi', '08h00 - 02h00', 'Jeudi', '08h00 - 02h00', 'Vendredi', '08h00 - 02h00', 'Samedi', '08h00 - 02h00\n ', 'Dimanche', '08h00 - 02h00'];;
1175;Les Marmottes;5183 les Lindarets;74110;MONTRIOND;04 50 74 09 86;;;;cuisine française;5.0;;;['terrasse', 'facilité bébé'];['Lundi', '09h00 - 17h30', 'Mardi', '09h00 - 17h30', 'Mercredi', '09h00 - 17h30', 'Jeudi', '09h00 - 17h30', 'Vendredi', '09h00 - 17h30', 'Samedi', '09h00 - 17h30', 'Dimanche', '09h00 - 17h30'];;
1176;Hôtel Restaurant Bon Séjour SARL;le Nouy;74500;THOLLON LES MÉMISES;04 50 70 92 65;http://www.bon-sejour.com;;;;;;;['jardin', 'télévision', 'animaux acceptés', 'facilités bébé', 'parking', 'wifi', 'restaurant', 'Hôtels ', 'Restaurants '];;;
1177;Pizza Pizza;11 av Thony;74500;EVIAN LES BAINS;04 50 84 40 91;www.facebook.com;;;;;;;['pizzeria'];;;
1178;Urban Food;17 r Royale;74000;ANNECY;04 50 01 05 00;http://www.urbanfood.fr;;;;;;;['Restauration rapide '];;;
1179;Restaurant La Roselette;sent Montagne;74170;LES CONTAMINES MONTJOIE;04 50 47 89 97;laroselette.free.fr;;;;;;;['Refuges de montagne ', 'Restaurants '];;;
1180;Anthoine Théo;149 r Jules Ferry;74700;SALLANCHES;04 50 58 12 75;;;;;;;;;;;
1181;Hôtel Villa Cécile;156 rte Messery;74140;YVOIRE;04 50 72 27 40;www.villacecile.com;;;;;;;['1 étoile ', 'Bord de lac ', 'Chambre communicante ', 'Chambre double ', 'Chambre single ', 'Cheminée ', 'Climatisation ', 'Coffre-fort ', 'Espace bien être ', 'Hammam ', 'Jardin ', 'Montagne ', 'Parking ', 'Piscine ', 'Pressing ', 'Salle de réunion ', 'Sauna ', 'Spa ', 'Séminaire ', 'Téléphone ', 'Coin salon ', 'Jacuzzi ', 'Restauration ', 'Service en chambre ', 'Accès internet ', 'Auberge ', 'Bagagerie ', 'Déjeuner ', 'Dîner ', 'Petit déjeuner ', 'Hôtel de charme ', 'Hôtels ', 'Restaurants ', 'Coiffeurs ', 'Instituts de beauté '];;;
1182;Les Cabrettes;Lieu-dit Bise VACHERESSE;74360;VACHERESSE;09 88 18 47 77;http://www.vacheresse.fr;;;cuisine française;5.0;;;['jardin', 'terrasse'];['Lundi', '08h30 - 12h00', 'Mardi', ' 08h30 - 12h00', 'Mercredi', '08h30 - 12h00', 'Jeudi', '08h30 - 12h00', '14h00 - 19h00', 'Vendredi', '08h30 - 12h00', '14h00 - 18h00', 'Samedi', '08h30 - 12h00', 'Dimanche'];;
1183;Bellevue;90 av Genève;74000;ANNECY;04 50 57 14 37;http://www.hotel-bellevue-annecy.com;;;;;;;['animaux acceptés', 'Hôtels ', 'Restaurants ', 'Organisation de séminaires, de congrès '];['Lundi', '06h30 - 22h00', 'Mardi', '06h30 - 22h00', 'Mercredi', '06h30 - 22h00', 'Jeudi', '06h30 - 22h00', 'Vendredi', '06h30 - 22h00', 'Samedi', '06h30 - 22h00', 'Dimanche', '06h30 - 12h30', '17h00 - 21h00'];;
1184;PIZZA PANAMA 3;32 r Faucigny;74100;ANNEMASSE;04 56 30 03 82;;;;;;;;;;;
1185;L'Instant Présent;2984 rte Bellegarde;74330;SILLINGY;04 50 01 70 98;http://instantpresent.rest;;;;;;;;['Lundi', '11h30 - 14h00', 'Mardi', '11h30 - 14h00', '19h30 - 22h00', 'Mercredi', '11h30 - 14h00', 'Jeudi', '11h30 - 14h00', 'Vendredi', '11h30 - 14h00', '19h30 - 22h30', 'Samedi', '11h30 - 14h00', '19h30 - 22h30', 'Dimanche'];;
1186;L'Auberge De Lucinges;67 pl Eglise;74380;LUCINGES;04 50 43 36 20;http://www.aubergedelucinges.fr;['Menu midi : entrée, plat, fromages et dessert : ', 'Samedi midi : Menu thematique au gré de la saison (entrée, plat, fromages et dessert) : ', 'Soir : Menu dégustation (2 entrées, plat et dessert) : '];['14 €', '27 €', '49 €'];cuisine française;5.0;"['Mousse au chocolat Toblerone', 'Palettes gourmandes pour becs à sucre', 'Carpaccio de noix de St Jacques et rillettes aux deux saumons', ""Risotto de primeurs à l'ail d 'ours de nos prés"", 'Dos de cabillaud à la tapenade de chorizo', 'Magret de canard laqué au vinaigre de framboise et royale de foie gras']";['7 €', '7 €', '14 €', '7 €', '16 €', '18 €'];['facilité bébé'];['Lundi', 'Mardi', '12h00 - 13h15', '19h30 - 20h30', 'Mercredi', '12h00 - 13h15', '19h30 - 20h30', 'Jeudi', '12h00 - 13h15', '19h30 - 20h30', 'Vendredi', '12h00 - 13h15', '19h30 - 20h30', 'Samedi', '12h00 - 13h15', '19h30 - 20h30', 'Dimanche'];;
1187;Hôtel Le Foron;50 imp Etang;74800;LA ROCHE SUR FORON;04 50 25 82 76;http://www.hotel-le-foron.com;;;;;;;['télévision', 'animaux acceptés', 'hôtel avec piscine', 'facilités bébé', 'parking', 'climatisation', 'wifi', 'accès handicapé', 'Hôtels ', 'Restaurants ', 'Organisation de séminaires, de congrès '];['Lundi', '07h00 - 22h00', 'Mardi', '07h00 - 22h00', 'Mercredi', '07h00 - 22h00', 'Jeudi', '07h00 - 22h00', 'Vendredi', '07h00 - 22h00', 'Samedi', '07h00 - 22h00', 'Dimanche', '07h00 - 14h00'];;
1188;Restaurant La Petite Cour;1126 ancienne route Combloux;74700;SALLANCHES;04 50 58 52 17;www.empreinte2saveurs.fr;;;Cuisine française;3.0;;;"['organisation de réception', 'jardin', 'plat à emporter', 'animaux acceptés', 'terrasse', 'parking', 'livraison à domicile', ""repas d'affaire"", 'facilité bébé', 'restaurant repas de groupe', 'accès handicapés', 'wifi']";['Lundi', '09h00 - 18h00', 'Mardi', '09h00 - 18h00', 'Mercredi', ' 09h00 - 18h00', 'Jeudi', '09h00 - 18h00', 'Vendredi', '09h00 - 18h00', 'Samedi', 'Dimanche'];;
1189;O Kariboo ELYSONI;67 r Vieux Village;74260;LES GETS;09 82 36 68 31;fr-fr.facebook.com;;;;;;;;;;
1190;Mont Foot 5;14 r Gustave Eiffel;74000;SEYNOD;04 50 44 94 76;http://www.montfoot5annecy.fr;;;;;;;['Infrastructures de sports et loisirs ', 'Restaurants '];;;
1191;Au Vieux Chalet;550 av Louis Coppel;74300;THYEZ;04 50 18 94 00;http://www.auvieuxchalet.com;;;;;;;"['plat du jour', 'terrasse', ""repas d'affaire"", 'maître restaurateur', 'wifi', 'repas de groupe', 'repas de mariage', 'accès internet', 'organisation de réception', 'plat à emporter', ""repas d'entreprises"", 'repas de fêtes', ""repas d'anniversaire"", 'anglais parlé', 'parking', 'restaurant repas de groupe', 'accès handicapés', 'livraison de plateau repas']";['Lundi', '12h00 - 14h00', '19h30 - 21h30', 'Mardi', '12h00 - 14h00', '19h30 - 21h30', 'Mercredi', '12h00 - 14h00', '19h30 - 21h30', 'Jeudi', '12h00 - 14h00', '19h30 - 21h30', 'Vendredi', '12h00 - 14h00', '19h30 - 21h30', 'Samedi', '12h00 - 14h00', '19h30 - 21h30', 'Dimanche'];46.077328;6.545521
1192;Kebab Plaisir;325 Grand Rue;74350;CRUSEILLES;04 50 45 20 41;;;;;;;;['plat à emporter', 'animaux acceptés', 'terrasse', 'facilité bébé', 'restaurant halal', 'wifi'];['Lundi', '14h00 - 15h00', 'Mardi', '14h00 - 15h00', 'Mercredi', '14h00 - 15h00', 'Jeudi', '14h00 - 15h00', 'Vendredi', '14h00 - 15h00', 'Samedi', '18h00 - 22h00', 'Dimanche'];;
1193;Free Wok;Galerie Marchande Les Sorbiers B 13 r Royale;74000;ANNECY;06 78 50 16 60;www.facebook.com;;;;;;;;['Lundi', 'Mardi', '18h00 - 22h30', 'Mercredi', '18h00 - 22h30', 'Jeudi', '18h00 - 22h30', 'Vendredi', '18h00 - 22h30', 'Samedi', '11h30 - 22h00', 'Dimanche', '18h00 - 22h00'];;
1194;RESTAURANT L OP TRAKEN;387 rte N-D de La Gorge;74170;LES CONTAMINES MONTJOIE;04 50 47 09 15;;;;;;;;"['location saisonnière', ""Location d'appartements "", 'Location saisonnière ', 'Restaurants ']";['Lundi', '12h00 - 14h30', '18h00 - 22h00', 'Mardi', '12h00 - 14h30', '18h00 - 22h00', 'Mercredi', '12h00 - 14h30', '18h00 - 22h00', 'Jeudi', '12h00 - 14h30', '18h00 - 22h00', 'Vendredi', '12h00 - 14h30', '18h00 - 22h00', 'Samedi', '12h00 - 14h30', '18h00 - 22h00', 'Dimanche', '12h00 - 14h30', '18h00 - 22h00'];;
1195;LA CUILLERE A OMBLE 2DP TABLE - LAC & MONTAGNES;2346 rte Talloires;74210;DOUSSARD;04 50 44 30 71;http://www.lacuillereaomble.fr;;;cuisine française;5.0;;;['animaux acceptés', 'terrasse', 'parking', 'bistrot', 'facilité bébé', 'restaurant repas de groupe', 'accès handicapés', 'climatisation'];['Lundi', '09h00 - 23h00', 'Mardi', '09h00 - 23h00', 'Mercredi', '09h00 - 23h00', 'Jeudi', '09h00 - 23h00', 'Vendredi', '09h00 - 23h00', 'Samedi', '09h00 - 23h00', 'Dimanche', '09h00 - 23h00'];;
1196;Jmc;chemin forestier Lieu;74390;CHÂTEL;09 63 64 37 32;;;;;;;;;;;
1197;Cavaglia Thibault;88 rte Grandes Alpes;74220;LA CLUSAZ;04 50 11 39 20;www.facebook.com;;;restaurant français;4.0;;;['pizzeria', 'terrasse', 'parking'];['Lundi', '11h00 - 23h30', 'Mardi', '11h00 - 23h30', 'Mercredi', ' 11h00 - 23h30', 'Jeudi', '11h00 - 23h30', 'Vendredi', '11h00 - 23h30', 'Samedi', '11h00 - 23h30', 'Dimanche', '11h00 - 23h30'];;
1198;Le Clos Gourmand;Ctre Cial Hyper U bd Europe;74150;RUMILLY;04 50 19 07 55;;;;;;;;;['Lundi', '08h00 - 20h30', 'Mardi', '08h00 - 20h30', 'Mercredi', '08h00 - 20h30', 'Jeudi', '08h00 - 20h30', 'Vendredi', '08h00 - 20h30', 'Samedi', '08h00 - 20h30', 'Dimanche'];45.85849;5.945266
1199;Amaryllis;Halpades 5 r Marc Courriard;74100;ANNEMASSE;04 50 87 17 27;http://www.restaurant-lamaryllis.com;;;cuisine française;5.0;;;['animaux acceptés', 'terrasse', 'facilité bébé', 'restaurant repas de groupe', 'accès handicapés'];['Lundi', '12h00 - 14h00', 'Mardi', '12h00 - 14h00', '19h30 - 21h30', 'Mercredi', '12h00 - 14h00', '19h30 - 21h30', 'Jeudi', '12h00 - 14h00', '19h30 - 21h30', 'Vendredi', '12h00 - 14h00', '19h30 - 21h30', 'Samedi', '19h30 - 21h30', 'Dimanche'];;
1200;Le Rocher;chem Rocher;74110;MORZINE;06 50 41 42 01;;;;;;;;['terrasse', 'parking', 'restaurant repas de groupe'];['Lundi', '09h00 - 19h00', 'Mardi', '09h00 - 19h00', 'Mercredi', '09h00 - 19h00', 'Jeudi', '09h00 - 19h00', 'Vendredi', '09h00 - 19h00', 'Samedi', '09h00 - 19h00', 'Dimanche', '09h00 - 19h00'];;
1201;L'AMITIE;1260 rte Clermont;74330;SILLINGY;04 56 34 62 12;;;;;;;;;;;
1202;PIZZA & VINO;424 r Joseph Vallot;74400;CHAMONIX MONT BLANC;04 50 55 25 93;;;;;;;;;;;
1203;La Bettcha;1618 rte de la Gare, ZI les Grands Champs Sud;74580;VIRY;04 50 38 34 13;www.on-kart.fr;;;;;;;"['circuit automobile', 'soirée à thème', 'restaurant séminaire', 'salle privée', 'Séminaire', 'Accueil de groupe', 'stage de pilotage automobile', 'crêpe', 'Restaurants ', 'Restaurants pour réceptions, pour séminaires ', 'Clubs, circuits, terrains de sports mécaniques ', 'Karting ', ""Parcs d'attractions, de loisirs ""]";['Lundi', 'Mardi', '16h30 - 23h00', 'Mercredi', '10h00 - 23h00', 'Jeudi', '16h30 - 23h00', 'Vendredi', '16h30 - 23h00', 'Samedi', '10h00 - 00h00', 'Dimanche', '10h00 - 19h00'];46.129751;6.028944
1204;Pizza Fresca;15 r Granges;74200;THONON LES BAINS;04 50 71 38 47;http://www.pizza-fresca-thonon.fr;;;cuisine française;5.0;;;['pizzeria', 'plat à emporter', 'terrasse', 'parking', 'facilité bébé', 'restaurant repas de groupe', 'accès handicapés', 'wifi'];['Lundi', '11h00 - 13h30', '18h00 - 21h45', 'Mardi', '11h00 - 13h30', ' 18h00 - 21h45', 'Mercredi', '11h00 - 13h30', '18h00 - 21h45', 'Jeudi', '11h00 - 13h30', '18h00 - 21h45', 'Vendredi', '11h00 - 13h30', '18h00 - 21h45', 'Samedi', '11h00 - 13h30', '18h00 - 21h45', 'Dimanche'];;
1205;Four Seasons Hôtel Megève;373 chem Follières;74120;MEGÈVE;04 50 21 12 11;http://www.fourseasons.com/fr/megeve;;;;;;;['cheminée', 'hôtel avec piscine', 'conciergerie', 'salle de sport', 'hôtel spa', 'club enfant', 'service en chambre', 'restaurant', 'Hôtels ', 'Restaurants '];;;
1206;Sab N' Co;Féternes Vieux 40 rte Chateau;74500;FÉTERNES;06 08 91 69 26;www.facebook.com;;;;;;;;;;
1207;Crédence La;850 chem Tour;74190;PASSY;06 49 93 59 70;;;;cuisine française;5.0;;;['animaux acceptés', 'terrasse', 'parking'];['Lundi', '19h00 - 22h00', 'Mardi', '19h00 - 22h00', 'Mercredi', 'Jeudi', '19h00 - 22h00', 'Vendredi', '19h00 - 22h00', 'Samedi', '19h00 - 22h00\n ', 'Dimanche', '19h00 - 22h00'];;
1208;Lau Liu Mui-Fung;9 r Nationale;74500;EVIAN LES BAINS;04 50 70 70 51;;;;;;;;['Asiatique ', 'Chinoise '];['Lundi', '12h00 - 14h00', '18h30 - 23h00', 'Mardi', '12h00 - 14h00', '18h30 - 23h00', 'Mercredi', '12h00 - 14h00', '18h30 - 23h00', 'Jeudi', '12h00 - 14h00', ' 18h30 - 23h00', 'Vendredi', '12h00 - 14h00', '18h30 - 23h00', 'Samedi', '12h00 - 14h00', '18h30 - 23h00', 'Dimanche', '12h00 - 14h00', '18h30 - 23h00'];;
1209;FLEUR DES NEIGES SARL;228 Taille de Mas de Nant Crue;74110;MORZINE;04 50 79 01 23;http://www.hotel-fleur-des-neiges.fr;;;;;;;['télévision', 'animaux acceptés', 'hôtel avec piscine', 'salle de sport', 'facilités bébé', 'parking', 'hôtel spa', 'wifi', 'restaurant', 'Hôtels ', 'Restaurants '];;;
1210;Hotel Au Coeur De Megève;44 r Charles Feige;74120;MEGÈVE;04 50 21 25 30;http://www.coeurdemegeve.com/;;;;;;;['bar', 'télévision', 'animaux acceptés', 'facilités bébé', 'wifi', 'accès handicapé', 'coffre-fort', 'restaurant', 'Hôtels ', 'Restaurants '];;;
1211;Aux Ducs de Savoie;Hôtel Les Ducs De Savoie r 23 Juillet 1944;74500;SAINT GINGOLPH;04 50 76 73 09;http://www.auxducsdesavoie.fr;;;cuisine française;2.0;;;['animaux acceptés', 'terrasse', 'parking', 'gastronomique', 'facilité bébé', 'restaurant repas de groupe', 'wifi'];['Lundi', 'Mardi', 'Mercredi', '12h00 - 14h00', '19h00 - 21h00', 'Jeudi', '12h00 - 14h00', '19h00 - 21h00', 'Vendredi', '12h00 - 14h00', '19h00 - 21h00', 'Samedi', '12h00 - 14h00', '19h00 - 21h00', 'Dimanche', '12h00 - 14h00'];;
1212;Al Vesuvio;13 r Ile;74000;ANNECY;04 50 11 76 72;;;;;;;;;;;
1213;Chez Pauline;12 r Glières;74000;ANNECY;04 50 52 87 90;www.facebook.com/chezpauline74;;;;;;;"['Animaux acceptés', ""Repas d'affaire"", 'Plat à emporter', 'Accès handicapés', 'Terrasse']";['Lundi', '08h00 - 19h00', 'Mardi', '08h00 - 19h00', 'Mercredi', '08h00 - 19h00', 'Jeudi', '08h00 - 19h00', 'Vendredi', '08h00 - 19h00', 'Samedi', '08h00 - 19h00', 'Dimanche'];;
1214;Chez Julie;37 av Gambetta;74000;ANNECY;04 50 23 19 15;www.facebook.com;;;;;;;;['Lundi', ' 08h00 - 15h00', 'Mardi', '08h00 - 15h00', 'Mercredi', '08h00 - 15h00', 'Jeudi', '08h00 - 15h00', '18h00 - 00h00', 'Vendredi', '08h00 - 15h00', 'Samedi', 'Dimanche'];;
1215;Hôtel Le Foron;50 imp Etang;74800;LA ROCHE SUR FORON;04 50 25 82 76;http://www.hotel-le-foron.com;;;;;;;['télévision', 'animaux acceptés', 'hôtel avec piscine', 'facilités bébé', 'parking', 'climatisation', 'wifi', 'accès handicapé', 'Hôtels ', 'Restaurants ', 'Organisation de séminaires, de congrès '];['Lundi', '07h00 - 22h00', 'Mardi', '07h00 - 22h00', 'Mercredi', '07h00 - 22h00', 'Jeudi', '07h00 - 22h00', 'Vendredi', '07h00 - 22h00', 'Samedi', '07h00 - 22h00', 'Dimanche', '07h00 - 14h00'];;
1216;Chalet Soleil d'Or;r Charles Feige;74120;MEGÈVE;04 50 53 26 05;http://www.lesoleildor-megeve.fr;;;;;;;['location de chalet', 'Résidences de tourisme, résidences hôtelières ', 'Restaurants '];;;
1217;Oberge De Bounavo;Ferme Rosset 0 3 rte Corbier;74360;BONNEVAUX;04 50 16 30 88;http://oberge-de-bounavo.fr;;;;;;;;;;
1218;Crêperie Bretonne la Bolée;14 r Ile;74000;ANNECY;04 50 45 26 62;;;;cuisine française;4.0;;;['restaurant sans gluten', 'animaux acceptés', 'terrasse', 'parking', 'facilité bébé', 'restaurant repas de groupe'];['Lundi', '11h00 - 00h00', 'Mardi', '11h00 - 00h00', 'Mercredi', '11h00 - 00h00', 'Jeudi', ' 12h00 - 14h00', 'Vendredi', '11h00 - 00h00', 'Samedi', '11h00 - 00h00', 'Dimanche'];;
1219;Delis Club;Chalet Casino Barrière 199 r Charles Feige;74120;MEGÈVE;06 15 98 66 42;http://megeve.com/noesit/!/fiche/deli-s-club-4859404;;;;;;;['parking'];;;
1220;Le Wyn;74 r Centrale;74000;ANNECY LE VIEUX;04 50 27 62 05;www.facebook.com;;;;;;;['animaux acceptés', 'terrasse', 'parking', 'facilité bébé', 'restaurant repas de groupe', 'wifi'];['Lundi', '12h00 - 14h30', '19h00 - 22h30', 'Mardi', '12h00 - 14h30', '19h00 - 22h30', 'Mercredi', '12h00 - 14h30', '19h00 - 22h30', 'Jeudi', '12h00 - 14h30', '19h00 - 22h30', 'Vendredi', '12h00 - 14h30', '19h00 - 22h30', 'Samedi', '12h00 - 14h30', '19h00 - 22h30', 'Dimanche', '12h00 - 14h30', '19h00 - 22h30'];;
1221;Hôtel Fleur De Neige;564 rte Vonnes;74390;CHÂTEL;04 50 73 20 10;http://www.hotel-fleurdeneige.fr/index.php/fr;;;;;;;['télévision', 'hôtel avec piscine', 'wifi', 'hammam', 'sauna', 'coffre-fort', 'bar', 'demi-pension', 'animaux acceptés', 'parking', 'facilités bébé', 'hôtel spa', 'accès handicapé', 'Hôtels ', 'Restaurants '];['Lundi', '12h00 - 13h30', '19h00 - 21h00\n ', 'Mardi', '12h00 - 13h30', '19h00 - 21h00', 'Mercredi', '12h00 - 13h30', '19h00 - 21h00', 'Jeudi', '12h00 - 13h30', '19h00 - 21h00', 'Vendredi', '12h00 - 13h30', '19h00 - 21h00', 'Samedi', '12h00 - 13h30', '19h00 - 21h00', 'Dimanche', ' 12h00 - 13h30', '19h00 - 21h00'];;
1222;L'ourson;27 pass Mont Blanc;74220;LA CLUSAZ;04 50 68 64 89;http://www.resto-ourson-laclusaz.fr;;;cuisine française;4.0;;;['animaux acceptés', 'facilité bébé', 'restaurant repas de groupe'];;;
1223;Pizzéria Le Fournil;lieu-dit Mons;74270;CHESSENAZ;04 50 32 20 61;http://www.pizzeria-lefournil.fr;;;cuisine française;4.0;;;['pizzeria', 'animaux acceptés', 'terrasse', 'parking', 'facilité bébé', 'restaurant repas de groupe', 'accès handicapés', 'climatisation'];['Lundi', 'Mardi', '12h00 - 14h00', '19h00 - 21h00', 'Mercredi', '12h00 - 14h00', '19h00 - 21h00', 'Jeudi', '12h00 - 14h00', '19h00 - 21h00', 'Vendredi', '12h00 - 14h00', '19h00 - 21h00', 'Samedi', '12h00 - 14h00', '19h00 - 21h00', 'Dimanche', '12h00 - 14h00', '19h00 - 21h00'];;
1224;Top Marmotte;Merdassier 150 pass Centre;74230;MANIGOD;04 50 02 42 80;http://restaurant-topmarmotte.weebly.com;;;;;;;;;;
1225;Hôtel La Chaumière;222 av Genève;74170;LE FAYET;04 50 93 60 10;http://www.lachaumierehotel.com;;;;;;;['télévision', 'hôtel avec piscine', 'wifi', 'sauna', 'demi-pension', 'jardin', 'animaux acceptés', 'salle de sport', 'facilités bébé', 'parking', 'hôtel spa', 'restaurant', 'jeux pour enfants', 'Hôtels ', 'Restaurants '];['Lundi', '07h00 - 12h00', '16h00 - 22h00', 'Mardi', '07h00 - 12h00', '16h00 - 22h00', 'Mercredi', '07h00 - 12h00', '16h00 - 22h00', 'Jeudi', '07h00 - 12h00', '16h00 - 22h00', 'Vendredi', '07h00 - 12h00', '16h00 - 22h00', 'Samedi', '07h00 - 12h00', '16h00 - 22h00', 'Dimanche', '07h00 - 12h00', '16h00 - 21h00'];;
1226;Le Clozet;Chef Lieu;74500;NOVEL;09 67 82 67 62;;;;;;;;['Gîtes ', 'Restaurants '];;;
1227;Best Fried Chicken;31 r Genève;74100;AMBILLY;04 50 74 35 96;;;;;;;;;['Lundi', 'Mardi', '11h30 - 14h30', '17h30 - 23h30', 'Mercredi', '11h30 - 14h30', '17h30 - 23h30', 'Jeudi', '11h30 - 14h30', '17h30 - 23h30', 'Vendredi', '11h30 - 00h00', 'Samedi', '11h30 - 00h00', 'Dimanche', '11h30 - 00h00'];;
1228;La Folie Des Neiges;Plaine Dranse 69 rte Centre;74390;CHÂTEL;09 88 66 39 66;www.facebook.com;;;cuisine française;3.0;;;['Cuisine française '];;;
1229;Le Satsuki;286 r Joseph Vallot;74400;CHAMONIX MONT BLANC;04 50 53 21 99;http://www.satsuki.eu;;;cuisine du monde;5.0;;;['animaux acceptés', 'terrasse', 'livraison à domicile', 'facilité bébé', 'restaurant repas de groupe', 'climatisation'];['Lundi', '12h00 - 14h30', '18h30 - 22h00', 'Mardi', '12h00 - 14h30', '18h30 - 22h00', 'Mercredi', '12h00 - 14h30', '18h30 - 22h00', 'Jeudi', '12h00 - 14h30', '18h30 - 22h00', 'Vendredi', '12h00 - 14h30', '18h30 - 22h00', 'Samedi', '12h00 - 14h30', '18h30 - 22h00', 'Dimanche', '12h00 - 14h30', '18h30 - 22h00'];;
1230;Losiak Jean-Pierre;325 r Montagny;74700;SALLANCHES;04 50 58 31 13;;;;;;;;['plat à emporter', 'friterie'];;;
1231;Favre Restauration;374 rte Bussioz;74140;SAINT CERGUES;04 50 31 22 13;;;;;;;;"['traiteur casher', 'repas sans sel', ""repas d'anniversaire"", ""repas d'affaire"", 'personnel de réception', 'traiteur halal', 'organisation de réceptions', 'repas sans gluten', 'cuisinier', 'traiteur bio', ""maître d'hôtel"", 'Traiteurs ', 'Restaurants ']";['Lundi', '12h00 - 14h00', '19h30 - 22h00', 'Mardi', '12h00 - 14h00', '19h30 - 22h00', 'Mercredi', 'Jeudi', '12h00 - 14h00', '19h30 - 22h00', 'Vendredi', '12h00 - 14h00', '19h30 - 22h00', 'Samedi', '12h00 - 14h00', '19h30 - 22h00', 'Dimanche'];;
1232;Le Moulin à Pizza EN KA;Chaux 1101 av Aix les Bains;74000;SEYNOD;04 50 08 64 40;http://www.moulinapizza.fr;;;;;;;['pizzeria'];;;
1233;Restaurant chez Daniel;Flaine Forum;74300;FLAINE;04 50 90 81 87;http://alpychezdaniel.site-solocal.com;;;cuisine française;5.0;;;['crêperie', 'facilité bébés', 'Menu ouvrier', 'animaux acceptés', 'Cuisine savoyarde', 'produit local', 'crêpe', 'galette', 'Facilités bebés', 'climatisation'];['Lundi', '12h00 - 14h00', '19h00 - 21h00', 'Mardi', '12h00 - 14h00', '19h00 - 21h00', 'Mercredi', '12h00 - 14h00\n ', '19h00 - 21h00', 'Jeudi', '12h00 - 14h00', '19h00 - 21h00', 'Vendredi', '12h00 - 14h00', '19h00 - 21h00', 'Samedi', 'Dimanche'];;
1234;La Bergerie;Plt D Assy 314 chem Parchets;74190;PASSY;04 50 93 80 51;http://www.haute-savoie-tourisme.org/restaurants/traditionnels/203960-restaurant-la-bergerie;;;cuisine française;5.0;;;['animaux acceptés', 'terrasse', 'parking', 'facilité bébé', 'restaurant repas de groupe', 'accès handicapés', 'wifi'];['Lundi', ' 12h00 - 14h00', '19h00 - 21h00', 'Mardi', '12h00 - 14h00', '19h00 - 21h00', 'Mercredi', '12h00 - 14h00', '19h00 - 21h00', 'Jeudi', '12h00 - 14h00', '19h00 - 21h00', 'Vendredi', '12h00 - 14h00', '19h00 - 21h00', 'Samedi', '12h00 - 14h00', '19h00 - 21h00\n ', 'Dimanche', '12h00 - 14h00', '19h00 - 21h00'];;
1235;Le TTabegam;23 Et 25 23 r Jean Jacques Rousseau;74000;ANNECY;04 50 02 22 10;;;;;;;;['Cuisine française '];;;
1236;LOS PRIMOS;33 r Ste Claire;74000;ANNECY;09 62 61 89 77;http://los-primos.com;;;;;;;['Nord ', 'Cuisine du monde ', 'Enfant ', 'Fait maison ', 'Restaurant tex mex '];;;
1237;L'artisan Conserveur;chem Combes;74110;ESSERT ROMAND;04 50 38 69 88;;;;;;;;['Traiteurs ', 'Restaurants '];['Lundi', 'Mardi', '12h00 - 13h30', '19h00 - 21h30', 'Mercredi', '12h00 - 13h30', '19h00 - 21h30', 'Jeudi', '12h00 - 13h30', '19h00 - 21h30', 'Vendredi', '12h00 - 13h30', '19h00 - 21h30', 'Samedi', '12h00 - 13h30', '19h00 - 21h30', 'Dimanche'];;
1238;Le Pic Du Marcelly;30 r Pressenage;74260;LES GETS;04 50 75 68 82;;;;;;;;;;;
1239;Tex Mex Café 201;168 av Aix les Bains;74000;SEYNOD;04 50 52 01 44;http://www.cafe-201.fr;;;restaurant mexicain;1.0;;;['animaux acceptés', 'terrasse', 'parking', 'facilité bébé', 'restaurant repas de groupe', 'accès handicapés', 'dîner spectacle', 'climatisation'];['Lundi', '12h00 - 14h00', '19h00 - 22h30', 'Mardi', '12h00 - 14h00', '19h00 - 22h30', 'Mercredi', '12h00 - 14h00', '19h00 - 22h30', 'Jeudi', '12h00 - 14h00', '19h00 - 22h30', 'Vendredi', '12h00 - 14h00', '19h00 - 23h00', 'Samedi', '12h00 - 14h00', '19h00 - 23h00', 'Dimanche', '12h00 - 14h00', '19h00 - 22h30'];;
1240;Châlet Du Glacier Des Bossons;Glacier Bossons;74400;LES BOSSONS;04 50 53 03 89;;;;;;;;['Cuisine française ', 'Restaurants ', 'Cafés, bars '];;;
1241;Kebab du lac;37 rte Albertville;74410;SAINT JORIOZ;06 61 59 27 64;;;;;;;;['kebab', 'plat à emporter', 'terrasse', 'parking', 'restaurant halal', 'accès handicapés', 'fast Food'];['Lundi', 'Mardi', '11h00 - 14h30', '17h30 - 22h00', 'Mercredi', '11h00 - 14h30', '17h30 - 22h00', 'Jeudi', '11h00 - 14h30', '17h30 - 22h00', 'Vendredi', '11h00 - 14h30', '17h30 - 22h00', 'Samedi', '11h00 - 14h30', '17h30 - 22h00', 'Dimanche', '11h00 - 14h30', '17h30 - 22h00'];45.83377;6.164276
1242;Le Chiangmaï;8 r Joseph Nicollet;74300;CLUSES;04 50 89 12 00;www.facebook.com;;;restaurant thaïlandais;3.0;;;['restaurant repas de groupe'];['Lundi', '12h00 - 14h00', '19h00 - 21h30', 'Mardi', '12h00 - 14h00', '19h00 - 21h30', 'Mercredi', '12h00 - 14h00', '19h00 - 21h30', 'Jeudi', '12h00 - 14h00', '19h00 - 21h30\n ', 'Vendredi', '12h00 - 14h00', '19h00 - 21h30', 'Samedi', '12h00 - 14h00', '19h00 - 21h30', 'Dimanche'];;
1243;La Boucherie;34 r Parc;74100;ANNEMASSE;04 50 38 90 88;http://www.la-boucherie.fr/restaurants/annemasse-74;['Bonne affaire : Un plat au choix + Gourmandises du moment + café : ', 'Complète : entrée + Plat + Dessert : ', 'Des Halles : entrée + Plat ou Plat + Dessert : ', 'Le Boucher Junior (- de 12 ans) : '];['10,20 €', '19,80 €', '14,90 €', '7,10 €'];cuisine française;3.0;['Carpaccio de boeuf à basilic', 'Carpaccio de boeuf à Chèvre chaud et lard', 'Café ou Chocolat ou Caramel liégois', 'crème brûlée', 'Entrecète', 'Faux-filet'];['6,30 €', '6,80 €', '6,80 €', '6,10 €', '16,90 €', '16,90 €'];['animaux acceptés', 'grill', 'terrasse', 'parking', 'facilité bébé', 'restaurant repas de groupe', 'climatisation'];['Lundi', '11h45 - 14h00', '18h45 - 22h30', 'Mardi', '11h45 - 14h00', '18h45 - 22h30', 'Mercredi', '11h45 - 14h00', '18h45 - 22h30', 'Jeudi', '11h45 - 14h00', '18h45 - 22h30', 'Vendredi', '11h45 - 14h00', '18h45 - 23h00', 'Samedi', '11h45 - 14h00', '18h45 - 23h00', 'Dimanche', '11h45 - 14h00', '18h45 - 22h30'];;
1244;La Yourte;9 r Jardins;74240;GAILLARD;04 50 84 55 16;http://www.layourte.fr;;;;;"['Oeuf bio mimosa à la ciboulette', ""Saumon Gravelax à l'aneth"", 'Filet de bar au beurre blanc, écrasé de pommes de terre aux herbes', 'Filet de boeuf 180g, échalotes confites, frites fraîches et salade', ""Blanquette de veau à l'ancienne, penne"", 'Escalope de saumon au citron vert, écrasé de pommes de terre']";['5\xa0 €', '9\xa0 €', '20\xa0 €', '24\xa0 €', '18\xa0 €', '18\xa0 €'];['terrasse', 'parking', 'facilité bébé', 'wifi'];['Lundi', '12h00 - 14h30', '19h00 - 22h30', 'Mardi', '12h00 - 14h30', '19h00 - 22h30', 'Mercredi', ' 12h00 - 14h30', '19h00 - 22h30', 'Jeudi', '12h00 - 14h30', '19h00 - 22h30', 'Vendredi', '12h00 - 14h30', '19h00 - 22h30', 'Samedi', '12h00 - 14h30', '19h00 - 22h30', 'Dimanche', '12h00 - 14h30', '19h00 - 22h30'];;
1245;Le Floralp;79 chem Pré de Foire;74220;LA CLUSAZ;04 50 02 41 46;http://www.hotel-floralp74.com;;;;;;;['télévision', 'animaux acceptés', 'facilités bébé', 'parking', 'wifi', 'restaurant', 'Hôtels ', 'Restaurants '];;;
1246;Kokopelly;910 rte Talloires;74210;DOUSSARD;04 50 32 79 09;www.facebook.com;;;;;;;;['Lundi', '12h00 - 14h00', 'Mardi', '12h00 - 14h00', 'Mercredi', '12h00 - 14h00', 'Jeudi', '12h00 - 14h00', 'Vendredi', '19h00 - 22h00', 'Samedi', '19h00 - 22h00', 'Dimanche', '19h00 - 22h00'];;
1247;June;4 r Marquisats;74000;ANNECY;04 50 52 06 35;;;;;;;;;;;
1248;Bistrot le Plein Bouillon;121 r Prés Faure;74800;LA ROCHE SUR FORON;04 50 03 42 37;www.facebook.com;;;;;;;['facilité bébé'];;;
1249;Mahe;12 rte Tournette;74290;VEYRIER DU LAC;09 63 47 92 81;;;;;;;;;;;
1250;HERMANOS;6 pl Jean Jacques Rousseau;74100;ANNEMASSE;09 75 24 02 53;;;;;;;;;;;
1251;Keko Et Keko Kebab;17 av Mar Leclerc;74100;ANNEMASSE;04 50 84 01 63;http://keko-kebab.com/;['plat + boisson : ', 'plat + boisson : ', 'Plat + dessert (boissons comprises) : ', 'Plat + dessert (boissons comprises) : '];['7.70 €', '8.70 €', '12.20 €', '7.50 €'];restauration rapide;5.0;['Kebab', 'Kofte', 'Kebab', 'Kofte'];['8.90 €', '9.20 €', '5 €', '5 €'];['kebab', 'terrasse', 'parking', 'restaurant repas de groupe', 'restaurant halal', 'climatisation'];;;
1252;Le Cappadoce;6 r Gare;74000;ANNECY;04 50 51 33 34;;;;Restauration rapide;4.0;;;['Parking', 'Restaurant repas de groupes', 'Accès handicapés', 'Terrasse'];['Lundi', '11h00 - 01h00', 'Mardi', '11h00 - 01h00', 'Mercredi', '11h00 - 01h00', 'Jeudi', '11h00 - 01h00', 'Vendredi', '11h00 - 01h00', 'Samedi', '11h00 - 01h00', 'Dimanche', '11h00 - 01h00'];;
1253;Les Tartines De Martine LA MAISON GOURMANDE DE MARTINE;av Cognacq Jay;74340;SAMOËNS;04 57 44 50 16;facebook.com;;;cuisine française;5.0;;;['terrasse', 'parking', 'facilité bébé', 'accès handicapés'];['Lundi', '07h30 - 19h30', 'Mardi', '07h30 - 19h30', 'Mercredi', '07h30 - 19h30', 'Jeudi', '07h30 - 19h30', 'Vendredi', '07h30 - 19h30', 'Samedi', '07h30 - 19h30', 'Dimanche', '07h30 - 19h30'];46.08348;6.725086
1254;Restaurant des Tennis;111 all Tennis;74290;MENTHON SAINT BERNARD;04 50 60 12 51;http://www.tennismenthon.fr/restaurant-tennis-club-menthon;;;;;;;['jardin', 'animaux acceptés', 'grill', 'terrasse', 'parking', 'accès handicapés', 'climatisation', 'chef à domicile'];['Lundi', '08h30 - 22h30', 'Mardi', '08h30 - 22h30', 'Mercredi', '08h30 - 22h30', 'Jeudi', '08h30 - 22h30', 'Vendredi', '08h30 - 22h30', 'Samedi', '08h30 - 22h30', 'Dimanche', '08h30 - 22h30'];;
1255;A D.A.D.A Traiteur;60 Grande Rue;74200;THONON LES BAINS;04 50 70 39 10;;;;;;;;;;;
1256;Refuge De Doran;rte Doran;74700;SALLANCHES;04 50 58 08 00;http://www.refugededoran.fr;;;;;;;['Refuges de montagne ', 'Restaurants ', 'Infrastructures de sports et loisirs '];;;
1257;Manufacture Amicale de Pasta et Pizza;14 r Pré Paillard;74940;ANNECY LE VIEUX;04 50 64 05 26;;;;;;;;['plat à emporter', 'terrasse', 'restaurant repas de groupe'];['Lundi', '11h00 - 15h00', 'Mardi', '11h00 - 15h00', 'Mercredi', '11h00 - 15h00', 'Jeudi', '11h00 - 15h00', 'Vendredi', '11h00 - 15h00', 'Samedi', 'Dimanche'];;
1258;Café Saint Antoine;14 pl Notre Dame;74000;ANNECY;04 50 45 07 57;http://www.cafe-saint-antoine.com;;;restaurant lyonnais;5.0;"[""Gratin de ravioles aux pousses d'épinard"", 'Tarte fine de poireaux et filets de cailles jus aux myrtilles', ""Burger au saumon avec frites et salade verte Pain noir au sésame, escalope de saumon, pousses d'épinards, tomate, pomme Anna, crème tartare"", 'Entrecôte de boeuf Simmental 250gr, avec frites et salade verte, sauce béarnaise, poivre ou reblochon', 'Faisselle (150g) servi avec un coulis de fruits rouges', 'Fondant au chocolat,coeur à la crème de marron et crème anglaise']";['11.5\xa0 €', '11.9\xa0 €', '18.5\xa0 €', '20.9\xa0 €', '6\xa0 €', '7.5\xa0 €'];['animaux acceptés', 'terrasse', 'facilité bébé', 'Zone fumeur', 'restaurant repas de groupe', 'accès handicapés'];['Lundi', '09h00 - 00h00', 'Mardi', '09h00 - 00h00', 'Mercredi', '09h00 - 00h00', 'Jeudi', '09h00 - 00h00', 'Vendredi', '09h00 - 00h00', 'Samedi', '09h00 - 00h00', 'Dimanche'];;
1259;Télébar Du Mont Blanc;3904 rte Chavannes;74260;LES GETS;04 50 79 75 46;;;;;;;;['brasserie'];['Lundi', '07h00 - 19h00', 'Mardi', '07h00 - 19h00', 'Mercredi', '07h00 - 19h00', 'Jeudi', '07h00 - 19h00', 'Vendredi', '07h00 - 19h00', 'Samedi', '07h00 - 19h00', 'Dimanche', '07h00 - 19h00'];;
1260;Résidences de Rochebrune Conciergerie Les;39 rte Téléphérique;74120;MEGÈVE;04 50 21 42 59;;;;;;;;;;;
1261;Comfort Hotel Annemasse Genève;3 r Gaspard Monge;74100;ANNEMASSE;04 50 95 53 55;www.comforthotelannemasse.com;;;;;;;['Service de réveil téléphonique', 'Bowling, karting et centre commercial à proximité', 'Accès internet wi-fi gratuit', 'Parking gratuit et fermé la nuit', 'Plateau de courtoisie', 'Animaux de compagnie acceptés gratuitement', 'Menu complet avec entrée, plat, dessert et boisson comprise', 'Sèche-cheveux', 'Petit-déjeuner buffet', 'Télévision écran plat 32 pouces avec chaînes TNT, Canal+ et Canal satellite', 'Salle de bains individuelle avec baignoire et toilettes', 'Journaux gratuits', 'Réception 24h/24', 'Chambre double, twin, triple ou quadruple', 'Comfort Hotel Charme en Genevois Franchisé indépendant', 'Hôtels ', 'Restaurants '];;;
1262;Mamma Rosa;117 r Genève;74240;GAILLARD;04 50 92 31 83;;;;;;;;['plat à emporter', 'animaux acceptés', 'terrasse', 'parking', 'facilité bébé', 'restaurant repas de groupe', 'climatisation'];['Lundi', '10h00 - 14h00', '17h00 - 22h00', 'Mardi', '10h00 - 14h00', '17h00 - 22h00', 'Mercredi', 'Jeudi', '10h00 - 14h00', '17h00 - 22h00', 'Vendredi', '10h00 - 14h00', '17h00 - 22h00', 'Samedi', '10h00 - 14h00', '17h00 - 22h00', 'Dimanche'];;
1263;Intermarché;r René Cassin;74240;GAILLARD;04 50 39 71 11;www.intermarche.com;;;;;;;['distributeur de billet', 'dépôt de bouteille de gaz', 'e-85', 'Stations-service ', 'Supermarchés, hypermarchés ', 'Restaurants '];['Lundi', '08h30 - 19h45', 'Mardi', '08h30 - 19h45', 'Mercredi', '08h30 - 19h45', 'Jeudi', '08h30 - 19h45', 'Vendredi', '08h30 - 19h45', 'Samedi', '08h30 - 19h45', 'Dimanche', '08h30 - 12h00'];;
1264;La Pointe De Nyon;chem Seyrosset Bas;74110;MORZINE;04 50 04 59 83;;;;;;;;;;;
1265;Good Morning Vietnam;4 r Pasteur;74200;THONON LES BAINS;04 50 76 20 08;http://good-morning-vietnam.business.site;;;;;;;['Asiatique ', 'Vietnamienne '];;;
1266;Mont Foot 5;14 r Gustave Eiffel;74000;SEYNOD;04 50 44 94 76;http://www.montfoot5annecy.fr;;;;;;;['Infrastructures de sports et loisirs ', 'Restaurants '];;;
1267;Le Ramoneur Savoyard ETABLISSEMENTS JANIN;7 r Grenette;74000;ANNECY;04 50 51 99 99;http://ramoneur-savoyard-annecy.fr;;;cuisine française;2.0;['Gâteau de foie de volaille', 'Salade savoyarde', 'Escalope de volaille sauce au reblochon', 'Fondue Savoyarde', 'Coupes glacées', 'Fromage blanc aux myrtilles'];['9,3\xa0 €', '8,6\xa0 €', '17,5\xa0 €', '17,2\xa0 €', '8\xa0 €', '5,5\xa0 €'];['animaux acceptés', 'parking', 'restaurant repas de groupe'];['Lundi', '08h30 - 13h45', '18h30 - 21h00', 'Mardi', '08h30 - 13h45', '18h30 - 21h00', 'Mercredi', '08h30 - 13h45', '18h30 - 21h00', 'Jeudi', '08h30 - 13h45', '18h30 - 21h00', 'Vendredi', '08h30 - 13h45', '18h30 - 21h00', 'Samedi', '08h30 - 13h45', '18h30 - 21h00', 'Dimanche', '08h30 - 13h45', '18h30 - 21h00'];;
1268;Div Famille SASU;310 chem Biolle;74460;MARNAZ;04 50 34 11 60;;;;;;;;;['Lundi', 'Mardi', 'Mercredi', '12h00 - 14h00', 'Jeudi', '12h00 - 14h00', 'Vendredi', '12h00 - 14h00', '19h00 - 21h00', 'Samedi', '19h00 - 21h00', 'Dimanche', '12h00 - 14h00'];;
1269;Chez Nano Jarasy Et Co;90 av Pont Neuf;74970;MARIGNIER;04 50 34 04 34;www.facebook.com;['Formule complète entrée plat dessert café 1/4 vin : ', 'Formule plat dessert café 1/4 vin : ', 'Formule plat café : ', 'Formule plat : '];['14 €', '12,50 €', '11,50 €', '10,50 €'];;;['Salade de chèvre chaud', 'Salade périgourdine', 'Fondue bourguignonne', 'Fondue savoyarde', '4 fromages', 'Espagnole'];['6 €', '10 €', '20 €', '17 €', '10 €', '10 €'];['organisation de réception', 'plat à emporter', 'animaux acceptés', 'terrasse', 'parking', 'gastronomique', 'Zone fumeur', 'facilité bébé', 'restaurant repas de groupe', 'accès handicapés', 'wifi'];['Lundi', '12h00 - 14h00', '19h00 - 22h00', 'Mardi', '12h00 - 14h00', '19h00 - 22h00', 'Mercredi', '12h00 - 14h00', '19h00 - 22h00', 'Jeudi', '12h00 - 14h00', '19h00 - 22h00', 'Vendredi', '12h00 - 14h00', '19h00 - 22h00', 'Samedi', '12h00 - 14h00', '19h00 - 22h00', 'Dimanche'];;
1270;Café De La Place;rte Moulins;74290;MENTHON SAINT BERNARD;04 50 66 18 80;;;;cuisine française;4.0;;;['animaux acceptés', 'terrasse', 'parking', 'restaurant repas de groupe', 'brasserie'];['Lundi', '12h00 - 14h00', '19h00 - 21h45', 'Mardi', '12h00 - 14h00', '19h00 - 21h45', 'Mercredi', '12h00 - 14h00', '19h00 - 21h45', 'Jeudi', '12h00 - 14h00\n ', '19h00 - 21h45', 'Vendredi', '12h00 - 14h00', '19h00 - 21h45', 'Samedi', '12h00 - 14h00', '19h00 - 21h45', 'Dimanche'];;
1271;La Romana;581 rte du pont de Brogny Prngy;74370;ANNECY;04 50 27 35 46;;;;;;;;['restaurant repas de groupe', 'fabrication artisanale', 'terrasse', 'parking', 'menu enfant', 'wi-fi', 'climatisation', 'wifi', 'accès internet', 'restaurant de pâtes', 'Restaurants ', 'Pizzas à emporter ', 'Restaurants italiens ', 'Pizzerias '];;;
1272;Muller Nicolas;Home 1 2 av Chambéry;74000;ANNECY;06 46 18 34 33;;;;;;;;['Panoramique '];;;
1273;La Crèperie;23 r Clefs;74230;THÔNES;04 50 52 83 88;http://www.thones.ovh/creperie-thones.html;;;cuisine française;5.0;;;['10-15 euros ', 'Cuisine française '];['Lundi', '18h30 - 22h30', 'Mardi', 'Mercredi', '18h30 - 22h30', 'Jeudi', '18h30 - 22h30', 'Vendredi', '18h30 - 22h30', 'Samedi', '18h30 - 22h30', 'Dimanche', '18h30 - 22h30'];;
1274;LES DEUX GRANGES SARL;6473 A rte Avoriaz;74110;MORZINE;06 79 20 59 88;;;;;;;;['pizzeria'];;;
1275;Captain Pub;11 r Pont Morens;74000;ANNECY;04 50 45 79 80;http://www.captain-pub.fr;;;;;;;['Cafés, bars ', 'Restaurants '];['Lundi', '11h00 - 00h00', 'Mardi', '11h00 - 02h00', 'Mercredi', '11h00 - 02h00', 'Jeudi', '11h00 - 02h00', 'Vendredi', '11h00 - 00h00', 'Samedi', '11h00 - 02h00', 'Dimanche', '00h00 - 02h00'];;
1276;Esprit Montagne;la Panthiaz;74360;LA CHAPELLE D'ABONDANCE;04 50 71 26 90;www.hotelespritmontagne.com;;;;;;;['bar', 'demi-pension', 'transfert gare', 'organisation de réception', 'cheminée', 'jardin', 'transfert aéroport', 'parking', 'hôtel spa', 'séminaire', 'wifi', 'restaurant', 'Hôtels ', 'Restaurants '];['Lundi', '08h00 - 23h00', 'Mardi', '08h00 - 23h00', 'Mercredi', '08h00 - 23h00', 'Jeudi', '08h00 - 23h00', 'Vendredi', '08h00 - 23h00', 'Samedi', '08h00 - 23h00', 'Dimanche', '08h00 - 23h00'];;
1277;Restaurant La Boheme;97 pl Grenette;74450;LE GRAND BORNAND;04 50 02 27 93;http://www.legrandbornand.com/restaurant-la-boheme.html;;;cuisine française;1.0;;;['restaurant sans gluten', 'restaurant végétarien', 'plat à emporter', 'animaux acceptés', 'terrasse', 'parking', 'facilité bébé', 'restaurant repas de groupe', 'accès handicapés', 'climatisation'];['Lundi', '12h00 - 14h00', '19h00 - 22h00', 'Mardi', '12h00 - 14h00', '19h00 - 22h00', 'Mercredi', '12h00 - 14h00', '19h00 - 22h00', 'Jeudi', '12h00 - 14h00', '19h00 - 22h00', 'Vendredi', '12h00 - 14h00', '19h00 - 22h00', 'Samedi', '12h00 - 14h00', '19h00 - 22h00', 'Dimanche', '12h00 - 14h00', '19h00 - 22h00'];;
1278;Nunabar;bât Le Bellavista Chef Lieu;74740;SIXT FER À CHEVAL;04 50 34 42 67;http://www.nunabar.fr;;;;;;;;;;
1279;Le Bap 's;3 Bis av Chevêne;74000;ANNECY;09 53 37 33 59;www.facebook.com;['Menu Tacos : ', 'Menus Gourmand : ', 'Menus étudiant midi : '];['8,5 €', '8,5 €', '6 €'];;;['Tacos', 'Burger', 'Tiramisu speculoos/nutella/mangue/oreo/daim/m&ms', 'Tarte daim/toblerone/milkyway'];['6 €', '5 €', '3,5 €', '2,5 €'];['plat à emporter', 'livraison à domicile', 'facilité bébé', 'restaurant repas de groupe', 'restaurant halal', 'wifi', 'climatisation', 'fast Food'];['Lundi', '11h00 - 00h00', 'Mardi', '11h00 - 00h00', 'Mercredi', '11h00 - 00h00', 'Jeudi', '11h00 - 00h00', 'Vendredi', '11h00 - 00h00', 'Samedi', '11h00 - 00h00', 'Dimanche', '11h00 - 00h00'];;
1280;Le Dauphin;12 r Platanes;74100;ANNEMASSE;04 50 92 38 25;;;;cuisine du monde;5.0;;;"['organisation de réception', 'plat à emporter', 'animaux acceptés', 'terrasse', ""repas d'affaire"", 'restaurant repas de groupe', 'brasserie']";['Lundi', '07h30 - 19h00', 'Mardi', '07h30 - 19h00', 'Mercredi', '07h30 - 19h00', 'Jeudi', '07h30 - 19h00', 'Vendredi', '07h30 - 19h00', 'Samedi', '07h30 - 19h00', 'Dimanche'];;
1281;Restaurant La Crémaillère Taninges SARL;Flérier 223 rte Lac;74440;TANINGES;09 83 23 23 58;http://www.lacremaillere-taninges.fr;;;cuisine française;5.0;;;"['organisation de réception', 'jardin', 'terrasse', 'parking', ""repas d'affaire"", 'gastronomique', 'Zone fumeur', 'restaurant repas de groupe', 'accès handicapés', 'wifi']";['Lundi', '19h00 - 21h00', 'Mardi', '12h00 - 14h00', '19h00 - 21h00', 'Mercredi', '12h00 - 14h00', '19h00 - 21h00', 'Jeudi', 'Vendredi', '12h00 - 14h00', '19h00 - 21h00', 'Samedi', '12h00 - 14h00', '19h00 - 21h00', 'Dimanche', ' 12h00 - 14h00'];;
1282;La Pizza d'Or;1 pl Etale;74000;CRAN GEVRIER;04 50 57 77 49;http://www.lapizzador.fr;;;cuisine du monde;3.0;;;['pizzeria', 'plat à emporter', 'parking'];['Lundi', 'Mardi', '11h00 - 13h00', '17h30 - 21h30', 'Mercredi', '11h00 - 13h00', '17h30 - 21h30', 'Jeudi', '11h00 - 13h00', '17h30 - 21h30', 'Vendredi', '11h00 - 13h00', '17h30 - 21h30', 'Samedi', '11h00 - 13h00', '17h30 - 21h30', 'Dimanche', ' 17h30 - 21h30'];;
1283;Le George;Chalet Hotel Regina 543 r Centre;74260;LES GETS;04 50 79 43 30;http://www.chalet-regina.fr;;;;;;;['Cuisine française ', 'Inférieur à 10 euros ', 'Montagne ', 'Restaurant savoyard '];['Lundi', '10h00 - 00h00\n ', 'Mardi', '10h00 - 00h00', 'Mercredi', '10h00 - 00h00', 'Jeudi', '10h00 - 00h00', 'Vendredi', '10h00 - 00h00', 'Samedi', '10h00 - 00h00', 'Dimanche', '10h00 - 00h00'];;
1284;La R'Mize;160 r Vieux Village;74260;LES GETS;04 50 79 75 57;http://www.larmize.fr;;;cuisine française;5.0;;;['animaux acceptés', 'terrasse', 'parking', 'facilité bébé', 'restaurant repas de groupe', 'wifi'];['Lundi', '11h00 - 15h00', '18h00 - 23h00', 'Mardi', '11h00 - 15h00', '18h00 - 23h00', 'Mercredi', '11h00 - 15h00\n ', '18h00 - 23h00', 'Jeudi', '11h00 - 15h00', '18h00 - 23h00', 'Vendredi', '11h00 - 15h00', '18h00 - 23h00', 'Samedi', '11h00 - 15h00', '18h00 - 23h00', 'Dimanche', '11h00 - 15h00', '18h00 - 23h00'];;
1285;Shahzada;résid La Marjolaine rd-pt 5 Chemins;74140;VEIGY FONCENEX;04 50 95 53 01;http://www.shahzada.fr;;;;;;;"['terrasse', ""repas d'affaire"", 'gastronomique', 'facilité bébé', 'wifi', 'organisation de réception', 'plat à emporter', 'animaux acceptés', 'livraison à domicile', 'parking', 'restaurant repas de groupe', 'accès handicapés', 'climatisation']";['Lundi', '11h30 - 14h30', '18h00 - 22h30', 'Mardi', '11h30 - 14h30', '18h00 - 22h30', 'Mercredi', '11h30 - 14h30', '18h00 - 22h30', 'Jeudi', '11h30 - 14h30', '18h00 - 22h30', 'Vendredi', '11h30 - 14h30', '18h00 - 22h30', 'Samedi', '11h30 - 14h30', '18h00 - 22h30', 'Dimanche', '11h30 - 14h30', '18h00 - 22h30'];;
1286;Bouvier Françoise;résid La Chaine D'or 410 rte Chaine D'Or;74490;SAINT JEOIRE;04 50 95 54 36;;;;;;;;;;;
1287;ELYG Concept;16 r Deux Montagnes Quebec;74100;VILLE LA GRAND;04 50 06 75 35;http://www.edys-diner.com;;;;;;;['Américaine ', 'Bourgogne ', 'Accès internet ', 'Burger ', 'Fait maison ', 'Frites ', 'Galette ', 'Montagne ', 'Restaurant tex mex '];;;
1288;Crêperie du Château;10 r Perrière;74000;ANNECY;04 50 51 36 15;www.facebook.com;;;cuisine française;4.0;;;['animaux acceptés', 'terrasse', 'facilité bébé', 'restaurant repas de groupe'];['Lundi', '12h00 - 18h00', 'Mardi', '12h00 - 22h00', 'Mercredi', '12h00 - 22h00', 'Jeudi', '12h00 - 22h00', 'Vendredi', '12h00 - 22h00', 'Samedi', '12h00 - 22h00', 'Dimanche', '12h00 - 18h00'];;
1289;Le Lodge Park;100 r Arly;74120;MEGÈVE;04 50 93 05 03;http://www.lodgepark.com;;;;;;;"['Nombre total de chambres : 49', 'Journaux gratuits dans le hall', ""Nombre d'étages : 4"", 'Service de nettoyage à sec', 'Bar/salon', 'Bain à remous', 'Année de construction : 1989', 'Salle de fitness', 'Petit-déjeuner disponible (en supplément)', 'Piscine couverte', 'Bibliothèque', 'Cheminée dans le hall', 'Accès direct aux pistes', 'Nombre de bâtiments : 1', 'Accès Internet Wi-Fi gratuit', 'Restaurant', 'Piscine en plein air', 'Jardin', 'Laverie', 'Assistance pour visites/billets', 'Parking sans voiturier (payant)', 'Sauna', 'Spa à service complet', ""Centre d'affaires"", 'Services de concierge', 'Local à skis', 'Hôtels ', 'Restaurants ']";;;
1290;La Guinguette;255 rte Argos;74940;ANNECY LE VIEUX;04 50 66 05 85;;;;;;;;['Restaurants ', 'Cafés, bars '];['Lundi', 'Mardi', '12h00 - 14h00', 'Mercredi', '12h00 - 14h00', 'Jeudi', '12h00 - 14h00', 'Vendredi', '12h00 - 14h00', 'Samedi', '12h00 - 14h00', 'Dimanche', '12h00 - 14h00'];;
1291;Auberge D'Archamps;rte Bossenaz;74160;ARCHAMPS;04 50 94 10 52;http://www.auberge-archamps.net;;;cuisine française;5.0;;;"['organisation de réception', 'jardin', 'terrasse', 'ferme-auberge', 'parking', ""repas d'affaire"", 'facilité bébé', 'restaurant repas de groupe', 'accès handicapés']";['Lundi', 'Mardi', '08h00 - 15h00', '18h00 - 00h00', 'Mercredi', '08h00 - 15h00', '18h00 - 00h00', 'Jeudi', '08h00 - 15h00', '18h00 - 00h00', 'Vendredi', '08h00 - 15h00', '18h00 - 00h00', 'Samedi', '08h00 - 15h00', '18h00 - 00h00', 'Dimanche'];;
1292;ZAINO;5 pl Port;74500;EVIAN LES BAINS;04 50 75 46 73;http://zaino-evian.fr;;;;;;;;['Lundi', '11h30 - 22h30', 'Mardi', '11h30 - 22h30', 'Mercredi', '11h30 - 22h30', 'Jeudi', '11h30 - 22h30', 'Vendredi', '11h30 - 22h30', 'Samedi', 'Dimanche'];;
1293;Jonard Ophélie;352 r Genevrilles;74500;PUBLIER;04 50 70 02 36;;;;;;;;;;;
1294;Chez Khean Saveurs D'Ailleurs;33 chem Pré de Foire;74220;LA CLUSAZ;04 50 45 37 68;;;;;;;;['Animaux acceptés', 'Livraison à domicile'];['Lundi', '12h00 - 15h00', '19h00 - 22h00', 'Mardi', '12h00 - 15h00', '19h00 - 22h00', 'Mercredi', '12h00 - 15h00', '19h00 - 22h00', 'Jeudi', '12h00 - 15h00', '19h00 - 22h00', 'Vendredi', '12h00 - 15h00', ' 19h00 - 22h00', 'Samedi', '12h00 - 15h00', '19h00 - 22h00', 'Dimanche', '12h00 - 15h00', '19h00 - 22h00'];;
1295;Courtepaille;159 rte Closon;74330;POISY;04 50 24 14 96;http://www.courtepaille.com;;;;;;;;['Lundi', '11h30 - 15h00', '18h30 - 22h30', 'Mardi', '11h30 - 15h00', '18h30 - 22h30', 'Mercredi', '11h30 - 15h00', '18h30 - 22h30', 'Jeudi', '11h30 - 15h00', '18h30 - 22h30', 'Vendredi', '11h30 - 15h00', '18h30 - 22h30', 'Samedi', 'Dimanche'];;
1296;La Restaurant La Cozna;17 che Maquis;74000;ANNECY;04 50 88 39 93;fr-fr.facebook.com/f3Alpes/posts/1742719655798745;;;;;;;;['Lundi', 'Mardi', '09h00 - 12h00', '13h30 - 17h30', 'Mercredi', 'Jeudi', '09h00 - 12h00', '13h30 - 17h30', 'Vendredi', '09h00 - 12h00', '13h30 - 17h30', 'Samedi', 'Dimanche'];;
1297;Florès;r Boulangers;74140;YVOIRE;04 50 72 81 71;http://www.floresyvoire.com;;;cuisine française;4.0;;;['Cuisine française ', 'Restaurants ', 'Cafés, bars '];['Lundi', 'Mardi', 'Mercredi', '08h30 - 18h00', 'Jeudi', '08h30 - 18h00', 'Vendredi', '08h30 - 22h00', 'Samedi', '08h30 - 22h00', 'Dimanche', '08h30 - 18h00'];;
1298;Chez Marie;6 r Capit Charles Dupraz;74100;ANNEMASSE;04 50 79 92 75;;;;Cuisine française;4.0;;;['Cuisine française '];;;
1299;Sam Angkor;21 fbg Ste Claire;74000;ANNECY;09 53 00 36 31;http://sam-angkor.com;;;;;;;;['Lundi', '11h30 - 13h30', '18h00 - 21h30', 'Mardi', '11h30 - 13h30', '18h00 - 21h30', 'Mercredi', 'Jeudi', '11h30 - 13h30', '18h00 - 21h30', 'Vendredi', '11h30 - 13h30', '18h00 - 21h30', 'Samedi', '11h30 - 13h30', '18h00 - 21h30', 'Dimanche'];45.897285;6.122875
1300;Restaurant Le Pirate;quai Port Plaisance;74140;YVOIRE;04 50 72 83 61;www.restaurant-le-pirate-yvoire.com;;;Restaurant breton;5.0;;;['plat à emporter', 'animaux acceptés', 'terrasse', 'parking', 'facilité bébé', 'restaurant repas de groupe', 'accès handicapés'];['Lundi', '12h00 - 14h00', '19h00 - 22h00', 'Mardi', '12h00 - 14h00', '19h00 - 22h00', 'Mercredi', '12h00 - 14h00', '19h00 - 22h00', 'Jeudi', '12h00 - 14h00', '19h00 - 22h00', 'Vendredi', '12h00 - 14h00', '19h00 - 22h00', 'Samedi', '12h00 - 14h00', '19h00 - 22h00', 'Dimanche', '12h00 - 14h00', '19h00 - 22h00'];;
1301;Pleure Pas Madeleine;9 r Gare;74000;ANNECY;04 50 63 25 95;;;;;;;;;;;
1302;L'Auberge Romanaise;chem la Salle;74110;ESSERT ROMAND;04 50 37 31 96;;;;;;;;['Auberge '];;;
1303;Tancredi Guy;12 imp Fauvettes;74100;ETREMBIÈRES;04 50 39 18 08;;;;;;;;;;;
1304;Le Jorat;le Jorat 1170 rte Chaine d'Or le Jorat;74250;BOGEVE;04 50 85 05 64;http://lerculeurbrunojeanjacques.site-solocal.com;;;;;;;"['Accueil de groupes', 'gîte de charme', 'Wi-fi', 'cheminée', 'accueil de groupe', 'parking', 'gîte de groupe', 'Organisation de séminaires', 'laverie', 'wifi', 'gîte nature', 'Gîtes ', ""Chambres d'hôtes "", 'Restaurants ']";;;
1305;LA FERME DE L AVENAZ;Le Bettex 1274 rte Crêtes;74170;SAINT GERVAIS LES BAINS;04 50 93 12 35;http://www.savoie-mont-blanc.com;;;;;;;['animaux acceptés'];;;
1306;LA TRATTORIA;524 rte Albertville;74320;SEVRIER;06 41 92 59 67;;;;;;;;['pizzeria', 'plat à emporter', 'parking', 'facilité bébé', 'restaurant repas de groupe', 'accès handicapés', 'wifi'];['Lundi', '11h30 - 14h00', '18h30 - 22h30', 'Mardi', '11h30 - 14h00', '18h30 - 22h30', 'Mercredi', '11h30 - 14h00', '18h30 - 22h30', 'Jeudi', '11h30 - 14h00', '18h30 - 22h30', 'Vendredi', '11h30 - 14h00', '18h30 - 22h30', 'Samedi', '11h30 - 14h00', '18h30 - 22h30', 'Dimanche', '18h30 - 22h30'];;
1307;Moon Tines;Le Buet;74660;VALLORCINE;06 17 48 34 83;www.facebook.com;;;;;;;;['Lundi', '09h00 - 21h00', 'Mardi', '09h00 - 21h00', 'Mercredi', '09h00 - 21h00', 'Jeudi', '09h00 - 21h00', 'Vendredi', '09h00 - 21h00', 'Samedi', '09h00 - 21h00', 'Dimanche', '09h00 - 21h00'];;
1308;La table de Marie-Ange;4910 rte Col de la Croix Fry;74230;MANIGOD;04 50 44 90 16;www.hotelchaletcroixfry.com;;;;;;;['hôtel de charme, spa, avec piscine', 'Animaux acceptés', 'Bibliothèque', 'Bar', 'wi-fi', 'terrasse', 'Parking', 'Cheminée', 'Hammam', 'télévision par satellite', 'Piscine', 'Sauna', 'facilités bébé', 'Hôtels ', 'Restaurants ', 'Location saisonnière ', 'Organisation de séminaires, de congrès '];;;
1309;Restaurant Le Grillon;111 rte Plagne;74110;MORZINE;04 57 43 79 22;http://www.morznet.com/restaurants/le-grillon-restaurant-morzine-57486;;;;;;;['plat à emporter', 'terrasse', 'restaurant repas de groupe'];['Lundi', '10h00 - 15h00', '18h00 - 22h30', 'Mardi', '10h00 - 15h00', '18h00 - 22h30', 'Mercredi', '10h00 - 15h00', '18h00 - 22h30', 'Jeudi', '10h00 - 15h00', '18h00 - 22h30', 'Vendredi', '10h00 - 15h00', '18h00 - 22h30', 'Samedi', '10h00 - 15h00', '18h00 - 22h30', 'Dimanche', '10h00 - 15h00', '18h00 - 22h30'];;
1310;Le Vieux Pressoir;37 chem Ecoles;74930;PERS JUSSY;04 50 94 18 69;;;;cuisine française;5.0;;;['terrasse', 'parking', 'restaurant repas de groupe'];['Lundi', 'Mardi', '07h30 - 14h30', '17h30 - 22h30', 'Mercredi', '07h30 - 14h30', '17h30 - 22h30', 'Jeudi', '07h30 - 14h30', '17h30 - 22h30', 'Vendredi', '07h30 - 14h30', '17h30 - 22h30', 'Samedi', '07h30 - 14h30', '17h30 - 22h30', 'Dimanche'];;
1311;CARME 1951 L'Oasis;188 rte Oasis;74250;LA TOUR;06 33 02 39 45;;;;;;;;['animaux acceptés', 'terrasse', 'parking', 'facilité bébé', 'Zone fumeur', 'restaurant repas de groupe'];['Lundi', '07h30 - 01h00', 'Mardi', '07h30 - 01h00', 'Mercredi', '07h30 - 01h00', 'Jeudi', '07h30 - 01h00', 'Vendredi', '07h30 - 01h00', 'Samedi', '07h30 - 01h00', 'Dimanche', '07h30 - 01h00'];;
1312;Chez Toi;rte Plagne;74110;MORZINE;07 83 04 77 90;http://cheztoi.biz;;;;;;;['restaurant végétalien'];;;
1313;G.J Pizza;9 rte Vignes;74160;SAINT JULIEN EN GENEVOIS;04 50 92 33 89;www.facebook.com;;;;;;;['Sièges sociaux ', 'Restaurants '];;;
1314;Chapoue;13 r Royale;74000;ANNECY;04 50 05 44 47;;;;;;;;;;;
1315;Restaurant A La Bonne Heure;Ccal Géant Casino 14 r Résistance;74100;ANNEMASSE;04 50 75 15 18;http://restaurants.casino-restauration.fr;;;;;;;['saladerie', 'sandwicherie', 'Restauration rapide ', 'Restaurants '];['Lundi', '11h30 - 14h30', '18h30 - 21h00', 'Mardi', '11h30 - 14h30', ' 18h30 - 21h00', 'Mercredi', '11h30 - 14h30', '18h30 - 21h00', 'Jeudi', '11h30 - 14h30', '18h30 - 21h00', 'Vendredi', '11h30 - 14h30', '18h30 - 21h00', 'Samedi', '11h30 - 21h00', 'Dimanche'];;
1316;PIZZERIA DE COLLONGES;134 rte Genève;74160;COLLONGES SOUS SALÈVE;04 50 35 26 18;http://www.pizzeriacollonges.fr;;;cuisine du monde;5.0;;;['pizzeria', 'plat à emporter', 'animaux acceptés', 'terrasse', 'parking', 'restaurant repas de groupe', 'accès handicapés'];['Lundi', '11h30 - 14h00', '18h00 - 22h30', 'Mardi', '11h30 - 14h00', '18h00 - 22h30', 'Mercredi', '11h30 - 14h00', '18h00 - 22h30\n ', 'Jeudi', '11h30 - 14h00', '18h00 - 22h30', 'Vendredi', '11h30 - 14h00', '18h00 - 22h30', 'Samedi', '11h30 - 14h00', '18h00 - 22h30', 'Dimanche', '11h30 - 14h00', '18h00 - 22h30'];;
1317;Pizzéria du Chéran;1 pl Trophée;74540;ALBY SUR CHÉRAN;04 50 68 22 62;;;;Restaurant savoyard;5.0;;;['Cuisine au feu de bois', '2 terrasses', 'Pizzeria', 'Accès wi-fi', 'Pizza à emporter', 'Repas de groupes'];['Lundi', 'Mardi', '08h30 - 14h30', '17h30 - 21h30', 'Mercredi', '08h30 - 14h30', '17h30 - 21h30', 'Jeudi', '08h30 - 14h30', '17h30 - 21h30', 'Vendredi', '08h30 - 14h30', ' 17h30 - 21h30', 'Samedi', '17h30 - 21h30', 'Dimanche'];45.817174;6.020768
1318;LBH74;pl Gare;74740;SIXT FER À CHEVAL;04 50 34 82 11;;;;;;;;;;;
1319;Pizzeria De La Gare Ekrem;219 r Gare;74130;BONNEVILLE;04 50 07 82 38;;;;Restaurant halal;5.0;;;['restaurant halal', 'Restaurants ', 'Pizzerias ', 'Pizzas à emporter '];;;
1320;L'oreille D'ours;25 r Gambetta;74210;FAVERGES SEYTHENEX;04 50 32 49 98;www.sources-lac-annecy.com;;;;;;;"['Restaurant de pâtes ', 'Panoramique ', 'Nord ', 'Accès pour personnes à mobilité réduite ', 'Au pied des pistes ', 'Billard ', 'Bowling ', 'Demi-pension ', 'Plage privée ', 'Repas de famille ', 'Séminaire ', 'Accès internet ', 'Bar à salade ', 'Crêpe ', 'Enfant ', 'Galette au sarrasin ', 'Montagne ', 'Plat du jour ', 'Produit local ', 'Péniche ', 'Restaurant barbecue ', 'Restaurant dansant ', 'Restaurant savoyard ', ""Table d'hôte "", 'Vue panoramique ']";;;
1321;Labo A Pates;343 Grand Rue;74350;CRUSEILLES;04 50 23 18 01;http://www.laboapates.fr;;;;;;;['terrasse'];['Lundi', 'Mardi', '18h00 - 22h00', 'Mercredi', '11h00 - 14h00', '18h00 - 22h00', 'Jeudi', '11h00 - 14h00', '18h00 - 22h00', 'Vendredi', '11h00 - 14h00', '18h00 - 22h00', 'Samedi', '11h00 - 14h00', '18h00 - 22h00', 'Dimanche', '11h00 - 14h00', '18h00 - 22h00'];;
1322;Hôtel des Dromonts;imm Dromonts Avoriaz 40 pl Dromonts;74110;MORZINE;04 56 44 57 00;http://www.hoteldesdromonts.com;;;;;;;"[""Nombre d'étages : 4"", 'Coffre-fort à la réception', 'Personnel multilingue', 'Soins de remise en forme sur place', 'Terrasse', 'Sauna', 'Bar/salon', 'Bain à remous', 'Salle(s) de soins spa', 'Salle de fitness', 'Petit-déjeuner disponible (en supplément)', 'Local à skis', 'Ascenseur', 'Accès direct aux pistes', 'Hammam', 'Nombre de bâtiments : 1', 'Accès Internet Wi-Fi gratuit', 'Restaurant', 'Nombre total de chambres : 34', 'Hôtels ', 'Restaurants ']";['Lundi', '09h00 - 20h00', 'Mardi', '09h00 - 20h00', 'Mercredi', '09h00 - 20h00', 'Jeudi', '09h00 - 20h00', 'Vendredi', '09h00 - 20h00', 'Samedi', '09h00 - 20h00', 'Dimanche', '09h00 - 20h00'];;
1323;Restaurant Akashon;50 pl Aiguille du Midi;74400;CHAMONIX MONT BLANC;04 58 10 03 04;http://restaurant-akashon.com/contact/;;;;;"['ENTRÉE DU JOUR', ""LE CAVIAR D'AQUITAINE ET OEUF CUISSON PARFAITE"", 'LA VIANDE DU JOUR', 'LE POISSON DU JOUR', ""L'ANANAS CONFIT À LA VANILLE BOURBON"", ""L'ASSIETTE DE FROMAGES""]";['14\xa0 €', '22\xa0 €', '21\xa0 €', '21\xa0 €', '10\xa0 €', '12\xa0 €'];['31-45 euros '];['Lundi', '19h00 - 22h00', 'Mardi', '19h00 - 22h00', 'Mercredi', '19h00 - 22h00', 'Jeudi', '19h00 - 22h00', 'Vendredi', '19h00 - 22h00', 'Samedi', '19h00 - 22h00', 'Dimanche', '19h00 - 22h00'];;
1324;La Table Savoyarde;211 rte Linga;74390;CHÂTEL;04 50 81 37 50;;;;restaurant savoyard;5.0;['fondue au fromage', 'raclette', 'entrecote', 'filet de cannette'];['16,90 €', '19,50 €', '20,90 €', '20,90 €'];['terrasse', 'facilité bébé'];['Lundi', '12h00 - 13h30', '19h00 - 20h30', 'Mardi', '12h00 - 13h30', '19h00 - 20h30', 'Mercredi', 'Jeudi', '12h00 - 13h30', '19h00 - 20h30', 'Vendredi', '12h00 - 13h30', '19h00 - 20h30', 'Samedi', '12h00 - 13h30', '19h00 - 20h30', 'Dimanche', '12h00 - 13h30', '19h00 - 20h30'];46.26509;6.84069
1325;La Baratte SARL;les Nants;74320;LESCHAUX;04 50 32 03 58;www.facebook.com;;;restaurant savoyard;5.0;;;['cheminée', 'animaux acceptés', 'terrasse', 'parking', 'facilité bébé', 'restaurant repas de groupe', 'accès handicapés'];['Lundi', 'Mardi', 'Mercredi', '12h00 - 14h00\n ', 'Jeudi', '12h00 - 14h00', '19h00 - 21h00', 'Vendredi', '12h00 - 14h00', '19h00 - 21h00', 'Samedi', '12h00 - 14h00', '19h00 - 21h00', 'Dimanche', '12h00 - 14h00'];;
1326;Duvernois Christophe;16 Grande Rue;74910;SEYSSEL;04 50 56 16 85;;;;;;;;['pizzeria', 'animaux acceptés'];;;
1327;Le Monchu;Lieu Dit Lac De Vonnes 1261 rte Vonnes;74390;CHÂTEL;04 50 73 28 51;;;;;;;;['animaux acceptés', 'terrasse', 'parking', 'facilité bébé', 'restaurant repas de groupe'];;;
1328;Lugrin De Sel;29 rte Nationale;74500;LUGRIN;07 87 13 58 29;http://www.refletsdulac.com;;;;;;;['animaux acceptés', 'terrasse', 'parking', 'restaurant repas de groupe', 'accès handicapés', 'wifi'];['Lundi', 'Mardi', '12h00 - 13h30', '19h00 - 21h30', 'Mercredi', '12h00 - 13h30', '19h00 - 21h30', 'Jeudi', '12h00 - 13h30', '19h00 - 21h30', 'Vendredi', '12h00 - 13h30', '19h00 - 21h30', 'Samedi', '12h00 - 13h30', '19h00 - 21h30', 'Dimanche', '12h00 - 13h30'];;
1329;La Storia;Les Reflets Du Thiou 13 av Harmonies;74960;CRAN GEVRIER;04 50 67 90 97;;;;restaurant italien;5.0;;;['Italienne '];['Lundi', 'Mardi', '12h00 - 14h00', '19h00 - 21h30', 'Mercredi', '12h00 - 14h00', '19h00 - 21h30', 'Jeudi', '12h00 - 14h00', '19h00 - 21h30', 'Vendredi', '12h00 - 14h00', '19h00 - 21h30', 'Samedi', '12h00 - 14h00', '19h00 - 21h30', 'Dimanche'];;
1330;Le Colibri;55 pl gare;74890;BONS EN CHABLAIS;04 50 87 23 80;http://www.hotel-restaurant-chablais-geneve.com/brasserie-le-colibri-bons-en-chablais;;;cuisine française;5.0;;;['animaux acceptés', 'terrasse', 'facilité bébé', 'restaurant repas de groupe'];['Lundi', '07h00 - 15h00', 'Mardi', '07h00 - 15h00', '16h30 - 00h00', 'Mercredi', '07h00 - 15h00', '16h30 - 00h00', 'Jeudi', '07h00 - 15h00', '16h30 - 00h00', 'Vendredi', '07h00 - 15h00', '16h30 - 00h00', 'Samedi', '07h00 - 15h00', '16h30 - 00h00', 'Dimanche'];;
1331;Restaurant Crêperie Del'ys;16 pl Hôtel de Ville;74150;RUMILLY;04 50 32 93 72;http://creperie-rumilly.com;;;cuisine française;5.0;;;['crêperie'];;;
1332;Merhab Abdélkader;9 r Morette;74000;ANNECY;09 51 57 06 38;;;;;;;;;;;
1333;Jmc;chemin forestier Lieu;74390;CHÂTEL;09 63 64 37 32;;;;;;;;;;;
1334;Pizza Pizza;11 av Thony;74500;EVIAN LES BAINS;04 50 84 40 91;www.facebook.com;;;;;;;['pizzeria'];;;
1335;L'Epic;49 pl République;74800;LA ROCHE SUR FORON;04 50 03 19 05;www.facebook.com;;;;;;;;;;
1336;Pizza San Marco;Metz Tessy 119 r Grands Champs;74330;EPAGNY METZ TESSY;06 86 61 63 09;http://www.pizza-sanmarco.fr;;;;;;;['Italienne '];['Lundi', '18h00 - 21h30', 'Mardi', 'Mercredi', '18h00 - 21h30', 'Jeudi', '18h00 - 21h30', 'Vendredi', '18h00 - 21h30', 'Samedi', '18h00 - 21h30', 'Dimanche', ' 18h00 - 21h30'];;
1337;Bénélise;2 r Chablais;74200;THONON LES BAINS;04 50 84 19 13;www.facebook.com;;;;;['Planche Charcuteries', 'Planche Découverte', 'Tarte du jour et salade'];['14\xa0 €', '14\xa0 €', '7\xa0 €'];['16-20 euros '];['Lundi', '18h00 - 22h00', 'Mardi', '11h30 - 14h00', '18h00 - 22h00', 'Mercredi', '11h30 - 14h00', '18h00 - 22h00', 'Jeudi', '11h30 - 14h00', '18h00 - 22h00', 'Vendredi', '11h30 - 14h00\n ', '18h00 - 22h00', 'Samedi', '11h30 - 14h00', '18h00 - 22h00', 'Dimanche'];;
1338;Restaurant Altiport De Megève;3368 rte Côte 2000;74120;MEGÈVE;04 50 21 31 57;www.facebook.com;;;;;;;['Aérodromes ', 'Restaurants '];['Lundi', '09h00 - 18h00', 'Mardi', '09h00 - 18h00', 'Mercredi', 'Jeudi', '09h00 - 18h00', 'Vendredi', '09h00 - 18h00', 'Samedi', ' 09h00 - 18h00', 'Dimanche', '09h00 - 18h00'];;
1339;Pizza Fresca;15 r Granges;74200;THONON LES BAINS;04 50 71 38 47;http://www.pizza-fresca-thonon.fr;;;cuisine française;5.0;;;['pizzeria', 'plat à emporter', 'terrasse', 'parking', 'facilité bébé', 'restaurant repas de groupe', 'accès handicapés', 'wifi'];['Lundi', '11h00 - 13h30', '18h00 - 21h45', 'Mardi', '11h00 - 13h30', '18h00 - 21h45', 'Mercredi', '11h00 - 13h30', '18h00 - 21h45', 'Jeudi', '11h00 - 13h30', '18h00 - 21h45', 'Vendredi', '11h00 - 13h30', '18h00 - 21h45', 'Samedi', '11h00 - 13h30', '18h00 - 21h45', 'Dimanche'];;
1340;La Table D'Hôtes Savoie;285 rte N-D de La Gorge;74170;LES CONTAMINES MONTJOIE;04 50 91 35 73;http://tabledhotesavoie.fr;;;cuisine française;5.0;;;"['organisation de réception', 'plat à emporter', 'animaux acceptés', 'terrasse', ""repas d'affaire"", 'facilité bébé', 'Zone fumeur', 'Label Qualité Tourisme', 'restaurant repas de groupe', 'accès handicapés']";['Lundi', '19h00 - 21h00', 'Mardi', '19h00 - 21h00', 'Mercredi', '19h00 - 21h00', 'Jeudi', '19h00 - 21h00', 'Vendredi', '19h00 - 21h00', 'Samedi', '19h00 - 21h00', 'Dimanche', '19h00 - 21h00'];;
1341;Hôtel De L'Arve;70 r Pont;74130;BONNEVILLE;04 50 97 01 28;;;;;;;;['Restauration ', 'Hôtels 2* ', 'Hôtels ', 'Restaurants '];['Lundi', '07h00 - 22h00', 'Mardi', '07h00 - 22h00', 'Mercredi', '07h00 - 22h00', 'Jeudi', '07h00 - 22h00', 'Vendredi', '07h00 - 15h00', 'Samedi', 'Dimanche', '08h00 - 15h00'];;
1342;Fanara Jean-Marc;2637 rte Leutaz;74120;MEGÈVE;09 66 12 07 61;;;;;;;;;;;
1343;CHEZ LINO;66 rte Fruitière;74650;CHAVANOD;04 50 19 01 06;;;;;;;;;;;
1344;Le Grand Café;pl Ste Claire;74000;ANNECY;04 50 52 81 15;www.legrandcafe-annecy.com;;;Cuisine française;5.0;;;['Animaux acceptés', 'Parking', 'Restaurant repas de groupe', 'Wifi', 'Dîner spectacle', 'Accès handicapés', 'Terrasse'];['Lundi', '09h00 - 02h00', 'Mardi', '09h00 - 02h00', 'Mercredi', '09h00 - 02h00', 'Jeudi', '09h00 - 02h00', 'Vendredi', '09h00 - 02h00', 'Samedi', '09h00 - 02h00', 'Dimanche', '09h00 - 02h00'];;
1345;La Maison du Burger Mid'Night;23 r Doct Paccard;74400;CHAMONIX MONT BLANC;04 50 53 44 10;www.facebook.com;;;;;;;['plat à emporter', 'animaux acceptés', 'terrasse'];['Lundi', '10h30 - 02h00', 'Mardi', '10h30 - 02h00', 'Mercredi', '10h30 - 02h00', 'Jeudi', '10h30 - 02h00', 'Vendredi', '10h30 - 02h00', 'Samedi', '10h30 - 02h00', 'Dimanche', '10h30 - 02h00'];45.920692;6.867049
1346;La Roulotte;414 r Joseph Vallot;74400;CHAMONIX MONT BLANC;06 59 56 62 38;http://www.pizzaslaroulotte-chamonix.com;;;;;;;['Italienne '];;;
1347;Vinistrot;12 r Perrière;74000;ANNECY;04 50 45 51 76;www.facebook.com/pages/Vinistrot/833991496669885;;;;;;;['10-15 euros '];['Lundi', '12h00 - 00h00', 'Mardi', '12h00 - 00h00', 'Mercredi', '12h00 - 00h00\n ', 'Jeudi', '12h00 - 00h00', 'Vendredi', '12h00 - 00h00', 'Samedi', '12h00 - 00h00', 'Dimanche', '12h00 - 00h00'];;
1348;Bar Le National;plan Avoz;74430;SAINT JEAN D'AULPS;09 62 61 49 66;;;;;;;;;;;
1349;Shahzada;résid La Marjolaine rd-pt 5 Chemins;74140;VEIGY FONCENEX;04 50 95 53 01;http://www.shahzada.fr;;;;;;;"['terrasse', ""repas d'affaire"", 'gastronomique', 'facilité bébé', 'wifi', 'organisation de réception', 'plat à emporter', 'animaux acceptés', 'livraison à domicile', 'parking', 'restaurant repas de groupe', 'accès handicapés', 'climatisation']";['Lundi', '11h30 - 14h30', '18h00 - 22h30', 'Mardi', '11h30 - 14h30', '18h00 - 22h30', 'Mercredi', '11h30 - 14h30', '18h00 - 22h30', 'Jeudi', '11h30 - 14h30', '18h00 - 22h30', 'Vendredi', '11h30 - 14h30', '18h00 - 22h30', 'Samedi', '11h30 - 14h30', '18h00 - 22h30', 'Dimanche', '11h30 - 14h30', '18h00 - 22h30'];;
1350;La Chavinette;109 pl Eglise;74220;LA CLUSAZ;06 77 88 57 69;fr-fr.facebook.com;;;restauration rapide;5.0;;;['plat à emporter', 'animaux acceptés', 'parking', 'wifi'];['Lundi', 'Mardi', '11h30 - 15h30', 'Mercredi', '11h30 - 15h30', 'Jeudi', '11h30 - 15h30', 'Vendredi', 'Samedi', 'Dimanche', '11h30 - 15h30'];;
1351;Restaurant L'Etable;2 rte Communailles;74170;SAINT GERVAIS LES BAINS;04 50 93 10 93;;;;;;;;"['organisation de réception', 'terrasse', 'parking', ""repas d'affaire"", 'restaurant repas de groupe']";;;
1352;Le Kiosque à Pizzas MAEMAT;Parking Station De Lavage La Cambuse 145 rte Vers les Granges;74500;VINZIER;04 50 81 77 14;http://www.le-kiosque-a-pizzas.com;;;;;;;['Inférieur à 10 euros '];['Lundi', '11h00 - 13h30', '17h30 - 21h30', 'Mardi', '11h00 - 13h30', '17h30 - 21h30', 'Mercredi', '11h00 - 13h30', '17h30 - 21h30', 'Jeudi', '11h00 - 13h30', '17h30 - 21h30', 'Vendredi', '11h00 - 13h30', '17h30 - 21h30', 'Samedi', '11h00 - 13h30', '17h30 - 21h30', 'Dimanche', '11h00 - 13h30', '17h30 - 21h30'];;
1353;La Salamandre;210 all Crets D'Acier;74160;ARCHAMPS;06 46 27 31 34;;;;;;;;;['Lundi', '17h30 - 20h30', 'Mardi', '11h00 - 13h00', '17h30 - 20h00', 'Mercredi', '11h00 - 14h00', 'Jeudi', 'Vendredi', '11h00 - 14h00', 'Samedi', 'Dimanche'];;
1354;La Crémaillère;4880 rte Lindarets;74110;MONTRIOND;04 50 74 11 68;;;;cuisine française;5.0;;;"['cheminée', 'organisation de réception', 'restaurant végétarien', 'plat à emporter', 'animaux acceptés', 'restaurant végétalien', 'terrasse', 'parking', ""repas d'affaire"", 'facilité bébé', 'service continu', 'restaurant repas de groupe']";['Lundi', '12h00 - 15h00', '19h00 - 20h30', 'Mardi', '12h00 - 15h00', '19h00 - 20h30', 'Mercredi', '12h00 - 15h00', '19h00 - 20h30', 'Jeudi', '12h00 - 15h00', '19h00 - 20h30', 'Vendredi', '12h00 - 15h00\n ', '19h00 - 20h30', 'Samedi', '12h00 - 15h00', '19h00 - 20h30', 'Dimanche', '12h00 - 15h00', '19h00 - 20h30'];;
1355;Indian Gandhi;649 av Alpages;74310;LES HOUCHES;04 50 54 63 96;www.restaurantgandhi.fr;;;;;;;['animaux acceptés', 'parking', 'facilité bébé', 'restaurant repas de groupe', 'Restaurants ', 'Restaurants indiens '];['Lundi', '19h00 - 00h00', 'Mardi', '12h00 - 15h00', '19h00 - 00h00', 'Mercredi', '12h00 - 15h00', '19h00 - 00h00', 'Jeudi', '12h00 - 15h00', '19h00 - 00h00', 'Vendredi', '12h00 - 15h00', '19h00 - 00h00', 'Samedi', '12h00 - 15h00', '19h00 - 00h00', 'Dimanche', '12h00 - 15h00', '19h00 - 00h00'];;
1356;Turquoise Kebab - Star Kebab Star Kebab;48 r Montpellaz;74150;RUMILLY;07 70 19 61 58;;;;kebab;1.0;;;['kebab', 'plat à emporter', 'animaux acceptés', 'terrasse', 'service continu', 'restaurant halal'];['Lundi', '11h00 - 14h00\n ', '17h00 - 23h00', 'Mardi', '11h00 - 14h00', '17h00 - 23h00', 'Mercredi', '11h00 - 14h00', '17h00 - 23h00', 'Jeudi', '11h00 - 14h00', '17h00 - 23h00', 'Vendredi', '11h00 - 14h00', '17h00 - 23h00', 'Samedi', '11h00 - 14h00', '17h00 - 23h00', 'Dimanche', '17h00 - 23h00'];;
1357;Restaurant La Boheme;97 pl Grenette;74450;LE GRAND BORNAND;04 50 02 27 93;http://www.legrandbornand.com/restaurant-la-boheme.html;;;cuisine française;1.0;;;['restaurant sans gluten', 'restaurant végétarien', 'plat à emporter', 'animaux acceptés', 'terrasse', 'parking', 'facilité bébé', 'restaurant repas de groupe', 'accès handicapés', 'climatisation'];['Lundi', '12h00 - 14h00', '19h00 - 22h00', 'Mardi', '12h00 - 14h00', '19h00 - 22h00', 'Mercredi', '12h00 - 14h00', '19h00 - 22h00', 'Jeudi', '12h00 - 14h00', '19h00 - 22h00', 'Vendredi', '12h00 - 14h00', '19h00 - 22h00', 'Samedi', '12h00 - 14h00', '19h00 - 22h00', 'Dimanche', '12h00 - 14h00', '19h00 - 22h00'];;
1358;Les Grands Prés;227 r Louis Armand;74300;CLUSES;04 50 96 49 53;www.facebook.com;;;;;;;;['Lundi', '13h30 - 15h00', 'Mardi', '13h30 - 15h00', 'Mercredi', '13h30 - 15h00', 'Jeudi', '13h30 - 15h00', 'Vendredi', '13h30 - 15h00', 'Samedi', 'Dimanche'];;
1359;PATONY RESTO;580 av Victor Hugo;74800;AMANCY;04 50 03 75 01;;;;;;;;;;;
1360;Du Salé Du Sucré;204 av Michel Croz;74400;CHAMONIX MONT BLANC;09 83 48 38 08;;;;cuisine française;5.0;;;['crêperie', 'plat à emporter', 'service continu', 'restaurant repas de groupe'];['Lundi', '11h30 - 19h30', 'Mardi', '11h30 - 19h30', 'Mercredi', ' 11h30 - 19h30', 'Jeudi', '11h30 - 19h30', 'Vendredi', '11h30 - 19h30', 'Samedi', '11h30 - 19h30', 'Dimanche', '11h30 - 19h30'];45.923084;6.872405
1361;Aris;1608 rte Nationale;74120;MEGÈVE;09 63 22 57 59;http://rakuichi.eu;;;;;;;['Asiatique ', 'Japonaise ', '16-20 euros ', 'Restauration rapide '];;;
1362;Grill Le Gron;10 chem Gron;74300;ARÂCHES LA FRASSE;04 50 18 62 12;;;;cuisine française;3.0;;;['terrasse', 'parking', 'accès handicapés'];['Lundi', '18h30 - 00h00', 'Mardi', '18h30 - 00h00', 'Mercredi', '18h30 - 00h00', 'Jeudi', '18h30 - 00h00', 'Vendredi', '18h30 - 00h00', 'Samedi', '18h30 - 00h00', 'Dimanche', '18h30 - 00h00'];46.02498;6.641079
1363;Refuge de Pré Verel;Route Du Col De L'aulp Talloires Montmin;74210;TALLOIRES MONTMIN;06 07 13 50 72;http://www.preverel.info;;;;;;;['Refuges de montagne ', 'Infrastructures de sports et loisirs ', 'Restaurants '];['Lundi', '12h00 - 14h00', '19h00 - 22h00', 'Mardi', '12h00 - 14h00', '19h00 - 22h00', 'Mercredi', '12h00 - 14h00', '19h00 - 22h00', 'Jeudi', '12h00 - 14h00', '19h00 - 22h00', 'Vendredi', ' 12h00 - 14h00', '19h00 - 22h00', 'Samedi', '12h00 - 14h00', '19h00 - 22h00', 'Dimanche', '12h00 - 14h00', '19h00 - 22h00'];;
1364;Restaurant Bar La Tanière;67 Pl Jean Vuarnet 67 rte Accueil;74110;MORZINE;04 50 74 13 10;http://www.lataniere-avoriaz.fr;;;cuisine française;2.0;;;['pizzeria', 'cheminée', 'plat à emporter', 'terrasse', 'wifi'];['Lundi', '08h00 - 19h00', 'Mardi', '08h00 - 19h00', 'Mercredi', '08h00 - 19h00', 'Jeudi', '08h00 - 19h00', 'Vendredi', '08h00 - 19h00', 'Samedi', '08h00 - 19h00', 'Dimanche', '08h00 - 19h00'];;
1365;Tibetan Café;28 Taille de Mas du Pleney;74110;MORZINE;06 25 54 55 01;http://www.tibetan-cafe-morzine.com;;;;;;;;;;
1366;AURE VALERIE;Epagny 29 rte Poisy;74330;EPAGNY METZ TESSY;06 18 05 45 31;;;;;;;;;;;
1367;H Et L;77 r Verdun;74700;SALLANCHES;04 50 78 52 64;http://www.restaurant-chinawok.fr;;;;;;;['Sièges sociaux ', 'Restaurants '];['Lundi', '12h00 - 14h30', '19h00 - 22h30', 'Mardi', '12h00 - 14h30', '19h00 - 22h30', 'Mercredi', '12h00 - 14h30', '19h00 - 22h30', 'Jeudi', '12h00 - 14h30', '19h00 - 22h30', 'Vendredi', '12h00 - 14h30', '19h00 - 22h30', 'Samedi', '12h00 - 14h30', '19h00 - 22h30', 'Dimanche', '12h00 - 14h30', '19h00 - 22h30'];;
1368;Collomb;20 pl Gabriel Fauré;74000;ANNECY LE VIEUX;04 50 23 09 90;http://www.le-clocher.com;;;cuisine française;2.0;['Barrette detonante au chocolat noir amer et fruit de la passion, laque de framboises, sorbet framboise', 'Délice coulant au chocolat extrabitter guayaquil, confit de framboises, glace vanille', 'Escalope de foie gras poêlé et son chaud froid de sorbet pabana, tartare de mangue, jus au soho', 'Fricassée de cuisses de grenouilles decortiquées et morilles servie en cocotte surprise', 'Linguine et demihomard, émulsion de muscade, tomates fraiches, basilic et copeaux de truffes', 'Papillote de bar à la provençale'];['8,9 €', '8,9 €', '13 €', '15,5 €', '28 €', '24 €'];['animaux acceptés', 'terrasse', 'livraison à domicile', 'parking', 'Zone fumeur', 'facilité bébé', 'restaurant repas de groupe', 'accès handicapés', 'wifi', 'chef à domicile'];['Lundi', '12h00 - 14h00', '19h30 - 22h00', 'Mardi', '12h00 - 14h00', '19h30 - 22h00', 'Mercredi', '12h00 - 14h00', '19h30 - 22h00', 'Jeudi', '12h00 - 14h00', '19h30 - 22h00', 'Vendredi', '12h00 - 14h00', '19h30 - 22h30', 'Samedi', ' 12h00 - 14h00', '19h30 - 22h30', 'Dimanche', '12h00 - 14h00', '19h30 - 22h00'];;
1369;Crescendo Restauration;Ccal Carrefour av Georges Clemenceau;74300;CLUSES;04 50 98 42 30;http://www.crescendo-restauration.fr;;;cuisine française;4.0;;;['animaux acceptés', 'parking', 'facilité bébé', 'restaurant repas de groupe', 'accès handicapés', 'climatisation', 'wifi'];['Lundi', '09h00 - 22h00', 'Mardi', '09h00 - 22h00', 'Mercredi', '09h00 - 22h00', 'Jeudi', '09h00 - 22h00', 'Vendredi', '09h00 - 22h00', 'Samedi', '09h00 - 22h00', 'Dimanche', '09h00 - 22h00'];;
1370;Margot;30 pl Balmat;74400;CHAMONIX MONT BLANC;04 50 53 67 72;;;;;;;;;['Lundi', '11h00 - 22h30', 'Mardi', '11h00 - 22h30', 'Mercredi', '11h00 - 22h30', 'Jeudi', '11h00 - 22h30', 'Vendredi', '11h00 - 22h30', 'Samedi', '11h00 - 22h30', 'Dimanche', '11h00 - 22h30'];;
1371;Sushi Kyo;Ccal Val Semnoz 20 av Periaz;74600;SEYNOD;04 50 09 69 64;http://sushikyoannecy.site-solocal.com;['Menu 24 – Sashimi, sushi: Soupe, salade, riz, 4 sushi assortis, 6 california saumon, 9 sashimi assortis : '];['19.50 € €'];cuisine française;4.0;;;['plat à emporter', 'animaux acceptés', 'terrasse', 'parking', 'Zone fumeur', 'facilité bébé', 'restaurant repas de groupe', 'accès handicapés', 'Suhi à emporter', 'climatisation'];['Lundi', '00h00 - 00h30', '11h30 - 14h30', '18h30 - 23h30', 'Mardi', '11h30 - 14h30', '18h30 - 23h30', 'Mercredi', '11h30 - 14h30', '18h30 - 23h30', 'Jeudi', '11h30 - 14h30', '18h30 - 23h30', 'Vendredi', '11h30 - 14h30', '18h30 - 23h30', 'Samedi', '11h30 - 15h30', '17h30 - 00h00', 'Dimanche', '00h00 - 00h30', '11h30 - 15h30', '17h30 - 00h00'];;
1372;La Coupole;15 bd Corniche;74000;ANNECY;04 50 51 43 84;www.lestresoms.com;;;;;;;['Panoramique ', 'Accès pour personnes à mobilité réduite ', 'Bar à vin ', 'Billard ', 'Bowling ', 'Demi-pension ', 'Parking ', 'Salle de réunion ', 'Soirée oenologique ', 'Animation spectacle ', 'Brasserie ', 'Enfant ', 'Menu de fêtes ', 'Montagne ', 'Produit local ', 'Saint jacques ', 'Vue panoramique ', 'Événement professionnel '];['Lundi', '19h00 - 22h00', 'Mardi', '19h00 - 22h00', 'Mercredi', '19h00 - 22h00', 'Jeudi', ' 19h00 - 22h00', 'Vendredi', '19h00 - 22h00', 'Samedi', 'Dimanche'];;
1373;Le National;3 r Doct Paccard;74400;CHAMONIX MONT BLANC;04 50 53 02 23;www.facebook.com;;;cuisine française;5.0;;;['plat à emporter', 'animaux acceptés', 'terrasse', 'restaurant repas de groupe', 'accès handicapés', 'climatisation', 'wifi', 'Restaurants ', 'Cafés, bars '];['Lundi', '10h00 - 23h00', 'Mardi', '10h00 - 23h00', 'Mercredi', '10h00 - 23h00', 'Jeudi', '10h00 - 23h00', 'Vendredi', '10h00 - 23h00', 'Samedi', '10h00 - 23h00', 'Dimanche', '10h00 - 23h00'];;
1374;Bsd;16 pl Allobroges;74300;CLUSES;04 50 34 02 21;;;;;;;;;;;
1375;Collomb;20 pl Gabriel Fauré;74000;ANNECY LE VIEUX;04 50 23 09 90;http://www.le-clocher.com;;;cuisine française;2.0;['Barrette detonante au chocolat noir amer et fruit de la passion, laque de framboises, sorbet framboise', 'Délice coulant au chocolat extrabitter guayaquil, confit de framboises, glace vanille', 'Escalope de foie gras poêlé et son chaud froid de sorbet pabana, tartare de mangue, jus au soho', 'Fricassée de cuisses de grenouilles decortiquées et morilles servie en cocotte surprise', 'Linguine et demihomard, émulsion de muscade, tomates fraiches, basilic et copeaux de truffes', 'Papillote de bar à la provençale'];['8,9 €', '8,9 €', '13 €', '15,5 €', '28 €', '24 €'];['animaux acceptés', 'terrasse', 'livraison à domicile', 'parking', 'Zone fumeur', 'facilité bébé', 'restaurant repas de groupe', 'accès handicapés', 'wifi', 'chef à domicile'];['Lundi', '12h00 - 14h00', '19h30 - 22h00', 'Mardi', '12h00 - 14h00', '19h30 - 22h00', 'Mercredi', '12h00 - 14h00', '19h30 - 22h00', 'Jeudi', '12h00 - 14h00', '19h30 - 22h00', 'Vendredi', '12h00 - 14h00', '19h30 - 22h30', 'Samedi', '12h00 - 14h00', '19h30 - 22h30', 'Dimanche', '12h00 - 14h00', '19h30 - 22h00'];;
1376;Italian Pizza;Parking Garage Bocquet 719 rte Bellegarde, Epagny;74330;EPAGNY METZ TESSY;06 28 82 88 22;;;;;;;;['Restaurants ', 'Pizzas à emporter '];['Lundi', 'Mardi', '11h00 - 13h30', '17h30 - 21h30', 'Mercredi', '11h00 - 13h30', '17h30 - 21h30', 'Jeudi', '11h00 - 13h30', '17h30 - 21h30', 'Vendredi', '11h00 - 13h30', ' 17h30 - 21h30', 'Samedi', '11h00 - 13h30', '17h30 - 21h30', 'Dimanche', '17h00 - 21h15'];;
1377;L'Orientalis;49 quai Paul Léger;74500;EVIAN LES BAINS;04 50 92 44 82;;;;;;['Soupe Harira', 'Taktouka', 'Couscous Royal', 'Couscous Végétarien', 'Crème Brûlée à la Rose', 'Magnifique patisseries Orientales du Liban , Maroc ,Syrie etccBaklawa , makrout , djejeriette pistache , amande etc .....'];['7\xa0 €', '8\xa0 €', '26.5\xa0 €', '17\xa0 €', '6\xa0 €', '2.8\xa0 €'];['Méditerranéenne ', '31-45 euros '];['Lundi', '12h00 - 13h45', '19h00 - 22h00', 'Mardi', ' 12h00 - 13h45', '19h00 - 22h00', 'Mercredi', 'Jeudi', '12h00 - 13h45', '19h00 - 22h00', 'Vendredi', '12h00 - 13h45', '19h00 - 22h00', 'Samedi', '12h00 - 13h45', '19h00 - 22h00', 'Dimanche', '12h00 - 13h45', '19h00 - 22h00'];;
1378;Buvette des Mottets;Pas Mottets Buvette Du Rocher Mottets 365 chem Cry;74400;CHAMONIX MONT BLANC;06 80 95 30 87;http://buvettemottets.wixsite.com/nature;;;;;;;;;;
1379;Mamma Rosa;117 r Genève;74240;GAILLARD;04 50 92 31 83;;;;;;;;['plat à emporter', 'animaux acceptés', 'terrasse', 'parking', 'facilité bébé', 'restaurant repas de groupe', 'climatisation'];['Lundi', '10h00 - 14h00', '17h00 - 22h00', 'Mardi', '10h00 - 14h00', '17h00 - 22h00', 'Mercredi', 'Jeudi', '10h00 - 14h00', '17h00 - 22h00', 'Vendredi', '10h00 - 14h00', '17h00 - 22h00', 'Samedi', '10h00 - 14h00', '17h00 - 22h00', 'Dimanche'];;
1380;HERMANOS;6 pl Jean Jacques Rousseau;74100;ANNEMASSE;09 75 24 02 53;;;;;;;;;;;
1381;Auberge Du Petit Savoyard;Pont De Fillinges 20 rte Chef Lieu;74250;FILLINGES;04 50 36 45 60;www.petit-savoyard.com;;;grill;1.0;;;['grill', 'parking', 'restaurant repas de groupe'];['Lundi', 'Mardi', 'Mercredi', '20h00 - 04h00', 'Jeudi', '20h00 - 04h00', 'Vendredi', ' 20h00 - 04h00', 'Samedi', '20h00 - 04h00', 'Dimanche', '20h00 - 04h00'];;
1382;Hôtel Restaurant De La Plage;av Plage;74140;EXCENEVEX;04 50 72 81 12;http://hoteldelaplage-excenevex.com;;;;;;;['restaurant', 'Hôtels ', 'Restaurants '];['Lundi', '08h00 - 22h00', 'Mardi', '08h00 - 22h00', 'Mercredi', ' 08h00 - 22h00', 'Jeudi', '08h00 - 22h00', 'Vendredi', '08h00 - 22h00', 'Samedi', '08h00 - 22h00', 'Dimanche', '08h00 - 22h00'];;
1383;FLAMY S CAFE JESSYL SARL;imm Le Cypierre 9 rd-pt Crusaz;74110;MORZINE;04 58 66 11 36;;;;;;;;;;;
1384;Le Dauphin;12 r Platanes;74100;ANNEMASSE;04 50 92 38 25;;;;cuisine du monde;5.0;;;"['organisation de réception', 'plat à emporter', 'animaux acceptés', 'terrasse', ""repas d'affaire"", 'restaurant repas de groupe', 'brasserie']";['Lundi', '07h30 - 19h00', 'Mardi', '07h30 - 19h00', 'Mercredi', '07h30 - 19h00', 'Jeudi', '07h30 - 19h00', 'Vendredi', '07h30 - 19h00', 'Samedi', '07h30 - 19h00', 'Dimanche'];;
1385;Anthoine-Milhomme Yves;rte Glières;74130;LE PETIT BORNAND LES GLIÈRES;04 50 22 47 60;;;;;;;;['Élevages de bovins ', 'Restaurants '];;;
1386;La ferme de Paul et Mimi;rte Col du Feu;74470;LULLIN;04 50 73 81 09;;;;ferme-auberge;1.0;;;['Animaux acceptés', 'Ferme-auberge', 'Parking', 'Restaurant repas de groupe', 'Terrasse'];;;
1387;Annapurna;62 av Ravanel le Rouge;74400;CHAMONIX MONT BLANC;04 50 55 81 39;http://www.annapurna-chamonix.com;;;;;;;['restaurant sans gluten', 'plat à emporter', 'restaurant végétarien', 'animaux acceptés', 'terrasse', 'restaurant végétalien', 'livraison à domicile', 'restaurant repas de groupe', 'accès handicapés'];['Lundi', '19h00 - 22h30', 'Mardi', '19h00 - 22h30', 'Mercredi', '12h00 - 15h00', '19h00 - 22h30', 'Jeudi', '12h00 - 15h00', '19h00 - 22h30', 'Vendredi', '12h00 - 15h00', '19h00 - 22h30', 'Samedi', '12h00 - 15h00', '19h00 - 22h30', 'Dimanche', '12h00 - 15h00', '19h00 - 22h30'];;
1388;Cosmopolitan Bar;In The Hilton Hotel quai Paul Léger;74500;EVIAN LES BAINS;04 50 84 60 20;;;;;;;;['Cuisine française '];;;
1389;Le Clos Savoyard;335 rte Clos;74360;LA CHAPELLE D'ABONDANCE;04 50 70 26 70;http://www.le-clos-savoyard.com/index.php/fr;;;;;;;;;;
1390;LE TASSET;15 av Pont de Tasset;74960;MEYTHET;09 55 17 03 92;;;;;;;;['animaux acceptés', 'terrasse', 'parking', 'restaurant repas de groupe', 'accès handicapés', 'climatisation'];['Lundi', '12h00 - 14h30', 'Mardi', '12h00 - 14h30', 'Mercredi', '12h00 - 14h30', 'Jeudi', '12h00 - 14h30', 'Vendredi', '12h00 - 14h30', 'Samedi', 'Dimanche'];;
1391;LA GRIGNOTTE;imm Alp Airelles;74110;MORZINE;04 50 74 39 91;;;;;;;;['pizzeria', 'kebab', 'plat à emporter', 'animaux acceptés', 'terrasse', 'facilité bébé', 'service continu', 'restaurant halal', 'accès handicapés'];['Lundi', '12h00 - 22h30', 'Mardi', '12h00 - 22h30', 'Mercredi', '12h00 - 22h30', 'Jeudi', '12h00 - 22h30', 'Vendredi', '12h00 - 22h30', 'Samedi', '12h00 - 22h30', 'Dimanche', '12h00 - 22h30'];;
1392;Babou;Chef Lieu 2630 rte Bauges;74540;GRUFFY;04 50 77 50 89;;;;;;;;;['Lundi', '07h00 - 19h00', 'Mardi', '07h00 - 19h00', 'Mercredi', '07h00 - 19h00', 'Jeudi', '07h00 - 19h00', 'Vendredi', '07h00 - 19h00', 'Samedi', '08h00 - 19h00', 'Dimanche', '08h00 - 19h00'];;
1393;21 Ventuno;2 r François Vernex;74960;MEYTHET;04 50 24 42 58;www.facebook.com;;;;;;;['pizzeria', 'terrasse', 'parking', 'facilité bébé'];['Lundi', 'Mardi', '11h30 - 14h00', '17h30 - 21h30', 'Mercredi', '11h30 - 14h00', '17h30 - 21h30', 'Jeudi', '11h30 - 14h00', '17h30 - 21h30', 'Vendredi', '11h30 - 14h00', '17h30 - 21h30', 'Samedi', '17h30 - 22h00', 'Dimanche', '17h30 - 22h00'];45.914776;6.091431
1394;Buffalo Grill;Zone Industrielle La Chatelaine 22 r René Cassin;74240;GAILLARD;04 50 35 79 52;http://www.buffalo-grill.fr/restaurants/annemasse-gaillard;;;cuisine du monde;1.0;['Assiette de carpaccio', 'Mix Tapas 1 pers.', 'Barbecue Ribs Caramélisés', 'Côte de Boeuf XXL (550g)', 'Cheesecake', 'Diligence des Desserts'];['7.5\xa0 €', '6.5\xa0 €', '15.9\xa0 €', '23.5\xa0 €', '5.9\xa0 €', '7.9\xa0 €'];['animaux acceptés', 'terrasse', 'grill', 'parking', 'facilité bébé', 'restaurant repas de groupe', 'accès handicapés', 'restaurant bio', 'wifi', 'climatisation'];['Lundi', '11h30 - 15h00', '18h00 - 22h30', 'Mardi', '11h30 - 15h00', '18h00 - 22h30', 'Mercredi', '11h30 - 15h00', '18h00 - 22h30', 'Jeudi', '11h30 - 15h00', '18h00 - 22h30', 'Vendredi', '11h30 - 15h00', '18h00 - 23h00', 'Samedi', '11h30 - 23h00', 'Dimanche', '11h30 - 22h30'];;
1395;Les Agapes;1392 av Marcel Dassault;74370;ARGONAY;04 50 27 63 14;www.facebook.com;;;;;;;['animaux acceptés', 'terrasse', 'parking', 'facilité bébé', 'restaurant repas de groupe', 'accès handicapés'];['Lundi', '12h00 - 14h00', 'Mardi', '12h00 - 14h00', 'Mercredi', '12h00 - 14h00', '19h00 - 21h30', 'Jeudi', '12h00 - 14h00', '19h00 - 21h30', 'Vendredi', '12h00 - 14h00', '19h00 - 21h30', 'Samedi', '12h00 - 14h00', '19h00 - 21h30', 'Dimanche'];;
1396;L'ENTRE DEUX;Ens Zasofcar 17 r Montréal;74100;VILLE LA GRAND;04 50 49 96 78;;;;;;;;;;;
1397;Pizza Truck;940 rte Thuet;74130;BONNEVILLE;06 28 34 28 08;;;;;;;;;;;
1398;Le Bistrot;151 av Aiguille du Midi;74400;CHAMONIX MONT BLANC;04 50 53 57 64;http://www.lebistrotchamonix.com/fr;;;cuisine française;4.0;"['MAGRET DE CANARD FUMÉ MAISON, DÉCLAINAISON DE POMMES GRANNY SMITH ET BETTRAVES AU VINAIGRE BALSAMIQUE', 'RISOTTO CARNAROLI AU POTIRON ET CHÂTAIGNES, PECORINO', 'FILETS DE PERCHE CUITS MEUNIÈRE, BROCOLIS ET CHOUX FLEUR DE COULEUR SAUTÉS, CITRON CONFIT, CÂPRES ET ÉMULSION AU BEURRE NOISETTE', 'LONGE DE THON SNACKÉE, TAGLIATELLES FRAÎCHES AUX TOMATES, CÂPRES, OLIVES, BASILIC ET FENOUIL SAUTÉS', ""CARRÉ DE PORCELET RÔTI, MOUSSELINE DE POMMES DE TERRE À LA MOUTARDE À L'ANCIENNE, OIGNONS ROUGES ET CONCOMBRES EN AIGRE, DOUX"", 'PALERON DE VEAU BRAISÉ 24H PUIS FUMÉ MINUTE, POMMES DE TERRE GRENAILLES RISSOLÉES ET CHOUX VERT']";['15\xa0 €', '15\xa0 €', '26\xa0 €', '24\xa0 €', '23\xa0 €', '24\xa0 €'];['animaux acceptés', 'terrasse', 'parking', 'Zone fumeur', 'facilité bébé', 'restaurant repas de groupe', 'accès handicapés', 'wifi', 'climatisation'];['Lundi', '12h00 - 14h00', '19h00 - 23h30', 'Mardi', '12h00 - 14h00', '19h00 - 23h30', 'Mercredi', '12h00 - 14h00', '19h00 - 23h30', 'Jeudi', '12h00 - 14h00', '19h00 - 23h30', 'Vendredi', '12h00 - 14h00', '19h00 - 23h30', 'Samedi', '12h00 - 14h00', '19h00 - 23h30', 'Dimanche', '12h00 - 14h00', '19h00 - 23h30'];;
1399;Pizza U Revola;331 rte Framboises;74140;SAINT CERGUES;04 50 43 54 03;fr-fr.facebook.com;;;;;;;['pizzeria', 'animaux acceptés', 'terrasse', 'parking', 'accès handicapés', 'climatisation'];['Lundi', '12h00 - 14h00', '19h00 - 22h00', 'Mardi', '12h00 - 14h00', 'Mercredi', '12h00 - 14h00', '19h00 - 22h00', 'Jeudi', '12h00 - 14h00', '19h00 - 22h00', 'Vendredi', '12h00 - 14h00', '19h00 - 22h00', 'Samedi', '12h00 - 14h00', '19h00 - 22h00', 'Dimanche', '12h00 - 14h00'];46.248344;6.328125
1400;The Draft;121 rte Patinoire;74400;CHAMONIX MONT BLANC;09 51 34 31 11;;;;;;;;;;;
1401;Pizza San Marco;Metz Tessy 119 r Grands Champs;74330;EPAGNY METZ TESSY;06 86 61 63 09;http://www.pizza-sanmarco.fr;;;;;;;['Italienne '];['Lundi', '18h00 - 21h30', 'Mardi', 'Mercredi', '18h00 - 21h30', 'Jeudi', '18h00 - 21h30', 'Vendredi', '18h00 - 21h30', 'Samedi', '18h00 - 21h30', 'Dimanche', ' 18h00 - 21h30'];;
1402;Le Refuge Du Lac;1 pl Port;74500;EVIAN LES BAINS;04 50 70 72 60;;;;;;;;;;;
1403;Restaurant Brasserie La Voile;2 quai Paul Léger PT des Mouettes;74500;EVIAN LES BAINS;04 50 75 53 84;www.la-voile.fr;;;Cuisine française;5.0;;;['animaux acceptés', 'terrasse', 'parking', 'facilité bébé', 'Zone fumeur', 'restaurant repas de groupe', 'accès handicapés', 'climatisation'];['Lundi', '12h00 - 22h00', 'Mardi', '12h00 - 22h00', 'Mercredi', '12h00 - 22h00', 'Jeudi', '12h00 - 22h00', 'Vendredi', '12h00 - 22h00', 'Samedi', '12h00 - 22h00', 'Dimanche', '12h00 - 22h00'];46.401614;6.606329
1404;Restaurant La Combe;Les Esserts;74440;MORILLON;04 50 54 63 38;www.facebook.com;;;;;;;;;;
1405;Auberge de Colombaz;chem Colombaz;74170;LES CONTAMINES MONTJOIE;04 50 47 01 50;http://www.auberge-colombaz.fr;;;;;;;['animaux acceptés', 'terrasse', 'parking', 'accès handicapés'];;;
1406;Restaurant le Fangle;Avoriaz;74110;MORZINE;04 50 74 02 24;www.facebook.com;;;cuisine française;5.0;;;['animaux acceptés', 'terrasse'];;;
1407;La Renaissance;54 av Charles de Gaulle;74800;LA ROCHE SUR FORON;04 50 03 13 13;www.la-renaissance-sa.com;;;;;;;['Fait maison ', 'Cocktail ', 'Location de matériel de réception ', 'Location de vaisselle ', 'Repas de famille ', 'Repas de mariage ', 'Traiteur pour mariage ', 'Vente à emporter ', 'Charcutier ', 'Apéritif ', 'Traiteurs, organisation de réception ', 'Restaurants ', 'Traiteurs '];;;
1408;Une Autre Histoire;26 r Royale;74000;ANNECY;04 50 63 31 16;http://www.une-autre-histoire.com;;;cuisine française;5.0;;;['accès handicapés'];['Lundi', 'Mardi', '19h00 - 21h00', 'Mercredi', '12h00 - 13h15', '19h15 - 21h30', 'Jeudi', '12h00 - 13h15', '19h15 - 21h30', 'Vendredi', '12h00 - 13h15', '19h15 - 21h30', 'Samedi', '12h00 - 13h15', '19h15 - 21h30', 'Dimanche'];;
1409;L'Art Seyn';6 pl Hôtel de Ville;74600;SEYNOD;04 50 10 47 62;;;;Cuisine française;3.0;;;['terrasse', 'parking', 'facilité bébé', 'restaurant repas de groupe', 'accès handicapés', 'dîner spectacle', 'wifi'];['Lundi', '06h30 - 01h00', 'Mardi', '06h30 - 01h00', 'Mercredi', '06h30 - 01h00', 'Jeudi', '06h30 - 01h00', 'Vendredi', '06h30 - 01h00', 'Samedi', '07h30 - 01h00', 'Dimanche', '07h30 - 17h00'];;
1410;Le Petit Midi;zac Crets;74500;LUGRIN;04 57 26 49 34;;;;;;;;['pizzeria', 'brasserie'];['Lundi', '08h00 - 21h30', 'Mardi', '08h00 - 21h30', 'Mercredi', '08h00 - 21h30', 'Jeudi', '08h00 - 21h30', 'Vendredi', '08h00 - 21h30', 'Samedi', '08h00 - 21h30', 'Dimanche', '08h00 - 13h00'];;
1411;Bostan Soner;112 r Carnot, Faverges;74210;FAVERGES SEYTHENEX;04 56 34 88 71;;;;;;;;;;;
1412;LA CARLINE;Mairie;74440;MORILLON;04 50 90 37 56;www.facebook.com;;;restaurant savoyard;5.0;;;['animaux acceptés', 'terrasse', 'parking', 'facilité bébé', 'restaurant repas de groupe'];['Lundi', '12h00 - 14h00', '19h00 - 21h00', 'Mardi', '12h00 - 14h00', '19h00 - 21h00', 'Mercredi', '12h00 - 14h00\n ', '19h00 - 21h00', 'Jeudi', '12h00 - 14h00', '19h00 - 21h00', 'Vendredi', '12h00 - 14h00', '19h00 - 21h00', 'Samedi', '12h00 - 14h00', '19h00 - 21h00', 'Dimanche', '12h00 - 14h00', '19h00 - 21h00'];;
1413;Food Chack;15 r Portiques;74230;THÔNES;04 50 51 96 58;;;;;;;;['kebab', 'animaux acceptés', 'terrasse', 'sandwicherie', 'fast Food'];;;
1414;Bar Restaurant de la Plage;quai Ripaille;74200;THONON LES BAINS;04 50 71 32 05;http://www.ville-thonon.fr/165-piscine.htm;;;cuisine française;1.0;;;['terrasse', 'parking', 'restaurant repas de groupe'];['Lundi', '12h00 - 15h00', 'Mardi', '12h00 - 15h00', '19h00 - 22h00', 'Mercredi', '12h00 - 15h00', 'Jeudi', '12h00 - 15h00', '19h00 - 22h00', 'Vendredi', '12h00 - 15h00', 'Samedi', '12h00 - 15h00', 'Dimanche', '12h00 - 15h00'];;
1415;IEMC RN;6 av Mont Blanc;74950;SCIONZIER;09 84 50 30 25;www.facebook.com;;;;;;;['restaurant végétarien', 'plat à emporter', 'terrasse', 'restaurant casher', 'restaurant repas de groupe', 'restaurant halal', 'wifi', 'climatisation', 'fast Food'];['Lundi', '00h00 - 01h00', '11h00 - 14h30', 'Mardi', '11h00 - 14h30', '18h00 - 00h00', 'Mercredi', '00h00 - 01h00', '11h00 - 14h30', '18h00 - 00h00', 'Jeudi', '00h00 - 01h00', '11h00 - 14h30', '18h00 - 00h00', 'Vendredi', '00h00 - 01h00', '11h00 - 14h30', '18h00 - 00h00', 'Samedi', '00h00 - 01h00', '11h00 - 14h30', '18h00 - 00h00', 'Dimanche', '00h00 - 01h00', '11h00 - 14h30', '18h00 - 00h00'];;
1416;O GOUT DU JOUR;14 Bis r Commerce;74100;ANNEMASSE;04 50 06 74 22;;;;;;;;;;;
1417;Café Chez Constance;435 imp Place;74130;LE PETIT BORNAND LES GLIÈRES;04 50 22 45 61;www.les-glieres.fr;;;cuisine française;5.0;;;['terrasse', 'parking', 'facilité bébé', 'restaurant repas de groupe', 'accès handicapés', 'wifi'];['Lundi', '12h00 - 14h00', 'Mardi', ' 12h00 - 14h00', 'Mercredi', '12h00 - 14h00', 'Jeudi', '12h00 - 14h00', 'Vendredi', '12h00 - 14h00', 'Samedi', '12h00 - 14h00', 'Dimanche', '12h00 - 14h00'];;
1418;Restaurant Le Presteau;4360 rte Bettex;74170;SAINT GERVAIS LES BAINS;04 50 93 10 89;http://www.lepresteau.com;;;cuisine française;2.0;;;['animaux acceptés', 'terrasse', 'parking', 'facilité bébé', 'restaurant repas de groupe'];['Lundi', 'Mardi', 'Mercredi', '12h00 - 14h00', '19h00 - 22h00', 'Jeudi', '12h00 - 14h00', '19h00 - 22h00', 'Vendredi', '12h00 - 14h00', '19h00 - 22h00', 'Samedi', '12h00 - 14h00', '19h00 - 22h00', 'Dimanche', '12h00 - 14h00', ' 19h00 - 22h00'];45.875122;6.685334
1419;Bony's Café;résid Le Claridge 5 r Chablais;74100;ANNEMASSE;04 50 37 33 16;www.facebook.com;;;;;;;['animaux acceptés', 'terrasse', 'restaurant repas de groupe', 'accès handicapés', 'climatisation', 'wifi', 'brasserie'];['Lundi', '10h30 - 15h00', '18h30 - 23h00', 'Mardi', '10h30 - 15h00', '18h30 - 23h00', 'Mercredi', '10h30 - 15h00', '18h30 - 23h00', 'Jeudi', '10h30 - 15h00', '18h30 - 23h00', 'Vendredi', '10h30 - 15h00', '18h30 - 23h00', 'Samedi', '10h30 - 15h00\n ', '18h30 - 23h00', 'Dimanche'];;
1420;Restaurant Vitam'In;500 clos Envignes;74160;NEYDENS;04 50 84 67 00;www.vitam.fr;;;Cuisine française;4.0;;;['terrasse', 'parking', 'facilité bébé', 'restaurant repas de groupe', 'accès handicapés', 'climatisation', 'wifi'];['Lundi', '12h00 - 14h00', '19h00 - 22h00', 'Mardi', '12h00 - 14h00', '19h00 - 22h00', 'Mercredi', '12h00 - 14h00', '19h00 - 22h00', 'Jeudi', '12h00 - 14h00', '19h00 - 22h00', 'Vendredi', '12h00 - 14h00', '19h00 - 22h00', 'Samedi', '12h00 - 15h00', '19h00 - 22h30', 'Dimanche', '12h00 - 15h00', '19h00 - 22h30'];;
1421;Restaurant des Tennis;111 all Tennis;74290;MENTHON SAINT BERNARD;04 50 60 12 51;http://www.tennismenthon.fr/restaurant-tennis-club-menthon;;;;;;;['jardin', 'animaux acceptés', 'grill', 'terrasse', 'parking', 'accès handicapés', 'climatisation', 'chef à domicile'];['Lundi', '08h30 - 22h30', 'Mardi', '08h30 - 22h30', 'Mercredi', '08h30 - 22h30', 'Jeudi', '08h30 - 22h30', 'Vendredi', '08h30 - 22h30', 'Samedi', '08h30 - 22h30', 'Dimanche', '08h30 - 22h30'];;
1422;Au Bon Vieux Temps;258 rte Villavit;74450;LE GRAND BORNAND;04 50 02 32 38;http://www.au-bon-vieux-temps.fr;;;;;;;['Cuisine française '];;;
1423;Hôtel Le Borderan;3190 rte Col des Aravis;74220;LA CLUSAZ;04 50 02 43 26;http://www.hotel-borderan.com;;;;;;;['bar', 'télévision', 'jardin', 'animaux acceptés', 'hôtel avec piscine', 'facilités bébé', 'parking', 'wifi', 'restaurant', 'Hôtels ', 'Restaurants '];;;
1424;Tibetan Café;28 Taille de Mas du Pleney;74110;MORZINE;06 25 54 55 01;http://www.tibetan-cafe-morzine.com;;;;;;;;;;
1425;Yatta! Ramen;19 r Sansy;74000;SEYNOD;04 56 34 98 28;http://www.yatta-ramen.com/;['Ramen Yatta + boisson : ', 'Ramen Volaille ou Ramen Chashu (porc braisé 7h 110°)+ boisson : ', 'Ramen Vegan + boisson : '];['6,4 €', '10,4 €', '10,4 €'];;;['Salade de chou chinois', 'Edamame (fèves de soja)', 'Yatta', 'Volaille ou porc chashu ou vegan', 'Café ou thé gourmand (fondant au chocolat, panna cotta yuzu et choux thé matcha)', 'Yaourt artisanal'];['1,9 €', '2,5 €', '4,9 €', '8,9 €', '5,9 €', '1,9 €'];"['restaurant végétarien', 'plat à emporter', 'restaurant végétalien', 'terrasse', 'parking', ""repas d'affaire"", 'restaurant repas de groupe', 'wifi']";['Lundi', '11h30 - 14h30', 'Mardi', '11h30 - 14h30', 'Mercredi', '11h30 - 14h30', 'Jeudi', '11h30 - 14h30', 'Vendredi', '11h30 - 14h30', 'Samedi', 'Dimanche'];;
1426;Le St Vincent;14 r Faubourg Saint Vincent;74300;CLUSES;04 50 96 17 47;http://www.le-saint-vincent.com;;;cuisine française;1.0;;;['animaux acceptés', 'terrasse', 'gastronomique', 'restaurant repas de groupe', 'accès handicapés'];['Lundi', '12h00 - 14h30', '19h30 - 21h30', 'Mardi', '12h00 - 14h30', '19h30 - 21h30', 'Mercredi', '12h00 - 14h30', '19h30 - 21h30', 'Jeudi', '12h00 - 14h30', '19h30 - 21h30', 'Vendredi', '12h00 - 14h30', '19h30 - 21h30', 'Samedi', '19h30 - 21h30', 'Dimanche'];;
1427;L'Envergure;251 chem St Roch;74400;CHAMONIX MONT BLANC;04 50 53 18 36;;;;;;"['Croustillant de reblochon servi avec son mélange de jeunes pousses', 'Risotto à la Castellane (champignons, jambon blanc)', 'LA BOITE CHAUDE', 'LA FONDUE SAVOYARDE (2 pers. Min)', 'Boeuf Bourguignon classique et pommes fondantes', ""Pavé de saumon rôti sur sa peau, beurre blanc à l'oseille, lentilles corail""]";['8\xa0 €', '9\xa0 €', '24\xa0 €', '20\xa0 €', '16\xa0 €', '19\xa0 €'];['21-30 euros '];;;
1428;L'Hexagone;13 av Deux Gares;74970;MARIGNIER;04 50 34 63 59;;;;brasserie;5.0;;;['parking', 'brasserie'];;;
1429;1 R 2 Famille;Metz Tessy 2 rte Promery;74370;EPAGNY METZ TESSY;04 57 09 90 88;;;;;;;;['animaux acceptés', 'terrasse', 'parking', 'facilité bébé', 'restaurant repas de groupe', 'accès handicapés'];['Lundi', '07h00 - 15h00', 'Mardi', '07h00 - 15h00', 'Mercredi', '07h00 - 15h00', 'Jeudi', '07h00 - 15h00', 'Vendredi', '07h00 - 15h00', 'Samedi', '07h00 - 15h00', 'Dimanche'];;
1430;Instant Saveurs;400 chem Frasserands;74400;CHAMONIX MONT BLANC;04 50 34 84 87;http://sosaveurs.fr;;;;;;;;;;
1431;L ASSIETTE GOURMANDE;67 av Genève;74000;ANNECY;04 50 46 42 35;;;;;;;;"['organisation de réception', 'plat à emporter', 'animaux acceptés', 'terrasse', ""repas d'affaire"", 'facilité bébé', 'restaurant repas de groupe', 'accès handicapés', 'chef à domicile']";['Lundi', '12h00 - 14h30', '19h00 - 22h00', 'Mardi', '12h00 - 14h30', '19h00 - 22h00', 'Mercredi', '12h00 - 14h30', '19h00 - 22h00\n ', 'Jeudi', '12h00 - 14h30', '19h00 - 22h00', 'Vendredi', '12h00 - 14h30', '19h00 - 22h00', 'Samedi', '12h00 - 14h30', '19h00 - 22h00', 'Dimanche'];;
1432;Ô Chalet;77 rte Combe à Zore;74110;MORZINE;04 50 79 17 18;fr-fr.facebook.com;;;;;;;['plat à emporter', 'restaurant repas de groupe', 'Restaurants ', 'Cafés, bars '];['Lundi', '08h30 - 23h00', 'Mardi', '08h30 - 23h00', 'Mercredi', '08h30 - 23h00', 'Jeudi', '08h30 - 23h00', 'Vendredi', '08h30 - 23h00', 'Samedi', '08h30 - 23h00', 'Dimanche', '08h30 - 23h00'];;
1433;WALBERT CYRIL;Grande Rue;74140;YVOIRE;06 76 24 29 68;;;;;;;;;;;
1434;Touzet David;1 av Gantin;74150;RUMILLY;09 67 06 80 41;;;;;;;;;;;
1435;La Boucherie (Restaurant);1409 av Genève;74700;SALLANCHES;04 50 47 24 11;www.la-boucherie.fr;;;;;;;['Nord ', 'Parking ', 'Repas de famille ', 'Burger ', 'Enfant ', 'Frites ', 'Plat du jour ', 'Péniche '];;;
1436;The Draft;121 rte Patinoire;74400;CHAMONIX MONT BLANC;09 51 34 31 11;;;;;;;;;;;
1437;L'Arbé;411 rte Col des Aravis;74220;LA CLUSAZ;09 61 64 60 54;http://www.restaurant-clusaz.com;;;;;;;"['Restaurants ', ""Restaurants d'entreprises, de collectivités ""]";;;
1438;Garden Burger;20 av Emile Zola;74100;ANNEMASSE;09 73 23 32 32;facebook.com;;;;;;;['terrasse', 'facilité bébé', 'wifi'];['Lundi', '12h00 - 14h00', '19h00 - 23h00', 'Mardi', '12h00 - 14h00', '19h00 - 23h00', 'Mercredi', '12h00 - 14h00', '19h00 - 23h00', 'Jeudi', '12h00 - 14h00', '19h00 - 23h00', 'Vendredi', '18h30 - 23h00', 'Samedi', '12h00 - 14h00', '19h00 - 23h00', 'Dimanche', '18h30 - 23h00'];46.196613;6.232448
1439;C'Era Una Volta;54 r Genève;74100;ANNEMASSE;04 50 75 07 04;http://www.ristoranteceraunavolta.fr;;;;;['Assiette italienne: jambon cru, bresaola, buffla, gorgonzola, tomates sechees, artichauts, noix, roquette', 'Caprese tartuffo: tomate, buffala, roquette, basilic, huile de truffe', 'Scalopina vitello tartuffo: escalope de veau à la crème de truffe et champignons', 'Spaghettis à la marinara', 'Flûte glacée au limoncello', 'Pizza tanga'];['14\xa0 €', '14\xa0 €', '14\xa0 €', '17\xa0 €', '7\xa0 €', '7\xa0 €'];"['pizzeria', 'grill', 'terrasse', 'tarterie', ""repas d'affaire"", 'facilité bébé', 'dîner spectacle', 'wifi', 'cheminée', 'restaurant végétarien', 'jardin', 'plat à emporter', 'parking', 'friterie', 'restaurant repas de groupe', 'accès handicapés', 'climatisation']";['Lundi', '11h45 - 14h30', '18h45 - 22h30', 'Mardi', '11h45 - 14h30', '18h45 - 22h30', 'Mercredi', '11h45 - 14h30', '18h45 - 22h30\n ', 'Jeudi', '11h45 - 14h30', '18h45 - 22h30', 'Vendredi', '11h45 - 14h30', '18h45 - 22h30', 'Samedi', '11h45 - 14h30', '18h45 - 22h30', 'Dimanche'];;
1440;Pizza D'isa;25 r Cep;74600;SEYNOD;06 64 58 29 15;;;;;;;;['Pizzerias ', 'Restaurants '];;;
1441;BBQ Korean Style;257 rte Vouards;74140;SAINT CERGUES;09 63 54 04 65;http://bbq-korean-style.business.site;;;;;;;['16-20 euros '];;;
1442;Restaurant L'Edelweiss;44 r Comtesse;74170;SAINT GERVAIS LES BAINS;09 83 24 75 86;;;;cuisine française;5.0;;;['plat à emporter', 'terrasse', 'restaurant repas de groupe'];['Lundi', '11h45 - 14h30', '18h30 - 23h00', 'Mardi', '11h45 - 14h30', '18h30 - 23h00', 'Mercredi', '11h45 - 14h30', '18h30 - 23h00', 'Jeudi', '11h45 - 14h30', '18h30 - 23h00', 'Vendredi', '11h45 - 14h30', '18h30 - 23h00', 'Samedi', '11h45 - 14h30', '18h30 - 23h00', 'Dimanche', '11h45 - 14h30', '18h30 - 23h00'];;
1443;La Glacière;rte Solaison;74130;BRIZON;04 50 96 93 54;;;;;;;;;;;
1444;Le Refuge;49 pl Pré de Foire;74220;LA CLUSAZ;04 50 02 42 72;www.facebook.com;;;cuisine française;4.0;;;['crêperie', 'animaux acceptés', 'terrasse'];;;
1445;Auberge De Megevette;chef lieu 50 rte Vallée du Risse;74490;MÉGEVETTE;04 50 35 06 23;http://www.laubergedemegevette.com;;;;;;;['2 étoiles ', 'Hôtels ', 'Restaurants '];;;
1446;Chalet Hôtel Gai Soleil (SARL);288 chem Loyers;74170;LES CONTAMINES MONTJOIE;04 50 47 02 94;www.gaisoleil.com;;;;;;;['bar', 'demi-pension', 'cheminée', 'jardin', 'télévision', 'chambre communicante', 'parking', 'séminaire', 'wifi', 'restaurant', 'jeux pour enfants', 'Hôtels ', 'Hôtels 3* ', 'Résidences de tourisme, résidences hôtelières ', 'Restaurants '];;;
1447;Patruno Marielle;100 Bis imp Bezu;74300;CHÂTILLON SUR CLUSES;04 50 58 29 44;;;;;;;;;;;
1448;Columbus Café & Co SAS SW2B;Centre Vitam 500 rte Envignes;74160;NEYDENS;04 57 43 16 10;http://columbuscafe.com;;;;;;;;['Lundi', '08h30 - 19h00', 'Mardi', '08h30 - 19h00', 'Mercredi', '08h30 - 19h00', 'Jeudi', '08h30 - 19h00', 'Vendredi', '08h30 - 19h00', 'Samedi', '08h30 - 19h00', 'Dimanche', '08h30 - 19h00'];;
1449;La Pom2 Pin;Ens Le Lementhy 11 r Pêcheurs;74200;ANTHY SUR LÉMAN;04 50 16 30 15;http://www.lapom2pin.com/;;;cuisine française;3.0;;;['cheminée', 'pizzeria', 'jardin', 'restaurant végétarien', 'plat à emporter', 'animaux acceptés', 'grill', 'terrasse', 'parking', 'saladerie', 'facilité bébé', 'accès handicapés'];['Lundi', 'Mardi', '12h00 - 14h00', '19h00 - 21h00\n ', 'Mercredi', '12h00 - 14h00', '19h00 - 21h00', 'Jeudi', '12h00 - 14h00', '19h00 - 21h00', 'Vendredi', '12h00 - 14h00', '19h00 - 22h00', 'Samedi', '12h00 - 14h00', '19h00 - 22h00', 'Dimanche', '12h00 - 14h00', '19h00 - 21h00'];;
1450;Benattia Khelif;1 r Buet;74100;ANNEMASSE;04 50 79 83 59;;;;restauration rapide;1.0;;;['terrasse', 'parking', 'facilité bébé', 'restaurant repas de groupe', 'accès handicapés', 'climatisation'];['Lundi', 'Mardi', '10h00 - 00h00', 'Mercredi', '10h00 - 00h00', 'Jeudi', '10h00 - 00h00', 'Vendredi', '10h00 - 00h00', 'Samedi', '10h00 - 00h00', 'Dimanche', '10h00 - 00h00'];;
1451;Rond De Carotte;50 r Vignette;74170;SAINT GERVAIS LES BAINS;04 50 47 76 39;;;;;;;;;;;
1452;AGA Burger;28 r Résistance;74100;ANNEMASSE;07 69 67 41 91;http://agaburger.com;;;;;;;['Burger ', 'Frites ', 'Galette ', 'Restauration rapide '];['Lundi', '11h00 - 18h30', 'Mardi', '11h00 - 18h30', 'Mercredi', '11h00 - 18h30', 'Jeudi', '11h00 - 18h30', 'Vendredi', '11h00 - 18h30', 'Samedi', '11h00 - 18h30\n ', 'Dimanche'];;
1453;Restaurant Le Cintra;196 pl Eglise;74120;MEGÈVE;04 50 21 02 60;http://www.lecintra.com;;;cuisine française;5.0;;;['animaux acceptés', 'terrasse', 'parking', 'facilité bébé', 'restaurant repas de groupe', 'climatisation'];;;
1454;Chalet de Charamillon;Charamillon Le Tour;74400;ARGENTIÈRE;04 50 54 04 72;www.restaurants-altitude.com;;;;;;;"['vente à emporter', 'plat à emporter', ""restaurant d'altitude"", 'montagne', 'self', 'panorama singulier']";['Lundi', '09h00 - 15h30', 'Mardi', '09h00 - 15h30', 'Mercredi', '09h00 - 15h30', 'Jeudi', '09h00 - 15h30', 'Vendredi', '09h00 - 15h30', 'Samedi', '09h00 - 15h30', 'Dimanche', '09h00 - 15h30'];46.013553;6.956095
1455;FLAMY S CAFE JESSYL SARL;imm Le Cypierre 9 rd-pt Crusaz;74110;MORZINE;04 58 66 11 36;;;;;;;;;;;
1456;L'Auberge de l'Orangerie;3 carrefour Charlotte;74700;SALLANCHES;04 50 58 49 16;http://www.orangeriemontblanc.fr;;;;;;;['1 étoile ', 'Hôtels ', 'Restaurants '];;;
1457;Pizzéria Au Pied D'Aye;4 r Pied D'Aye;74380;BONNE;04 50 31 03 88;http://aupiedaye.com;;;cuisine française;5.0;;;['pizzeria', 'animaux acceptés', 'terrasse', 'parking', 'restaurant repas de groupe'];['Lundi', 'Mardi', '11h30 - 14h00', '18h30 - 23h00', 'Mercredi', '11h30 - 14h00', '18h30 - 23h00', 'Jeudi', '11h30 - 14h00', '18h30 - 23h00', 'Vendredi', '11h30 - 14h00', '18h30 - 23h00', 'Samedi', '11h30 - 14h00', '18h30 - 23h00', 'Dimanche'];;
1458;Self Service;autoroute A41;74600;SEYNOD;04 50 52 27 62;;;;;;;;['terrasse', 'parking', 'accès handicapés', 'sandwicherie'];['Lundi', '07h00 - 22h00', 'Mardi', '07h00 - 22h00', 'Mercredi', '07h00 - 22h00', 'Jeudi', '07h00 - 22h00', 'Vendredi', '07h00 - 22h00', 'Samedi', '07h00 - 22h00', 'Dimanche', '07h00 - 22h00'];45.87442;6.06884
1459;KITCH INN SARL;77 pl Fruitière;74310;LES HOUCHES;04 50 34 41 74;;;;;;;;['animaux acceptés', 'terrasse', 'parking', 'facilité bébé', 'restaurant repas de groupe'];['Lundi', '07h00 - 02h00', 'Mardi', '07h00 - 02h00', 'Mercredi', '07h00 - 02h00', 'Jeudi', '07h00 - 02h00', 'Vendredi', '07h00 - 02h00', 'Samedi', '07h00 - 02h00', 'Dimanche', '07h00 - 02h00'];;
1460;Snack Chez Cotieu;942 rte Perchets;74120;MEGÈVE;06 22 25 36 56;facebook.com;;;;;;;;;;
1461;Moo Et Co;239 av Michel Croz;74400;CHAMONIX MONT BLANC;04 50 55 33 42;http://moobarcuisine.com;;;cuisine française;4.0;;;['bistrot'];;;
1462;Philippe Rigollot Pâtissier Chocolatier;1 pl Georges Volland;74000;ANNECY;04 50 45 31 35;www.philipperigollot.com;;;;;;;['Cuisine française ', 'Salon de thé ', 'Restaurants ', 'Pâtisseries ', 'Chocolateries, confiseries '];['Lundi', '08h00 - 19h00', 'Mardi', '08h00 - 19h00', 'Mercredi', 'Jeudi', '08h00 - 19h00', 'Vendredi', '08h00 - 19h00', 'Samedi', '08h00 - 19h00', 'Dimanche', '08h00 - 13h00'];;
1463;Chez Corinne;Chef Lieu;74200;LA FORCLAZ;09 67 60 37 78;;;;;;;;;;;
1464;Restaurant La Pomme d 'Or;52 rte Mont Blanc;74130;VOUGY;04 50 34 58 23;www.facebook.com/lapommedor74;;;;;;;['Parking', 'Hôtel', 'Animaux acceptés', 'Wi-fi', 'Hébergement en montagne', 'Télévision par satellite', 'Restaurant', 'Hôtel de charme', 'Wifi', 'Restaurants ', 'Hôtels '];['Lundi', '12h00 - 14h00', '19h30 - 21h30', 'Mardi', '12h00 - 14h00', '19h30 - 21h30', 'Mercredi', '12h00 - 14h00', '19h30 - 21h30', 'Jeudi', '12h00 - 14h00', '19h30 - 21h30\n ', 'Vendredi', '12h00 - 14h00', '19h30 - 21h30', 'Samedi', '12h00 - 14h00', '19h30 - 21h30', 'Dimanche', '12h00 - 14h00', '19h30 - 21h30'];;
1465;Coin Savoyard (Le);300 rte Cry Cuchet;74920;COMBLOUX;04 50 58 60 27;www.coin-savoyard.com;;;;;;;['animaux acceptés après accord préalable', 'Parking privé', 'Jardin', 'soin du corps', 'accès aux personnes à mobilité réduite', 'repas de groupe', 'Terrasse', 'plat à emporter', 'piscine chauffée en été', 'wi-fi', 'espace de relaxation', 'Hôtels ', 'Restaurants '];['Lundi', '12h15 - 14h00', '19h15 - 21h30', 'Mardi', '12h15 - 14h00', '19h15 - 21h30', 'Mercredi', '12h15 - 14h00', '19h15 - 21h30', 'Jeudi', '12h15 - 14h00', '19h15 - 21h30', 'Vendredi', ' 12h15 - 14h00', '19h15 - 21h30', 'Samedi', '12h15 - 14h00', '19h15 - 21h30', 'Dimanche', '12h15 - 14h00', '19h15 - 21h30'];;
1466;L'Auberge Des Aravis;10 montée Château;74220;LA CLUSAZ;04 50 05 61 25;http://arcticjuicecafe.com;;;cuisine française;5.0;;;['animaux acceptés', 'terrasse', 'parking', 'facilité bébé', 'restaurant repas de groupe', 'accès handicapés', 'wifi'];['Lundi', '12h00 - 15h00', '19h00 - 21h00', 'Mardi', '12h00 - 15h00', '19h00 - 21h00', 'Mercredi', ' 12h00 - 15h00', '19h00 - 21h00', 'Jeudi', '12h00 - 15h00', '19h00 - 21h00', 'Vendredi', '12h00 - 15h00', '19h00 - 21h00', 'Samedi', '12h00 - 15h00', '19h00 - 21h00', 'Dimanche', '12h00 - 15h00', '19h00 - 21h00'];;
1467;Pizzeria Du Mont;60 rte Mont;74270;MUSIÈGES;06 50 81 88 17;http://www.pizzeriadumont.com;;;;;;;;;;
1468;New Delhi Spécialités Indiennes;bât Le Frontenex 5 r Frontenex;74000;ANNECY;04 50 46 56 04;http://www.newdelhiannecy.com;;;restaurant indien;1.0;;;['restaurant végétarien', 'plat à emporter', 'parking', 'facilité bébé', 'restaurant repas de groupe', 'restaurant halal', 'wifi'];['Lundi', '12h00 - 14h00', '19h00 - 22h00', 'Mardi', ' 12h00 - 14h00', '19h00 - 22h00', 'Mercredi', '12h00 - 14h00', '19h00 - 22h00', 'Jeudi', '12h00 - 14h00', '19h00 - 22h00', 'Vendredi', '12h00 - 14h00', '19h00 - 22h00', 'Samedi', '12h00 - 14h00', 'Dimanche'];;
1469;Mamma Rosa;117 r Genève;74240;GAILLARD;04 50 92 31 83;;;;;;;;['plat à emporter', 'animaux acceptés', 'terrasse', 'parking', 'facilité bébé', 'restaurant repas de groupe', 'climatisation'];['Lundi', '10h00 - 14h00', '17h00 - 22h00', 'Mardi', '10h00 - 14h00', '17h00 - 22h00', 'Mercredi', 'Jeudi', '10h00 - 14h00', '17h00 - 22h00', 'Vendredi', '10h00 - 14h00', '17h00 - 22h00', 'Samedi', '10h00 - 14h00', '17h00 - 22h00', 'Dimanche'];;
1470;Leman Kid;1 imp Poudrière;74200;THONON LES BAINS;07 52 04 09 64;http://www.lemankid.fr;;;;;;;"['Cuisine française ', 'Restaurants ', ""Parcs d'attractions, de loisirs ""]";['Lundi', 'Mardi', 'Mercredi', '13h30 - 18h30', 'Jeudi', 'Vendredi', '16h00 - 18h00', 'Samedi', '10h00 - 18h30', 'Dimanche', '10h00 - 18h30\n '];;
1471;BHV;47 r République, Faverges;74210;FAVERGES SEYTHENEX;09 61 63 73 19;;;;;;;;"['Organisation de réception', ""Repas d'affaire"", 'Restaurant repas de groupes', 'Plat à emporter', 'Cafés, bars ', 'Restaurants ']";['Lundi', '10h00 - 00h00', 'Mardi', 'Mercredi', '10h00 - 00h00', 'Jeudi', '10h00 - 00h00', 'Vendredi', '10h00 - 00h00', 'Samedi', '10h00 - 00h00', 'Dimanche', '10h00 - 00h00'];;
1472;La Boussole;rte Albertville;74320;SEVRIER;04 50 52 40 59;www.hotel-beauregard.com;;;;;;;['Bord de lac ', 'Centre ville ', 'Accès pour personnes à mobilité réduite ', 'Aire de jeux ', 'Animation ', 'Chambre avec terrasse ', 'Chambre single ', 'Climatisation ', 'Coffre-fort ', 'Demi-pension ', 'Espace privatisable ', 'Garage ', 'Jardin ', 'Location de vélo ', 'Montagne ', 'Médiathèque ', 'Organisation mariage ', 'Parking ', 'Salle de réunion ', 'Spa ', 'Séminaire ', 'Terrain de pétanque ', 'Téléphone ', 'Télévision ', 'Étape vrp ', 'Lounge bar ', 'Restauration ', 'Accès internet ', 'Déjeuner ', 'Dîner ', 'Lounge bar ', 'Petit déjeuner ', 'Soirée étape ', 'Soirée étape vrp ', 'Hôtels ', 'Restaurants ', 'Résidences de tourisme, résidences hôtelières ', 'Organisation de séminaires, de congrès '];['Lundi', '12h00 - 14h00', '19h15 - 23h00', 'Mardi', '12h00 - 14h00', '19h15 - 23h00', 'Mercredi', '12h00 - 14h00', '19h15 - 23h00', 'Jeudi', '12h00 - 14h00', '19h15 - 23h00', 'Vendredi', '12h00 - 14h00', '19h15 - 23h00', 'Samedi', '12h00 - 14h00', '19h15 - 23h00', 'Dimanche', '12h00 - 14h00', '19h15 - 23h00'];;
1473;Phoenix;12 Grande Rue;74200;THONON LES BAINS;09 84 17 86 47;;;;;;;;['Cuisine française '];;;
1474;L'atelier SAS;Hôtel Le Samoyede 9 pl Office du Tourisme;74110;MORZINE;04 50 79 00 79;http://www.hotel-lesamoyede.com;;;;;;;['animaux acceptés', 'terrasse', 'parking', 'gastronomique', 'facilité bébé', 'restaurant repas de groupe', 'accès handicapés', 'wifi'];['Lundi', '19h00 - 21h30', 'Mardi', 'Mercredi', '19h00 - 21h30', 'Jeudi', '19h00 - 21h30', 'Vendredi', '19h00 - 21h30', 'Samedi', '19h00 - 21h30', 'Dimanche', '19h00 - 21h30'];;
1475;Bistrot du Coin;28 rte Chevaline;74210;DOUSSARD;04 50 01 03 35;www.facebook.com/bistrotducoin74;;;Restaurant français;5.0;;;['Bar', 'bodega', 'terrasse', 'Café', 'Wi-fi', 'wifi', 'bistrot', 'Restaurants ', 'Cafés, bars '];['Lundi', '08h30 - 15h00', '17h30 - 23h00', 'Mardi', '08h30 - 15h00', '17h30 - 23h00', 'Mercredi', 'Jeudi', '08h30 - 15h00', '17h30 - 23h00', 'Vendredi', '08h30 - 15h00', '17h30 - 23h00', 'Samedi', '08h30 - 15h00', '17h30 - 23h00', 'Dimanche', '08h30 - 22h00'];;
1476;Restaurant La Pagerie;12 r Libération;74240;GAILLARD;04 50 38 34 00;http://www.restaurant-lapagerie.com;;;cuisine française;5.0;"['Foie gras de canard français cuit à basse température, gelée de yuzu', 'Raviole de king crabe, émulsion de pois', ""Carré d'agneau"", 'Filet de boeuf simmementhal', 'Patchwork de fruits frais', 'Pomme caramélisée, confiture de lait']";['0\xa0 €', '0\xa0 €', '0\xa0 €', '0\xa0 €', '0\xa0 €', '0\xa0 €'];['21-30 euros ', 'Cuisine française '];['Lundi', 'Mardi', '19h00 - 22h00', 'Mercredi', '19h00 - 22h00', 'Jeudi', '19h00 - 22h00', 'Vendredi', '19h00 - 22h00', 'Samedi', '19h00 - 22h00', 'Dimanche'];;
1477;Les 3 Chauves;60 rte Rutys;74370;PRINGY;09 72 96 51 72;;;;;;;;;;;
1478;Au Cherch'Midi;287 rte Creuses;74600;SEYNOD;04 50 69 35 53;;;;Cuisine française;5.0;;;['Animaux acceptés', 'Plat à emporter', 'Accès handicapés', 'Terrasse'];['Lundi', '11h30 - 14h00', 'Mardi', '11h30 - 14h00', 'Mercredi', '11h30 - 14h00', 'Jeudi', '11h30 - 14h00', 'Vendredi', '11h30 - 14h00', 'Samedi', 'Dimanche'];;
1479;Les Marmottes;5183 les Lindarets;74110;MONTRIOND;04 50 74 09 86;;;;cuisine française;5.0;;;['terrasse', 'facilité bébé'];['Lundi', '09h00 - 17h30', 'Mardi', '09h00 - 17h30', 'Mercredi', '09h00 - 17h30', 'Jeudi', '09h00 - 17h30', 'Vendredi', '09h00 - 17h30', 'Samedi', '09h00 - 17h30', 'Dimanche', '09h00 - 17h30'];;
1480;Deuss-frandi Fernan;1023 rte Gare;74140;SAINT CERGUES;09 62 17 79 38;;;;;;;;;;;
1481;Le Chalet Chez Fabio;1346 av Marcel Dassault;74370;ARGONAY;04 50 27 37 12;;;;;;;;['pizzeria'];;;
1482;Rameeka;19 r Libération;74240;GAILLARD;04 50 38 27 90;http://www.restaurantrameeka.com;;;restaurant indien;5.0;;;"['facilité bébé', 'organisation de mariages', 'restaurant halal', 'accès aux personnes à mobilité réduite', 'apéritif maison offert', 'cuisine du monde', 'animaux acceptés', 'parking', ""organisation d'événements"", ""organisation d'anniversaires"", 'restaurant repas de groupe', 'accès handicapés', 'climatisation', 'restaurant', 'organisation de baptêmes']";['Lundi', 'Mardi', '12h00 - 14h00', '19h00 - 23h00', 'Mercredi', '12h00 - 14h00', '19h00 - 23h00', 'Jeudi', '12h00 - 14h00', '19h00 - 23h00', 'Vendredi', '12h00 - 14h00', '19h00 - 23h00', 'Samedi', '12h00 - 14h00', '19h00 - 23h00', 'Dimanche', '12h00 - 14h00'];;
1483;SARL CAFE DE LA CHEVRERIE;La Chèvrerie;74470;BELLEVAUX;04 50 73 71 23;http://cafedelachevrerie.com;;;cuisine française;5.0;;;['animaux acceptés', 'terrasse', 'parking', 'facilité bébé', 'restaurant repas de groupe', 'accès handicapés'];;;
1484;Hôtel Restaurant du Faucigny;170 r César Vuarchex;74950;SCIONZIER;04 50 98 16 71;www.hotel-faucigny.com;['Formule du jour (midi : entrée/ plat ou plat /dessert) : ', 'Menu du jour ( entrée/ plat / dessert) : '];['13,90 €', '18,90 €'];;;['Entrecôte grillée - Sauce au choix', 'Filet de Perches sauce Citron', 'SALADE DE BEIGNET DE REBLOCHON NOIX & PETALES DE JAMBON CRU FUME', 'Salade cesar - poulet marinés - jambon fumé - sauce au parmesan'];['19,90 €', '21,90 €', '13,90 €', '12,90 €'];['parking', 'restaurant repas de groupe', 'accès handicapés', 'wifi', 'climatisation', 'Restaurants ', 'Hôtels ', 'Résidences de tourisme, résidences hôtelières ', 'Organisation de séminaires, de congrès '];['Lundi', '12h00 - 13h30', '19h30 - 21h00', 'Mardi', '12h00 - 13h30', '19h30 - 21h00', 'Mercredi', '12h00 - 13h30', '19h30 - 21h00', 'Jeudi', '12h00 - 13h30', '19h30 - 21h00', 'Vendredi', '12h00 - 13h30', '19h30 - 21h00', 'Samedi', 'Dimanche'];;
1485;Flunch Ville La Grand;4 r Montréal;74100;VILLE LA GRAND;04 50 84 49 75;http://www.flunch.fr;;;;;;;['terrasse', 'parking', 'accès handicapés', 'wifi', 'climatisation'];['Lundi', '11h00 - 22h00', 'Mardi', '11h00 - 22h00', 'Mercredi', '11h00 - 22h00', 'Jeudi', '11h00 - 22h00', 'Vendredi', '11h00 - 22h00', 'Samedi', '11h00 - 22h00', 'Dimanche', '11h00 - 22h00'];;
1486;Chalet Hôtel Alpen Valley Mont-Blanc;2843 rte Cry Cuchet;74920;COMBLOUX;04 50 58 68 55;http://www.alpenvalley.com;;;;;;;['bar', 'montagne', 'télévision', 'parking', 'hôtel spa', 'voiturier', 'wifi', 'hébergement en montagne', 'accès handicapé', 'Hôtels ', 'Restaurants '];['Lundi', '09h00 - 22h00', 'Mardi', '09h00 - 22h00', 'Mercredi', '09h00 - 22h00', 'Jeudi', '09h00 - 22h00', 'Vendredi', '09h00 - 22h00', 'Samedi', '09h00 - 22h00', 'Dimanche', '09h00 - 22h00'];;
1487;PIZZ MOUNTAIN;26 rte Bellevarde;74120;PRAZ SUR ARLY;04 50 91 99 19;http://www.pizzmountain.fr;;;;;;;['pizzeria', 'animaux acceptés', 'terrasse', 'parking', 'accès handicapés'];['Lundi', '17h00 - 22h00', 'Mardi', '17h00 - 22h00', 'Mercredi', '17h00 - 22h00', 'Jeudi', '17h00 - 22h00\n ', 'Vendredi', '17h00 - 22h00', 'Samedi', '17h00 - 22h00', 'Dimanche', '17h00 - 22h00'];;
1488;Morgane Pizza;41 chem Fin de Granges;74250;VILLE EN SALLAZ;04 50 95 70 76;http://morganepizza.site-solocal.com;;;;;;;['Restauration rapide ', 'Pizzas à emporter ', 'Pizzerias ', 'Restaurants '];['Lundi', '17h30 - 21h30', 'Mardi', '17h30 - 21h30', 'Mercredi', 'Jeudi', '17h30 - 21h30', 'Vendredi', '17h30 - 21h30', 'Samedi', '17h30 - 21h30', 'Dimanche', '17h30 - 21h30'];;
1489;Pizza Perrine;15 r Perrine;74800;LA ROCHE SUR FORON;04 50 07 44 53;www.facebook.com;;;;;;;['pizzeria', 'plat à emporter', 'livraison à domicile', 'parking', 'friterie', 'wifi', 'sandwicherie'];;;
1490;Auberge de Quintal;175 rte Viuz;74600;QUINTAL;04 50 57 17 13;www.facebook.com;;;;;;;;;;
1491;Le Deep Haus;11 bd Fier;74000;ANNECY;09 81 04 22 24;http://ledeephouse.fr;;;;;['Gambas a la plancha', 'Salade montagnarde', 'Burger aravis', 'Ravioli fraîche au cèpe', 'Café gourmand', 'Macaron Deep House'];['9\xa0 €', '7\xa0 €', '15\xa0 €', '12\xa0 €', '8\xa0 €', '6\xa0 €'];['21-30 euros ', 'Restaurants ', 'Cafés, bars '];['Lundi', '10h00 - 14h00', '18h00 - 00h00', 'Mardi', '00h00 - 01h00', '10h00 - 14h00', '18h00 - 00h00', 'Mercredi', '00h00 - 01h00', '10h00 - 14h00', '18h00 - 00h00', 'Jeudi', '00h00 - 01h00', '10h00 - 14h00', '18h00 - 00h00', 'Vendredi', '00h00 - 01h00', '10h00 - 14h00', '18h00 - 00h00', 'Samedi', '00h00 - 01h00', '10h00 - 14h00', '18h00 - 00h00', 'Dimanche', '00h00 - 01h00'];45.914852;6.114872
1492;Restaurant les Marronniers;17 pl Crête;74200;THONON LES BAINS;04 50 26 06 91;www.hotellesmarronniers.com;;;;;;;['animaux acceptés', 'terrasse', 'parking', 'facilité bébé', 'restaurant repas de groupe'];['Lundi', '12h00 - 14h00', '19h30 - 21h30', 'Mardi', '12h00 - 14h00', '19h30 - 21h30', 'Mercredi', '12h00 - 14h00', ' 19h30 - 21h30', 'Jeudi', '12h00 - 14h00', '19h30 - 21h30', 'Vendredi', '12h00 - 14h00', '19h30 - 21h30', 'Samedi', '12h00 - 14h00', '19h30 - 21h30', 'Dimanche', '12h00 - 14h00', '19h30 - 21h30'];;
1493;La Ferme des Alpes;qu Charles Albert Besson;74500;EVIAN LES BAINS;04 50 79 44 47;www.fermedesalpes.com;;;;;;;['Fait maison ', 'Tartiflette ', 'Boucher ', 'Traiteurs ', 'Restaurants '];['Lundi', '12h00 - 13h45', '19h00 - 21h00', 'Mardi', '12h00 - 13h45', '19h00 - 21h00', 'Mercredi', '12h00 - 13h45', '19h00 - 21h00', 'Jeudi', '12h00 - 13h45', '19h00 - 21h00', 'Vendredi', '12h00 - 13h45', '19h00 - 21h00', 'Samedi', '12h00 - 13h45', '19h00 - 21h00', 'Dimanche', '12h00 - 13h45', '19h00 - 21h00'];;
1494;Bc Annecy;8 fbg Ste Claire;74000;ANNECY;04 38 80 28 34;;;;;;;;;;;
1495;Chalet Kitchen;Les Flocons;74260;LES GETS;06 34 38 22 29;www.chaletkitchen.com;;;;;;;['Bourgogne ', 'Restaurant régional ', 'Livraison de repas ', 'Enfant ', 'Fait maison ', 'Menu de fêtes ', 'Menu végan ', 'Montagne ', 'Plat du jour ', 'Produit local ', 'Repas de fêtes '];;;
1496;Sam Angkor;21 fbg Ste Claire;74000;ANNECY;09 53 00 36 31;http://sam-angkor.com;;;;;;;;['Lundi', '11h30 - 13h30', '18h00 - 21h30', 'Mardi', '11h30 - 13h30', '18h00 - 21h30', 'Mercredi', 'Jeudi', '11h30 - 13h30', '18h00 - 21h30', 'Vendredi', '11h30 - 13h30', '18h00 - 21h30', 'Samedi', '11h30 - 13h30', '18h00 - 21h30', 'Dimanche'];45.897285;6.122875
1497;Le Bowl;9 bd Fier;74000;ANNECY;04 50 67 64 00;http://www.le-bowl.com;;;;;;;['Infrastructures de sports et loisirs ', 'Bowlings ', 'Discothèques ', 'Restaurants pour réceptions, pour séminaires ', 'Restaurants '];['Lundi', '11h00 - 17h00', 'Mardi', '11h00 - 00h00', 'Mercredi', '11h00 - 03h00', 'Jeudi', '11h00 - 03h00', 'Vendredi', '11h00 - 03h00', 'Samedi', '14h30 - 05h00', 'Dimanche', '00h00 - 05h00', '14h30 - 20h00'];;
1498;La Casa Nostra;2 r Jean Mermoz;74940;ANNECY LE VIEUX;04 50 66 23 82;www.facebook.com/pg/casanostra.annecy/about/?ref=page;;;Cuisine du Monde;5.0;['Antipasti de légumes', 'Bianca Napolitana', 'Pizza Bufala', 'Pizza La Casa Nostra', 'Mousse au chocolat', 'Pizza au Nutella'];['16 €', '8 €', '11 €', '15 €', '8 €', '8 €'];['terrasse', 'climatisation', 'Restaurants ', 'Pizzerias '];['Lundi', '12h00 - 14h00', 'Mardi', '12h00 - 14h00', 'Mercredi', '12h00 - 14h00', 'Jeudi', 'Vendredi', 'Samedi', 'Dimanche'];;
1499;Le Local A Pizzas;20 rte Clos Marchand;74500;MAXILLY SUR LÉMAN;04 50 92 69 65;;;;pizzeria;5.0;;;['Végétarien', 'Organisation de réception', 'Diner spectacle', 'Livraison à domicile', 'Plats à emporter', 'Repas de groupes', 'Facilités bébés', 'Zone fumeur', 'Accès pour les personnes à mobilité réduite', 'Terrasse', 'Pizzeria'];['Lundi', 'Mardi', '18h00 - 22h00', 'Mercredi', '18h00 - 22h00', 'Jeudi', '18h00 - 22h00', 'Vendredi', '18h00 - 22h00', 'Samedi', '18h00 - 22h00', 'Dimanche', '18h00 - 22h00'];;
1500;Restaurant Aux Vieux Pressoir;22 rte Bergue;74380;CRANVES SALES;04 50 39 37 37;;;;;;;;;;;
1501;PEGUET CELINE;44 r Verdaine;74140;EXCENEVEX;06 33 29 76 19;;;;;;;;;;;
1502;Le P'tit Chalet A Pizza;pl Pallud;74540;CUSY;06 07 82 83 11;www.facebook.com/leptitchaletapizza;;;;;;;;['Lundi', 'Mardi', '18h30 - 21h00', 'Mercredi', 'Jeudi', 'Vendredi', 'Samedi', 'Dimanche', '18h30 - 21h00'];;
1503;Le Tire-Fesses;Les Carroz D Araches 519 rte Télécabine;74300;LES CARROZ;04 50 90 38 48;fr-fr.facebook.com;;;;;;;['Pizzerias ', 'Restaurants '];['Lundi', '08h00 - 21h00', 'Mardi', '08h00 - 21h00', 'Mercredi', '08h00 - 21h00', 'Jeudi', '08h00 - 21h30', 'Vendredi', '08h00 - 21h30', 'Samedi', '08h00 - 21h30', 'Dimanche', '08h00 - 21h00'];;
1504;O Petit Liban;8 av Jules Ferry;74200;THONON LES BAINS;06 59 67 32 98;;;;;;;;;;;
1505;BUFFALO GRILL BGMB;Bowling du Mont Blanc 531 r Capit Bulle;74700;SALLANCHES;04 50 18 00 00;http://restaurant.buffalo-grill.fr/704791-buffalo-grill-sallanches;['Menu Kids : Plat + Dessert + 1 surprise : ', 'Menu Hold Up : Plat + Dessert ou Boisson : ', 'Menu Burger : Burger + Boisson : '];['4,90 €', '7,90 €', '13,50 €'];;;"['Mix tapas (mini brochettes de poulet,onion rings, taquitos,crispy sweet et spicy et sauce barbecue)', ""Tapas Texane (mini quesadillas au chorizo gratinées au cheddar, tranches de pain à l'ail, tranches de chorizo, tortilla chips épicées et sauces guacamole et barbecue)"", 'Steak mariné 3 poivres grillé (180 g. steak de boeuf attendri et mariné aux 3 poivres)', 'Barbecue Ribs Caramélisés (450 g. travers de porc caramélisés sauce barbecue)', 'Moelleux au chocolat (Coeur coulant, crème glacée vanille et crème anglaise)', 'Café ou Thé douceur (Petite crème brûlée, 1/2 brownie avec crème anglaise et crème glacée vanille)']";['5,90 €', '7,90 €', '9,90 €', '14,95 €', '4,90 €', '4,90 €'];['grill'];['Lundi', '11h30 - 14h30', '18h30 - 22h30\n ', 'Mardi', '11h30 - 14h30', '18h30 - 22h30', 'Mercredi', '11h30 - 14h30', '18h30 - 22h30', 'Jeudi', '11h30 - 14h30', '18h30 - 22h30', 'Vendredi', '11h30 - 14h30', '18h30 - 23h30', 'Samedi', '11h30 - 15h00', '18h30 - 23h30', 'Dimanche', ' 11h30 - 15h00', '18h30 - 22h30'];;
1506;La Brioche Dorée;Ccal Shopping Etrembière 21 r Industrie;74100;ETREMBIÈRES;04 50 87 18 13;http://www.briochedoree.fr;;;restauration rapide;2.0;;;['animaux acceptés', 'parking', 'facilité bébé', 'restaurant repas de groupe', 'accès handicapés', 'climatisation', 'wifi', 'sandwicherie'];['Lundi', '08h00 - 20h00', 'Mardi', '08h00 - 20h00', 'Mercredi', '08h00 - 20h00', 'Jeudi', '08h00 - 20h00', 'Vendredi', '08h00 - 20h00', 'Samedi', '08h00 - 20h00', 'Dimanche'];;
1507;Too Schuss Epagny;Ccal Auchan 35 r Commerce;74330;EPAGNY METZ TESSY;04 50 24 02 70;http://www.brasserie-too-schuss.fr;;;;;;;['Brasseries ', 'Restaurants '];['Lundi', '09h00 - 19h00', 'Mardi', '09h00 - 19h00', 'Mercredi', '09h00 - 19h00', 'Jeudi', '09h00 - 19h00', 'Vendredi', '09h00 - 19h00', 'Samedi', '09h00 - 19h00', 'Dimanche'];;
1508;Résidences de Rochebrune Conciergerie Les;39 rte Téléphérique;74120;MEGÈVE;04 50 21 42 59;;;;;;;;;;;
1509;Seven;33 pl Grenette;74700;SALLANCHES;04 50 58 82 76;www.facebook.com;;;;;;;['Sièges sociaux ', 'Restaurants '];;;
1510;Pizza U Revola;331 rte Framboises;74140;SAINT CERGUES;04 50 43 54 03;fr-fr.facebook.com;;;;;;;['pizzeria', 'animaux acceptés', 'terrasse', 'parking', 'accès handicapés', 'climatisation'];['Lundi', '12h00 - 14h00', '19h00 - 22h00', 'Mardi', '12h00 - 14h00', 'Mercredi', '12h00 - 14h00', '19h00 - 22h00', 'Jeudi', '12h00 - 14h00', '19h00 - 22h00', 'Vendredi', '12h00 - 14h00', '19h00 - 22h00', 'Samedi', '12h00 - 14h00', '19h00 - 22h00', 'Dimanche', '12h00 - 14h00'];46.248344;6.328125
1511;L'avalanche;résid Hirmentaz;74470;BELLEVAUX;09 67 33 03 13;;;;;;;;;;;
1512;Hôtel le Jalouvre;45 r Gorge du Cé;74130;MONT SAXONNEX;04 50 96 90 67;http://www.lejalouvre.com;;;;;;;"['ascenseur', 'télévision', 'service en chambre', 'wifi', 'coffre-fort', 'bar', 'demi-pension', ""ouvert toute l'année"", 'pension complète', 'facilités bébé', 'parking', 'accès handicapé', 'restaurant', 'Hôtels ', 'Restaurants ']";['Lundi', '06h30 - 01h00', 'Mardi', '06h30 - 01h00', 'Mercredi', '06h30 - 01h00', 'Jeudi', '06h30 - 01h00', 'Vendredi', '06h30 - 01h00', 'Samedi', '06h30 - 01h00', 'Dimanche', '06h30 - 01h00'];;
1513;Wap'O;14 r Pré Paillard;74940;ANNECY LE VIEUX;08 00 67 40 74;vosdomaines.com;;;;;;;['Accès pour personnes à mobilité réduite ', 'Cuisine à la vapeur '];;;
1514;Les Loges Blanches SAS;500 rte Plaine;74120;MEGÈVE;04 50 47 37 30;http://www.leslogesblanches-megeve.com;;;;;;;"['Piscine en plein air', 'Navette gratuite pour les pistes de ski', 'Petit-déjeuner disponible (en supplément) : - buffet', 'Année de construction : 2006', 'Laverie', ""Transfert entre l'hôtel et l'aéroport"", 'Réception ouverte 24 heures sur 24', 'Parking sans voiturier (payant)', 'Personnel multilingue', 'Bar/salon', 'Nombre total de chambres : 63', 'Local à skis', 'Ascenseur', ""Garde d'enfants"", ""Nombre d'étages : 3"", 'Restaurant', 'Accès Internet Wi-Fi gratuit', 'Résidences de tourisme, résidences hôtelières ', 'Hôtels ', 'Restaurants ']";['Lundi', '07h30 - 23h00', 'Mardi', '07h30 - 23h00', 'Mercredi', '07h30 - 23h00', 'Jeudi', '07h30 - 23h00', 'Vendredi', '07h30 - 23h00', 'Samedi', '07h30 - 23h00', 'Dimanche', '07h30 - 23h00'];;
1515;L'Evenement Gourmand;St Cergues 577 rte Framboises;74140;MACHILLY;04 50 31 22 13;http://www.saint-cergues.fr/Evenements-Gourmands;;;;;;;;;;
1516;Lanvers-Pernet;5304 rte Lindarets;74110;MONTRIOND;09 61 34 53 97;;;;;;;;;;;
1517;Ty Breiz;650 rte N-D de La Gorge;74170;LES CONTAMINES MONTJOIE;04 50 47 18 32;http://www.lescontamines.com/hiver/sejourner/savourer-et-sortir/restaurants/le-ty-breiz-1200413;;;;;;;['animaux acceptés', 'terrasse', 'parking', 'facilité bébé', 'accès handicapés'];['Lundi', '00h00 - 02h00', 'Mardi', '17h00 - 00h00', 'Mercredi', '17h00 - 02h00', 'Jeudi', '17h00 - 02h00', 'Vendredi', '17h00 - 02h00', 'Samedi', '17h00 - 02h00', 'Dimanche', '17h00 - 02h00'];;
1518;Snack Du Soleil;371 av Gare;74800;LA ROCHE SUR FORON;07 68 95 82 30;;;;fast food;1.0;;;['fast Food', 'Restaurants ', 'Cafés, bars '];['Lundi', '08h00 - 23h00', 'Mardi', '08h00 - 23h00', 'Mercredi', '08h00 - 23h00', 'Jeudi', '08h00 - 23h00', 'Vendredi', '08h00 - 23h00', 'Samedi', '08h00 - 23h00', 'Dimanche', '08h00 - 23h00'];;
1519;Tacos Food;80 av France;74000;ANNECY;06 95 52 19 27;www.facebook.com;;;;;;;;;;
1520;L Ecaille D Argent;2 r 18 Août 1944;74100;ETREMBIÈRES;04 50 31 39 53;;;;;;;;;['Lundi', '06h30 - 16h00', 'Mardi', '06h30 - 16h00', 'Mercredi', '06h30 - 16h00', 'Jeudi', '06h30 - 16h00', 'Vendredi', '06h30 - 16h00', 'Samedi', 'Dimanche'];;
1521;Bobby Bar;23 pl Foron;74950;SCIONZIER;04 50 55 83 47;www.facebook.com;;;;;;;['Cafés, bars ', 'Restaurants '];['Lundi', 'Mardi', '16h00 - 00h00', 'Mercredi', '16h00 - 01h00', 'Jeudi', '16h00 - 01h00', 'Vendredi', '16h00 - 01h00', 'Samedi', ' 17h00 - 01h00', 'Dimanche', '00h00 - 01h00'];;
1522;Braconne Côté Mont-blanc La;1 rte Follieux;74700;SALLANCHES;04 50 58 05 28;http://www.restaurant-labraconnecmb.fr;;;cuisine française;5.0;;;['Cuisine française ', 'Restaurants ', 'Restaurants pour réceptions, pour séminaires '];;;
1523;Hôtel restaurant l'Edelweiss;Col de la Forclaz Montmin;74210;TALLOIRES MONTMIN;04 50 60 70 24;www.edelweiss74.com;;;Restaurant français;5.0;;;"['Produits frais', 'Hôtel', 'Service événementiel', 'repas de mariage', 'Terrasse', ""repas d'anniversaire"", ""Repas d'anniversaire, de mariage"", 'Restaurants ', 'Hôtels ']";['Lundi', '08h00 - 23h00', 'Mardi', '08h00 - 23h00', 'Mercredi', '08h00 - 23h00', 'Jeudi', '08h00 - 23h00', 'Vendredi', '08h00 - 23h00', 'Samedi', '08h00 - 23h00', 'Dimanche', '08h00 - 23h00'];45.809584;6.245711
1524;Deuss-frandi Fernan;1023 rte Gare;74140;SAINT CERGUES;09 62 17 79 38;;;;;;;;;;;
1525;Restaurant Le Petit Coq;Chef Lieu rte Grandes Alpes;74430;SAINT JEAN D'AULPS;04 50 79 66 79;;;;;;;;['plat à emporter', 'terrasse', 'parking', 'facilité bébé', 'restaurant repas de groupe', 'wifi'];['Lundi', '18h00 - 23h00', 'Mardi', '18h00 - 23h00', 'Mercredi', '18h00 - 23h00', 'Jeudi', '18h00 - 23h00', 'Vendredi', '18h00 - 23h00', 'Samedi', '18h00 - 23h00', 'Dimanche'];;
1526;LA TRATTORIA;524 rte Albertville;74320;SEVRIER;06 41 92 59 67;;;;;;;;['pizzeria', 'plat à emporter', 'parking', 'facilité bébé', 'restaurant repas de groupe', 'accès handicapés', 'wifi'];['Lundi', '11h30 - 14h00', '18h30 - 22h30', 'Mardi', '11h30 - 14h00', '18h30 - 22h30', 'Mercredi', '11h30 - 14h00', '18h30 - 22h30', 'Jeudi', '11h30 - 14h00', '18h30 - 22h30', 'Vendredi', '11h30 - 14h00', '18h30 - 22h30', 'Samedi', '11h30 - 14h00', '18h30 - 22h30', 'Dimanche', '18h30 - 22h30'];;
1527;Au Cœur du Village Hôtel & Spa;26 montée Château;74220;LA CLUSAZ;04 50 01 50 01;http://www.hotel-aucoeurduvillage.fr;;;;;;;"['organisation de réception', 'cheminée', 'parking', ""repas d'affaire"", 'Zone fumeur', 'facilité bébé', 'voiturier', 'restaurant repas de groupe', 'accès handicapés', 'wifi', 'brasserie']";['Lundi', '19h00 - 22h00', 'Mardi', '19h00 - 22h00', 'Mercredi', '19h00 - 22h00', 'Jeudi', '19h00 - 22h00', 'Vendredi', '19h00 - 22h00', 'Samedi', '19h00 - 22h00', 'Dimanche', '19h00 - 22h00'];;
1528;Chez Nous;1 bd Bellevue;74000;ANNECY;04 50 12 02 98;;;;;;['Salade Ibérique', 'Salade Norvégienne', 'Penne bolognaise', 'Risotto noix et gorgonzola', 'Crème brûlée', 'Panna cota'];['8\xa0 €', '8\xa0 €', '14\xa0 €', '15\xa0 €', '5.5\xa0 €', '5.5\xa0 €'];['21-30 euros '];;;
1529;Auberge Du Bois Prin;69 chem Hermine;74400;CHAMONIX MONT BLANC;04 50 53 33 51;www.boisprin.com;;;;;;;['restaurant gastronomique', 'Animaux acceptés', 'wi-fi', 'service de réception et de conciergerie', 'Terrasse', 'hôtel de charme', 'sauna', 'Repas de groupes', 'restaurant pour séminaires', 'accueil de groupes', 'SPA', 'Accès pour les personnes à mobilité réduite', 'facilités pour bébés', 'accès internet', 'aire de jeux', 'Parking', 'Hôtels ', 'Restaurants '];['Lundi', '19h00 - 21h30', 'Mardi', '19h00 - 21h30', 'Mercredi', '19h00 - 21h30', 'Jeudi', '12h00 - 14h00', '19h00 - 21h30', 'Vendredi', '12h00 - 14h00', '19h00 - 21h30', 'Samedi', '12h00 - 14h00', '19h00 - 21h30', 'Dimanche', '12h00 - 14h00', '19h00 - 21h30'];;
1530;Crêperie Les Outalays;les Outalays;74450;LE GRAND BORNAND;04 50 44 18 44;;;;;;;;;;;
1531;Mamma's;125 r Bourg;74110;MORZINE;04 50 74 31 62;;;;;;;;['plat à emporter', 'terrasse', 'parking'];['Lundi', '12h00 - 14h00', '16h00 - 22h00', 'Mardi', '12h00 - 14h00', '16h00 - 22h00', 'Mercredi', '12h00 - 14h00', '16h00 - 22h00', 'Jeudi', '12h00 - 14h00', '16h00 - 22h00', 'Vendredi', '12h00 - 14h00', '16h00 - 22h00', 'Samedi', '12h00 - 14h00', '16h00 - 22h00', 'Dimanche', '12h00 - 14h00', '16h00 - 22h00'];;
1532;Melina;Chez Khalid Ens 25 r Nationale;74500;EVIAN LES BAINS;04 50 83 13 43;;;;;;;;;;;
1533;Le Recto;10 r République;74000;ANNECY;04 50 52 97 31;;;;;;;;['restaurant végétarien', 'terrasse', 'wifi', 'Restaurants ', 'Cafés, bars '];;;
1534;Le Genepi;32 rte Centre, chef Lieu;74390;CHÂTEL;04 50 73 37 32;;;;Cuisine française;1.0;;;['plat à emporter', 'terrasse', 'restaurant repas de groupe'];['Lundi', '10h00 - 12h00', '14h00 - 22h00', 'Mardi', '10h00 - 12h00', '14h00 - 22h00', 'Mercredi', '10h00 - 12h00', '14h00 - 22h00', 'Jeudi', '10h00 - 12h00', ' 14h00 - 22h00', 'Vendredi', '10h00 - 12h00', '14h00 - 22h00', 'Samedi', '10h00 - 12h00', '14h00 - 22h00', 'Dimanche', '10h00 - 12h00', '14h00 - 22h00'];;
1535;King Kebab;3 r Théâtre;74500;EVIAN LES BAINS;06 65 13 93 72;;;;;;;;;;;
1536;Restaurant La Pomme d 'Or;52 rte Mont Blanc;74130;VOUGY;04 50 34 58 23;www.facebook.com/lapommedor74;;;;;;;['Parking', 'Hôtel', 'Animaux acceptés', 'Wi-fi', 'Hébergement en montagne', 'Télévision par satellite', 'Restaurant', 'Hôtel de charme', 'Wifi', 'Restaurants ', 'Hôtels '];['Lundi', '12h00 - 14h00', '19h30 - 21h30', 'Mardi', '12h00 - 14h00', '19h30 - 21h30', 'Mercredi', '12h00 - 14h00', '19h30 - 21h30', 'Jeudi', '12h00 - 14h00', '19h30 - 21h30', 'Vendredi', '12h00 - 14h00', '19h30 - 21h30', 'Samedi', '12h00 - 14h00', '19h30 - 21h30', 'Dimanche', '12h00 - 14h00', '19h30 - 21h30'];;
1537;Le New Club;27 r Granges;74200;THONON LES BAINS;04 50 81 66 79;;;;;;;;['animaux acceptés', 'terrasse', 'parking', 'restaurant repas de groupe'];['Lundi', 'Mardi', '12h00 - 14h00', '19h00 - 00h00', 'Mercredi', '12h00 - 14h00', '19h00 - 00h00', 'Jeudi', '12h00 - 14h00', '19h00 - 00h00', 'Vendredi', '12h00 - 14h00', '19h00 - 00h00', 'Samedi', '12h00 - 14h00', '19h00 - 00h00', 'Dimanche', '12h00 - 14h00', '19h00 - 00h00'];;
1538;Keko Et Keko Kebab;17 av Mar Leclerc;74100;ANNEMASSE;04 50 84 01 63;http://keko-kebab.com/;['plat + boisson : ', 'plat + boisson : ', 'Plat + dessert (boissons comprises) : ', 'Plat + dessert (boissons comprises) : '];['7.70 €', '8.70 €', '12.20 €', '7.50 €'];restauration rapide;5.0;['Kebab', 'Kofte', 'Kebab', 'Kofte'];['8.90 €', '9.20 €', '5 €', '5 €'];['kebab', 'terrasse', 'parking', 'restaurant repas de groupe', 'restaurant halal', 'climatisation'];;;
1539;Rond De Carotte;50 r Vignette;74170;SAINT GERVAIS LES BAINS;04 50 47 76 39;;;;;;;;;;;
1540;Restaurant La Maison Carrier;44 rte Bouchet;74400;CHAMONIX MONT BLANC;04 50 53 00 03;http://www.hameaualbert.fr/fr/restaurant-de-pays-la-maison-carrier;;;cuisine française;5.0;;;['restaurant repas de groupe'];;;
1541;Delicious;2 r Doct Favre;74100;ANNEMASSE;09 54 77 92 86;http://www.deliciousfood.fr;;;;;;;['Américaine '];['Lundi', '11h30 - 14h30', '18h30 - 22h00', 'Mardi', '11h30 - 14h30', '18h30 - 22h00', 'Mercredi', '11h30 - 14h30', '18h30 - 22h00', 'Jeudi', '11h30 - 14h30', '18h30 - 22h00', 'Vendredi', '11h30 - 14h30', '18h30 - 22h00', 'Samedi', '11h30 - 14h30', '18h30 - 23h00', 'Dimanche', '18h30 - 23h00'];;
1542;GAEC LE SEMNOZ;51 che Chez Lavy;74540;VIUZ LA CHIÉSAZ;04 50 05 45 83;;;;;;;;;;;
1543;L'alpage du Crot;Piste du Crot Avoriaz;74110;MORZINE;06 59 97 40 64;facebook.com;;;;;;;['Cuisine française '];['Lundi', '09h00 - 18h00', 'Mardi', '09h00 - 18h00', 'Mercredi', '09h00 - 18h00', 'Jeudi', '09h00 - 18h00', 'Vendredi', '09h00 - 18h00\n ', 'Samedi', '09h00 - 18h00', 'Dimanche', '09h00 - 18h00'];;
1544;Hôtel Restaurant du Port;r Port;74140;YVOIRE;04 50 72 80 17;www.hdpy.fr;;;;;;;['télévision', 'hôtel avec piscine', 'parking', 'climatisation', 'wifi', 'Hôtels ', 'Restaurants ', 'Hôtels 4* '];;;
1545;L'Onyx;69 all Marmousets;74120;MEGÈVE;04 50 91 48 70;http://alpaga.com/fr/hotel/restaurants;;;;;['Ardoise de charcuterie de Savoie', 'Velouté du jour, oeuf parfait, croustillant pignon de pin', 'Filet de truite de Savoie, sauce crustacés', 'Suggestions du moment', 'Coulant au chocolat', 'Mont-Blanc'];['14\xa0 €', '14\xa0 €', '25\xa0 €', '25\xa0 €', '14\xa0 €', '14\xa0 €'];['terrasse', 'parking', 'facilité bébé', 'wifi'];;;
1546;Smoke Meat Everyday;74 Chez le Gaud;74200;REYVROZ;06 70 14 22 65;;;;;;;;;;;
1547;Jessipaul;89 rte Presilly;74160;FEIGÈRES;04 50 94 38 80;http://www.auberge-archamps.fr;;;;;;;['terrasse', 'Restaurants ', 'Cafés, bars '];['Lundi', 'Mardi', '08h30 - 15h30', '18h00 - 21h30', 'Mercredi', '08h30 - 15h30', '18h00 - 21h30', 'Jeudi', '08h30 - 15h30', '18h00 - 21h30', 'Vendredi', '08h30 - 15h30', '18h00 - 21h30', 'Samedi', '08h30 - 21h30', 'Dimanche'];;
1548;L'Atelier Des 4 Gourmets;16 r Jean Mermoz;74000;ANNECY LE VIEUX;04 50 23 70 41;http://www.les4gourmets.com;;;cuisine du monde;4.0;"['I crostini', 'Le cozze ripiene alla siciliana', 'Il guanciale di maiale', 'Il risotto alle zucchine', 'Fragole al basilico', ""L'affogato""]";['6.5\xa0 €', '9\xa0 €', '16\xa0 €', '16\xa0 €', '9\xa0 €', '9\xa0 €'];"['restaurant sans gluten', 'terrasse', ""repas d'affaire"", 'gastronomique', 'facilité bébé', 'restaurant bio', 'wifi', 'organisation de réception', 'restaurant végétarien', 'plat à emporter', 'animaux acceptés', 'parking', 'livraison à domicile', 'restaurant repas de groupe', 'accès handicapés']";['Lundi', '09h00 - 22h00', 'Mardi', '09h00 - 22h00', 'Mercredi', '09h00 - 22h00', 'Jeudi', '09h00 - 22h00', 'Vendredi', '09h00 - 22h00', 'Samedi', '09h00 - 22h00', 'Dimanche'];;
1549;Domenge Gérard;28 rte Chef Lieu;74270;MARLIOZ;04 50 77 81 02;;;;;;;;['animaux acceptés', 'terrasse', 'parking', 'facilité bébé', 'Zone fumeur', 'restaurant repas de groupe', 'accès handicapés'];['Lundi', '12h00 - 14h00', '19h00 - 21h00', 'Mardi', '12h00 - 14h00', '19h00 - 21h00', 'Mercredi', '12h00 - 14h00', '19h00 - 21h00', 'Jeudi', '12h00 - 14h00', '19h00 - 21h00', 'Vendredi', '12h00 - 14h00', '19h00 - 21h00', 'Samedi', '12h00 - 14h00', '19h00 - 21h00', 'Dimanche', '12h00 - 14h00', '19h00 - 21h00'];;
1550;Le Savana;Casino d'Evian quai Baron de Blonay;74500;EVIAN-LES-BAINS;04 50 26 87 87;www.casino-evian.com;;;Restaurant français;1.0;;;['accès pour les personnes à mobilité réduite', 'jeux pour enfants', 'télévision', 'spa', 'wi-fi', 'hammam', 'climatisation', 'animaux acceptés', 'restaurant', 'salle de sport', 'jardin', 'parking', 'piscine', 'sauna', 'accueil bébé'];['Lundi', '12h00 - 14h30', '19h00 - 23h00', 'Mardi', '12h00 - 14h30', '19h00 - 23h00', 'Mercredi', '12h00 - 14h30', '19h00 - 23h00', 'Jeudi', '12h00 - 14h30', '19h00 - 23h00', 'Vendredi', '12h00 - 14h30', '19h00 - 00h00', 'Samedi', '12h00 - 14h30', '19h00 - 00h00', 'Dimanche', '12h00 - 13h30\n '];46.401577;6.589653
1551;LA CASCADE;75 pl Eglise;74220;LA CLUSAZ;04 50 02 46 99;;;;;;;;['crêperie', 'plat à emporter', 'animaux acceptés', 'terrasse', 'facilité bébé'];['Lundi', '11h30 - 22h00', 'Mardi', '11h30 - 22h00', 'Mercredi', '11h30 - 22h00', 'Jeudi', '11h30 - 22h00', 'Vendredi', '11h30 - 22h00', 'Samedi', '11h30 - 22h00', 'Dimanche', '11h30 - 22h00'];;
1552;Bistrot du marché Domancy;119 Zone Commerciale la Pallud;74700;DOMANCY;0450936622;www.intermarche.com;;;;;;;;['Lundi', '08h30 - 20h00', 'Mardi', '08h30 - 20h00', 'Mercredi', '08h30 - 20h00', 'Jeudi', '08h30 - 20h00', 'Vendredi', '08h30 - 20h00', 'Samedi', '08h30 - 20h00', 'Dimanche', '08h30 - 12h30'];;
1553;Restaurant La Roselette;sent Montagne;74170;LES CONTAMINES MONTJOIE;04 50 47 89 97;laroselette.free.fr;;;;;;;['Refuges de montagne ', 'Restaurants '];;;
1554;Résidence Maeva Le Mont d'Arbois;117 chem Rocaille;74120;MEGÈVE;04 50 91 94 00;http://www.coiffeur-sallanches-megeve.fr;;;;;;;['Résidences de tourisme, résidences hôtelières ', 'Restaurants ', 'Terrains, clubs de tennis ', 'Villages, clubs de vacances '];['Lundi', '09h00 - 13h00', '14h00 - 17h30', 'Mardi', '09h00 - 13h00', '14h00 - 17h30', 'Mercredi', '09h00 - 13h00', '14h00 - 17h30', 'Jeudi', '09h00 - 13h00', '14h00 - 17h30', 'Vendredi', '09h00 - 14h00', 'Samedi', 'Dimanche'];;
1555;Arside Jean-Pierre;705 rte Moussy;74930;REIGNIER ESERY;04 50 95 79 45;;;;;;;;;;;
1556;La Table De Cezanne;Le Port chem Moines;74290;TALLOIRES MONTMIN;04 50 60 77 33;www.abbaye-talloires.com;;;;;"[""Croque Madame au jambon cuit à la truffe d'été, meule de Savoie et oeufs de caille"", ""Salade César accompagnée d'anchois, suprême de volaille et parmesan"", 'Le filet de poisson du jour à la plancha, sauce vierge de tomates cerises et cébettes, pomme de terre à la braise', ""Le risotto d'orge perlé aux légumes verts et fines herbes du potager"", 'La faisselle au coulis de fruits rouges et crème fraîche', 'La faisselle aux échalotes et fines herbes']";['21 €', '19 €', '29 €', '19 €', '7 €', '7 €'];"['Musicale ', 'Bourgogne ', 'Nord ', 'Accès pour personnes à mobilité réduite ', 'Espace privatisable ', 'Parking ', 'Repas de famille ', 'Salle de réunion ', 'Soirée oenologique ', 'Soirée à thème ', '21-30 euros ', 'Accès internet ', 'Animation spectacle ', 'Auberge ', 'Brasserie ', 'Enfant ', 'Fait maison ', 'Montagne ', 'Produit local ', 'Péniche ', ""Repas d'entreprise "", 'À volonté ']";['Lundi', '12h00 - 14h30', 'Mardi', '12h00 - 14h30', 'Mercredi', '12h00 - 14h30', 'Jeudi', '12h00 - 14h30', 'Vendredi', '12h00 - 14h30', 'Samedi', '12h00 - 14h30', 'Dimanche', '12h00 - 14h30'];;
1557;Restaurant Du Port (Sarl);Chef Lieu quai Eugène Vesin;74500;MEILLERIE;04 50 76 14 30;www.restaurantduport.fr;;;;;;;['base nautique', 'Infrastructures de sports et loisirs ', 'Restaurants '];;;
1558;L'Auberge du clocher;rte d'Aix;74540;SAINT FÉLIX;04 50 27 72 05;www.auberge-du-clocher.com;;;;;;;['parking', 'brasserie', 'terrasse', 'Repas de groupes', '« Fait maison »', 'repas de groupe'];['Lundi', '12h00 - 14h00', 'Mardi', '12h00 - 14h00', 'Mercredi', '12h00 - 14h00', 'Jeudi', '12h00 - 14h00', 'Vendredi', '12h00 - 14h00', '19h00 - 21h00', 'Samedi', '12h00 - 14h00', '19h00 - 21h00', 'Dimanche'];45.7978;5.968467
1559;Ima Pizza;20 Grande Rue;74160;SAINT JULIEN EN GENEVOIS;04 50 38 11 07;;;;;;;;;;;
1560;Café Zeph;63 rte Centre;74390;CHÂTEL;04 50 73 24 15;www.facebook.com;;;;;;;['Cuisine française '];;;
1561;Lyly;3 av Chevêne;74000;ANNECY;04 50 45 62 78;;;;;;;;['animaux acceptés', 'parking', 'facilité bébé', 'restaurant repas de groupe', 'climatisation'];['Lundi', 'Mardi', '11h30 - 14h30', '18h30 - 22h00', 'Mercredi', '11h30 - 14h30', '18h30 - 22h00', 'Jeudi', '11h30 - 14h30', '18h30 - 22h00', 'Vendredi', '11h30 - 14h30', '18h30 - 22h00', 'Samedi', '11h30 - 14h30', '18h30 - 22h00', 'Dimanche', '11h30 - 14h30', '18h30 - 22h00'];;
1562;Alpade de L'herney;ld Cordon 2980 rte Frebouges D'En Haut;74700;CORDON;06 98 32 52 61;http://www.alpagedelherney.com;;;;;;;"['terrasse', ""repas d'affaire"", 'facilité bébé', 'wifi', 'organisation de réception', 'cheminée', 'jardin', 'animaux acceptés', 'parking', 'saladerie', 'Zone fumeur', 'voiturier', 'accès handicapés', 'climatisation']";['Lundi', '10h00 - 17h30', 'Mardi', '10h00 - 17h30', 'Mercredi', '10h00 - 17h30', 'Jeudi', '10h00 - 17h30', 'Vendredi', '10h00 - 17h30', 'Samedi', '10h00 - 17h30', 'Dimanche', '10h00 - 17h30'];;
1563;BKQ Services;29 rte Croisée D'anthy;74200;ANTHY SUR LÉMAN;04 80 74 00 48;;;;;;;;;;;
1564;Camp De Base Café;av Mont Blanc;74190;PASSY;04 50 53 28 94;http://www.campdebasecafe.com;;;;;;;['saladerie', 'Traiteurs ', 'Restaurants '];['Lundi', '09h00 - 19h00', 'Mardi', '09h00 - 19h00', 'Mercredi', '09h00 - 19h00', 'Jeudi', '09h00 - 19h00', 'Vendredi', '09h00 - 19h00\n ', 'Samedi', '09h00 - 19h00', 'Dimanche'];;
1565;L'aparté;102 av Genève;74000;ANNECY;04 50 67 15 04;http://www.campanile-gennevilliers.fr/en;;;;;;;;['Lundi', '11h30 - 15h00', 'Mardi', '11h30 - 15h00', '18h30 - 00h00', 'Mercredi', '00h00 - 01h00', '11h30 - 15h00', '18h30 - 00h00', 'Jeudi', '00h00 - 01h00', '11h30 - 15h00', '18h30 - 00h00', 'Vendredi', '00h00 - 01h00', '11h30 - 15h00', '18h30 - 00h00', 'Samedi', '00h00 - 01h00', '11h30 - 15h00', ' 18h30 - 00h00', 'Dimanche', '00h00 - 01h00'];45.92094;6.123906
1566;Le Doxaty;4 r Faucille;74100;ANNEMASSE;04 50 84 12 32;www.facebook.com/ledoxaty;;;;;;;;;;
1567;Piranha;Ens Les Vignes Du Lac 291 r Ecoles;74140;EXCENEVEX;04 50 94 19 75;;;;;;;;['Restaurants ', 'Matériel pour restaurants '];;;
1568;La Savoyarde;Le Praz De Lys Le Praz de Lys;74440;TANINGES;04 50 34 28 73;http://la-savoyarde.business.site;;;;;;;['Cuisine française '];['Lundi', '08h00 - 22h00\n ', 'Mardi', '08h00 - 22h00', 'Mercredi', '08h00 - 22h00', 'Jeudi', '08h00 - 22h00', 'Vendredi', '08h00 - 22h00', 'Samedi', '08h00 - 22h00', 'Dimanche', '08h00 - 22h00'];;
1569;Le Chalet Savoyard;Col Des Aravis;74220;LA CLUSAZ;04 50 02 41 76;;;;;;;;['animaux acceptés', 'terrasse', 'parking', 'facilité bébé', 'Restaurants ', 'Location saisonnière '];['Lundi', '11h00 - 15h00', '19h00 - 22h00', 'Mardi', '11h00 - 15h00', '19h00 - 22h00', 'Mercredi', '11h00 - 15h00', '19h00 - 22h00', 'Jeudi', '11h00 - 15h00', '19h00 - 22h00', 'Vendredi', '11h00 - 15h00', '19h00 - 22h00', 'Samedi', ' 11h00 - 15h00', '19h00 - 22h00', 'Dimanche', '11h00 - 15h00', '19h00 - 22h00'];;
1570;Restaurant la Voile;all Impérial;74000;ANNECY;04 50 09 30 00;http://www.hotel-imperial-palace.com/fr/la-voile-149;;;cuisine française;5.0;;;['terrasse', 'parking', 'gastronomique', 'restaurant repas de groupe', 'wifi'];['Lundi', '12h00 - 14h00', '19h00 - 21h30', 'Mardi', '12h00 - 14h00', '19h00 - 21h30', 'Mercredi', '12h00 - 14h00', '19h00 - 21h30', 'Jeudi', '12h00 - 14h00', '19h00 - 21h30', 'Vendredi', '12h00 - 14h00', '19h00 - 22h00', 'Samedi', '12h00 - 14h30', '19h00 - 22h00', 'Dimanche', '12h00 - 14h30', '19h00 - 21h30'];;
1571;L'atelier SAS;Hôtel Le Samoyede 9 pl Office du Tourisme;74110;MORZINE;04 50 79 00 79;http://www.hotel-lesamoyede.com;;;;;;;['animaux acceptés', 'terrasse', 'parking', 'gastronomique', 'facilité bébé', 'restaurant repas de groupe', 'accès handicapés', 'wifi'];['Lundi', '19h00 - 21h30', 'Mardi', 'Mercredi', '19h00 - 21h30', 'Jeudi', '19h00 - 21h30\n ', 'Vendredi', '19h00 - 21h30', 'Samedi', '19h00 - 21h30', 'Dimanche', '19h00 - 21h30'];;
1572;L'aparté;102 av Genève;74000;ANNECY;04 50 67 15 04;http://www.campanile-gennevilliers.fr/en;;;;;;;;['Lundi', '11h30 - 15h00', 'Mardi', '11h30 - 15h00', '18h30 - 00h00', 'Mercredi', '00h00 - 01h00', '11h30 - 15h00', '18h30 - 00h00', 'Jeudi', '00h00 - 01h00', '11h30 - 15h00', '18h30 - 00h00', 'Vendredi', '00h00 - 01h00', '11h30 - 15h00', '18h30 - 00h00', 'Samedi', '00h00 - 01h00', '11h30 - 15h00', '18h30 - 00h00', 'Dimanche', '00h00 - 01h00'];45.92094;6.123906
1573;Topp Reiner;Mais De Terre 125 imp Bruet;74150;VERSONNEX;06 42 22 98 73;http://www.toppizz.fr;;;;;;;['pizzeria', 'plat à emporter', 'Restaurants ', 'Pizzas à emporter '];;;
1574;Café des Sports Shertan SARL;1 pl Stalingrad;74150;RUMILLY;04 50 64 60 64;;;;cuisine française;5.0;;;"['organisation de réception', 'terrasse', ""repas d'affaire"", 'restaurant repas de groupe', 'brasserie']";['Lundi', '06h30 - 00h00', 'Mardi', '06h30 - 01h00', 'Mercredi', '06h30 - 01h00', 'Jeudi', '06h30 - 01h00', 'Vendredi', '06h30 - 01h00', 'Samedi', '06h30 - 01h00', 'Dimanche', '00h00 - 01h00'];;
1575;Restaurant Le Vieil Atelier;138 all Thyollire;74250;VIUZ EN SALLAZ;04 50 36 15 70;;;;;;;;['pizzeria'];;;
1576;Camping Le Nant Matraz;15 rte Genève;74910;SEYSSEL;04 50 48 56 40;http://www.camping-seyssel.com;;;;;;;['Musicale ', 'Accès pour personnes à mobilité réduite ', 'Accès internet ', 'Enfant ', 'Fait maison ', 'Frites ', 'Montagne ', 'Restaurant savoyard ', 'Restaurants ', 'Campings '];;;
1577;La Sauvageonne;Le Bouchet;74310;SERVOZ;04 50 53 69 03;http://www.restaurant-sauvageonne.fr;;;;;;;['plat à emporter', 'terrasse', 'parking', 'restaurant repas de groupe'];['Lundi', '09h00 - 22h00', 'Mardi', '09h00 - 22h00', 'Mercredi', '09h00 - 22h00', 'Jeudi', '09h00 - 22h00', 'Vendredi', '09h00 - 22h00', 'Samedi', '09h00 - 22h00', 'Dimanche', '09h00 - 22h00'];;
1578;Auberge De Megevette;chef lieu 50 rte Vallée du Risse;74490;MÉGEVETTE;04 50 35 06 23;http://www.laubergedemegevette.com;;;;;;;['2 étoiles ', 'Hôtels ', 'Restaurants '];;;
1579;Le Café de la Marine;quai Plaisance YVOIRE;74140;YVOIRE;04 50 72 85 67;http://www.bacouni.com;;;;;;;['Parking ', 'Repas de famille ', 'Salle de réunion ', 'Brasserie ', 'Cuisine française ', 'Enfant ', 'Fait maison ', 'Frites ', 'Vue panoramique ', 'Restaurants ', 'Cafés, bars '];['Lundi', 'Mardi', '12h15 - 13h30', '19h15 - 21h15', 'Mercredi', '12h15 - 13h30', '19h15 - 21h15', 'Jeudi', '12h15 - 13h30', '19h15 - 21h15', 'Vendredi', '12h15 - 13h30', '19h15 - 21h15', 'Samedi', '12h15 - 13h30', '19h15 - 21h15', 'Dimanche', '12h15 - 13h30'];;
1580;Le Blanchot SARL;14 Gén Store Flaine;74300;ARÂCHES LA FRASSE;09 51 62 60 08;www.facebook.com;;;;;;;['Cuisine française '];;;
1581;L'Estanco;82 av Cognacq Jay;74340;SAMOËNS;04 50 34 40 11;www.facebook.com;;;;;;;;['Lundi', '12h00 - 13h30', '19h30 - 21h30', 'Mardi', '12h00 - 13h30', '19h30 - 21h30', 'Mercredi', 'Jeudi', 'Vendredi', '12h00 - 13h30', '19h30 - 21h30', 'Samedi', '12h00 - 13h30', '19h30 - 21h30', 'Dimanche', '12h00 - 13h30', '19h30 - 21h30'];;
1582;Bar Semper Fi;13 r Royale;74000;ANNECY;09 53 70 30 53;www.facebook.com;;;;;;;['Bars à thèmes ', 'Restaurants '];;;
1583;Auberge Des Bornes;625 rte Roche;74350;MENTHONNEX EN BORNES;04 50 77 18 61;www.aubergedesbornes.com;;;cuisine française;1.0;;;['terrasse', 'aire de jeux', 'facilité bébé', 'repas de groupe', 'repas de mariage', 'accès aux personnes à mobilité réduite', 'repas de baptême', 'jardin', 'animaux acceptés', 'parking', 'restaurant traditionnel', 'restaurant repas de groupe', 'accès handicapés'];['Lundi', 'Mardi', '12h00 - 14h00', 'Mercredi', '12h00 - 14h00\n ', 'Jeudi', '12h00 - 14h00', 'Vendredi', '12h00 - 14h00', '19h00 - 22h00', 'Samedi', '12h00 - 14h00', '19h00 - 22h00', 'Dimanche', '12h00 - 14h00'];;
1584;Chez Tot';90 av Plaine;74000;ANNECY;06 88 97 99 29;;;;;;;;;;;
1585;Arojo;148 chem Cabeau;74230;MANIGOD;04 50 44 90 33;;;;;;;;;;;
1586;La Terrasse;1006 r Champ Canon;74210;SAINT FERRÉOL;04 50 44 50 05;http://www.hotelflorimont.com;;;;;;;"['terrasse', ""repas d'affaire"", 'restaurant repas de groupe']";;;
1587;A L'Imprévu;9 r René Cassin;74150;RUMILLY;04 50 10 11 55;;;;;;;;['pizzeria'];['Lundi', 'Mardi', '18h30 - 22h00', 'Mercredi', '18h30 - 22h00', 'Jeudi', '18h30 - 22h00', 'Vendredi', '18h30 - 22h00', 'Samedi', 'Dimanche'];;
1588;Les Vieilles Luges;Vallée Chamonix 810 chem Carbotte;74310;LES HOUCHES;06 84 42 37 00;www.lesvieillesluges.com;;;;;;;['Panoramique ', 'Parking ', 'Cuisine française '];;;
1589;La Flèche d'Or;973 rte Vonnes;74390;CHÂTEL;04 50 73 36 03;www.residence-hotel-chatel.com;;;;;;;['1 étoile ', 'Animaux acceptés ', 'Chambre avec terrasse ', 'Garage ', 'Hammam ', 'Parking ', 'Sauna ', 'Spa ', 'Télévision ', 'Jacuzzi ', 'Laverie ', 'Sèche-linge ', 'Hôtel avec piscine intérieure ', 'Location de chalet ', 'Salle de billard ', 'Résidences de tourisme, résidences hôtelières ', 'Restaurants '];['Lundi', '12h00 - 14h00', '19h00 - 21h00', 'Mardi', '12h00 - 14h00', '19h00 - 21h00', 'Mercredi', '12h00 - 14h00', '19h00 - 21h00', 'Jeudi', '12h00 - 14h00', '19h00 - 21h00', 'Vendredi', '12h00 - 14h00', ' 19h00 - 21h00', 'Samedi', '12h00 - 14h00', '19h00 - 21h00', 'Dimanche', '12h00 - 14h00', '19h00 - 21h00'];;
1590;Une Autre Histoire;26 r Royale;74000;ANNECY;04 50 63 31 16;http://www.une-autre-histoire.com;;;cuisine française;5.0;;;['accès handicapés'];['Lundi', 'Mardi', '19h00 - 21h00', 'Mercredi', '12h00 - 13h15', '19h15 - 21h30', 'Jeudi', '12h00 - 13h15', '19h15 - 21h30', 'Vendredi', '12h00 - 13h15', '19h15 - 21h30', 'Samedi', '12h00 - 13h15', '19h15 - 21h30', 'Dimanche'];;
1591;L'Encas'C'Route;21 r François Levêque;74000;ANNECY;06 41 77 33 27;;;;;;;;;;;
1592;Refuge Le Chatelet D'Ayères;2241 rte Châtelet;74310;PASSY;04 50 58 85 32;http://lechateletdayeres.pagesperso-orange.fr/topic/index.html;;;;;;;['animaux acceptés', 'terrasse', 'parking', 'facilité bébé', 'Zone fumeur', 'restaurant repas de groupe', 'accès handicapés', 'restaurant bio'];['Lundi', '12h00 - 14h00', '19h00 - 22h00', 'Mardi', '12h00 - 14h00', '19h00 - 22h00', 'Mercredi', '12h00 - 14h00', '19h00 - 22h00', 'Jeudi', '12h00 - 14h00', '19h00 - 22h00', 'Vendredi', '12h00 - 14h00', '19h00 - 22h00', 'Samedi', '12h00 - 14h00', '19h00 - 22h00', 'Dimanche', '12h00 - 14h00', '19h00 - 22h00'];;
1593;Camping Le Belvedère;8 rte Semnoz;74000;ANNECY;04 50 45 48 30;http://www.annecy.fr/581-camping-annecy-camping-municipal.htm;;;restauration rapide;4.0;;;['Restauration rapide ', 'Restaurants ', 'Campings '];;;
1594;L'Arrach bar restaurant;1240 rte Clermont;74330;SILLINGY;04 50 68 70 53;www.facebook.com;;;;;;;;['Lundi', '06h00 - 14h30', 'Mardi', '06h00 - 23h00', 'Mercredi', '06h00 - 23h00', 'Jeudi', '06h00 - 23h00', 'Vendredi', '06h00 - 00h00', 'Samedi', '07h00 - 01h00', 'Dimanche', ' 00h00 - 01h00', '08h00 - 13h00'];;
1595;Hôtel Les Sapins;105 chem Riffroids;74220;LA CLUSAZ;04 50 63 33 33;www.facebook.com;;;;;;;['1 étoile ', 'Bar ', 'Hammam ', 'Restauration ', 'Résidences de tourisme, résidences hôtelières ', 'Hôtels ', 'Cafés, bars ', 'Hôtels restaurants ', 'Hammams ', 'Restaurants '];;;
1596;Chez Frantz;16 r Jean Jacques Rousseau;74000;ANNECY;04 50 19 99 82;www.facebook.com;;;;;['Duo de Savoie au vin blanc et crozets Fait Maison', 'Lasagnes avec une salade Fait Maison', 'Crème brulée', 'La Tarte du jour'];['12.5\xa0 €', '13.5\xa0 €', '5\xa0 €', '5\xa0 €'];['16-20 euros '];['Lundi', 'Mardi', '07h00 - 16h30', 'Mercredi', '09h00 - 16h30', 'Jeudi', '09h00 - 16h30', 'Vendredi', '07h00 - 20h30', 'Samedi', '08h00 - 20h30', 'Dimanche', '07h00 - 15h00'];;
1597;Restaurant Beijing;2 rte Verniaz;74200;ANTHY SUR LÉMAN;04 50 16 38 77;;;;;;;;;;;
1598;La Bergerie;530 rte Linga;74390;CHÂTEL;04 50 73 27 20;http://www.hotelbergerie.com;;;;;;;['jardin', 'télévision', 'animaux acceptés', 'salle de sport', 'facilités bébé', 'parking', 'hôtel spa', 'wifi', 'restaurant', 'jeux pour enfants', 'Hôtels ', 'Restaurants '];;;
1599;Carta Luisanna Le Chablaisien;43 pl Gare;74890;BONS EN CHABLAIS;04 50 36 19 05;http://www.restaurant-indien-bons.fr;;;;;;;['pizzeria', 'animaux acceptés', 'terrasse', 'restaurant repas de groupe', 'restaurant halal'];['Lundi', '12h00 - 14h00', '19h00 - 22h00', 'Mardi', '12h00 - 14h00', '19h00 - 22h00', 'Mercredi', '12h00 - 14h00', '19h00 - 22h00', 'Jeudi', '12h00 - 14h00', '19h00 - 22h00', 'Vendredi', '12h00 - 14h00', '19h00 - 22h00', 'Samedi', '12h00 - 14h00', '19h00 - 22h00', 'Dimanche'];;
1600;Le Temps De Vivre SNC;47 chem Belosses;74100;AMBILLY;04 50 92 36 06;www.letempsdevivre.fr;;;cuisine française;5.0;;;['animaux acceptés', 'terrasse', 'parking', 'facilité bébé', 'restaurant repas de groupe'];['Lundi', 'Mardi', '12h00 - 13h15', '19h30 - 21h15', 'Mercredi', '12h00 - 13h15', '19h30 - 21h15', 'Jeudi', '12h00 - 13h15', '19h30 - 21h15', 'Vendredi', '12h00 - 13h15', '19h30 - 21h15', 'Samedi', '19h30 - 21h15', 'Dimanche'];;
1601;Les Hauts Du Lac;23 Grande Rue;74200;THONON LES BAINS;04 50 83 12 26;http://www.brasserieleshautsdulac.fr;;;cuisine française;4.0;;;['animaux acceptés', 'terrasse', 'parking', 'Zone fumeur', 'restaurant repas de groupe', 'accès handicapés'];['Lundi', '12h00 - 14h00', 'Mardi', '12h00 - 14h00', 'Mercredi', '12h00 - 14h00\n ', 'Jeudi', '12h00 - 14h00', 'Vendredi', '12h00 - 14h00', 'Samedi', '12h00 - 14h00', 'Dimanche'];;
1602;La Table D'Angèle;273 Grande Rue;74930;REIGNIER ESERY;04 50 31 16 16;http://www.tabledangele.com;;;;;;;['Guide michelin '];['Lundi', 'Mardi', '18h00 - 00h00', 'Mercredi', '12h00 - 14h00', '18h00 - 00h00', 'Jeudi', '12h00 - 14h00', '18h00 - 00h00', 'Vendredi', '12h00 - 14h00', '18h00 - 00h00', 'Samedi', '12h00 - 14h00', '18h00 - 00h00', 'Dimanche'];;
1603;Le Poirier;288 rte Moulins;74300;ARÂCHES LA FRASSE;04 50 90 05 45;www.facebook.com;;;;;;;['animaux acceptés', 'terrasse', 'parking', 'facilité bébé', 'restaurant repas de groupe', 'wifi'];['Lundi', '11h30 - 15h00', '19h00 - 22h30', 'Mardi', '11h30 - 15h00', '19h00 - 22h30\n ', 'Mercredi', '11h30 - 15h00', '19h00 - 22h30', 'Jeudi', '11h30 - 15h00', '19h00 - 22h30', 'Vendredi', '11h30 - 15h00', '19h00 - 22h30', 'Samedi', '11h30 - 15h00', '19h00 - 22h30', 'Dimanche', '11h30 - 15h00', '19h00 - 22h30'];;
1604;Fifty S Coffee EURL;92 r Ste Catherine;74130;BONNEVILLE;04 50 03 23 06;www.facebook.com;;;restauration rapide;4.0;;;"['crêperie', 'organisation de réception', 'plat à emporter', 'terrasse', ""repas d'affaire"", 'restaurant repas de groupe', 'service continu', 'accès handicapés', 'climatisation']";['Lundi', '07h00 - 21h30', 'Mardi', '07h00 - 21h30\n ', 'Mercredi', '07h00 - 21h30', 'Jeudi', '07h00 - 21h30', 'Vendredi', '07h00 - 21h30', 'Samedi', '07h00 - 21h30', 'Dimanche', '07h00 - 21h30'];;
1605;Restaurant du port;Lieu CHEF Lieu;74500;MEILLERIE;04 50 76 11 79;www.restaurantduport.fr;;;;;;;['animaux acceptés', 'terrasse', 'parking', 'bistrot', 'gastronomique', 'facilité bébé', 'accès handicapés', 'wifi', 'Restaurants ', 'Infrastructures de sports et loisirs '];;;
1606;Juno;2 rte Annecy;74150;RUMILLY;04 50 01 79 15;;;;;;;;;;;
1607;Restaurant De La Pointe Percée;79 pl Grenette;74450;LE GRAND BORNAND;04 50 02 22 80;http://www.lapointepercee.com/;;;restaurant savoyard;4.0;;;['plat à emporter', 'animaux acceptés', 'terrasse', 'parking', 'facilité bébé', 'restaurant repas de groupe', 'accès handicapés'];;;
1608;Crescendo Restauration;Ccal Carrefour av Georges Clemenceau;74300;CLUSES;04 50 98 42 30;http://www.crescendo-restauration.fr;;;cuisine française;4.0;;;['animaux acceptés', 'parking', 'facilité bébé', 'restaurant repas de groupe', 'accès handicapés', 'climatisation', 'wifi'];['Lundi', '09h00 - 22h00', 'Mardi', '09h00 - 22h00', 'Mercredi', '09h00 - 22h00', 'Jeudi', '09h00 - 22h00', 'Vendredi', '09h00 - 22h00', 'Samedi', '09h00 - 22h00', 'Dimanche', '09h00 - 22h00'];;
1609;Hôtel Restaurant Bon Séjour SARL;le Nouy;74500;THOLLON LES MÉMISES;04 50 70 92 65;http://www.bon-sejour.com;;;;;;;['jardin', 'télévision', 'animaux acceptés', 'facilités bébé', 'parking', 'wifi', 'restaurant', 'Hôtels ', 'Restaurants '];;;
1610;Mme Crotte Yvonne;227 rte Voirons;74140;MACHILLY;04 50 43 50 68;;;;;;;;['animaux acceptés', 'terrasse', 'parking', 'restaurant repas de groupe', 'service continu', 'climatisation'];['Lundi', '07h00 - 21h00', 'Mardi', '07h00 - 21h00', 'Mercredi', '07h00 - 21h00', 'Jeudi', '07h00 - 21h00', 'Vendredi', '07h00 - 21h00', 'Samedi', '07h00 - 21h00', 'Dimanche', '07h00 - 21h00'];;
1611;Le Creposaure;102 rte Trabets;74310;LES HOUCHES;04 50 54 55 25;;;;;;;;['plat à emporter', 'animaux acceptés', 'friterie', 'facilité bébé', 'Zone fumeur', 'service continu', 'accès handicapés', 'sandwicherie'];['Lundi', 'Mardi', '11h00 - 15h00', '19h30 - 21h00', 'Mercredi', '11h00 - 15h00', '19h30 - 21h00', 'Jeudi', '11h00 - 15h00', '19h30 - 21h00', 'Vendredi', '11h00 - 15h00', '19h30 - 21h00', 'Samedi', '11h00 - 15h00', '19h30 - 21h00', 'Dimanche', '11h00 - 15h00', ' 19h30 - 21h00'];;
1612;FLEUR DES NEIGES SARL;228 Taille de Mas de Nant Crue;74110;MORZINE;04 50 79 01 23;http://www.hotel-fleur-des-neiges.fr;;;;;;;['télévision', 'animaux acceptés', 'hôtel avec piscine', 'salle de sport', 'facilités bébé', 'parking', 'hôtel spa', 'wifi', 'restaurant', 'Hôtels ', 'Restaurants '];;;
1613;Atmani Pascal Emmanuel;229 all Fenaisons, Dessy;74130;BONNEVILLE;07 71 20 41 90;;;;;;;;;;;
1614;Be Burger;1 av Prélevet;74960;CRAN GEVRIER;04 50 01 04 00;;;;;;;;['plat à emporter', 'fast Food'];['Lundi', '11h00 - 15h00', '18h00 - 23h00', 'Mardi', '11h00 - 15h00', '18h00 - 23h00', 'Mercredi', '11h00 - 15h00', '18h00 - 23h00', 'Jeudi', '11h00 - 15h00', '18h00 - 23h00', 'Vendredi', '11h00 - 15h00', '18h00 - 23h00', 'Samedi', '11h00 - 15h00', '18h00 - 23h00', 'Dimanche', '18h00 - 23h00'];;
1615;La Fourchette Alsacienne;23 av Grande Rive;74500;EVIAN LES BAINS;04 50 83 63 19;http://lafourchettealsacienne.e-monsite.com;;;;;;;['Cuisine française '];['Lundi', '11h00 - 14h30', 'Mardi', 'Mercredi', '11h00 - 14h30', '18h00 - 21h30', 'Jeudi', '11h00 - 14h30', '18h00 - 21h30', 'Vendredi', '11h00 - 14h30', '18h00 - 21h30', 'Samedi', '11h00 - 14h30', '18h00 - 21h30', 'Dimanche', '11h00 - 14h30', '18h00 - 21h30'];;
1616;Hôtel Alpaga;66 all Marmousets;74120;MEGÈVE;04 50 91 48 70;http://www.alpaga.com;;;;;;;['montagne', 'ascenseur', 'télévision', 'conciergerie', 'transfert aéroport', 'espace bien être', 'club enfant', 'hammam', 'coffre-fort', 'accès internet', 'cheminée', 'jardin', 'salle de réunion', 'animaux acceptés', 'petit déjeuner', 'salle de sport', 'parking', 'chambre communicante', 'chambre double', 'voiturier', 'hébergement en montagne', 'organisation de séminaire', 'restaurant', 'jeux pour enfants', 'massage', 'accueil de groupe', 'hôtel avec piscine', 'chambre avec terrasse', 'séminaire', 'service en chambre', 'wifi', 'sauna', 'accueil 24h sur 24', 'hotel avec piscine couverte', 'transfert gare', 'bar', 'chambre familiale', 'téléphone', 'organisation de réception', 'facilités bébé', 'hôtel spa', 'accès handicapé', 'Hôtels ', 'Cafés, bars ', 'Restaurants '];;;
1617;Le Shuss;2880 imp Veroce;74170;SAINT NICOLAS DE VEROCE;04 50 93 21 93;www.facebook.com/Le-Schuss-St-Gervais-36303959266;;;;;;;;;;
1618;Au Fil du Thiou;Place des Cordeliers 5 pass Bains;74000;ANNECY;04 50 05 42 81;http://www.au-fil-du-thiou.com;;;;;;;['organisation de réception', 'terrasse', 'restaurant repas de groupe', 'accès handicapés'];['Lundi', '12h00 - 15h00', 'Mardi', '12h00 - 15h00', 'Mercredi', '12h00 - 15h00', 'Jeudi', '12h00 - 15h00', 'Vendredi', '12h00 - 15h00', '19h00 - 23h00', 'Samedi', '12h00 - 15h00', '19h00 - 23h00', 'Dimanche'];;
1619;Le Crépuscule;imm Capitale;74110;MORZINE;04 50 38 26 17;;;;;;;;;;;
1620;Le Chalet;Tennis Complexe Sportif rte Annecy;74210;DOUSSARD;06 72 21 63 04;;;;;;;;['Enfant '];;;
1621;Pol;1 r St Sébastien;74200;THONON LES BAINS;04 50 70 98 41;;;;;;;;;;;
1622;Thomwill;Chef Lieu rte Pré;74360;ABONDANCE;04 50 73 07 71;;;;cuisine française;5.0;['Marbré de foie gras (Maison)', 'Pain de poisson', 'Cuisses de grenouilles', 'Magret de canard français', 'Crème brûlée', 'Glaces artisanale Maison (exemple: sorbet au Porto rouge, sorbet au citron romarin infusé au Porto blanc)'];['16\xa0 €', '13\xa0 €', '19\xa0 €', '18.5\xa0 €', '6\xa0 €', '6\xa0 €'];['pizzeria', 'animaux acceptés', 'terrasse', 'facilité bébé'];['Lundi', '06h00 - 15h00', '17h00 - 22h00', 'Mardi', '06h00 - 15h00', '17h00 - 22h00', 'Mercredi', '06h00 - 15h00', '17h00 - 22h00', 'Jeudi', '06h00 - 15h00', '17h00 - 22h00', 'Vendredi', '06h00 - 15h00', '17h00 - 23h00', 'Samedi', '18h00 - 23h00', 'Dimanche', '12h00 - 15h00'];;
1623;Chez Nous;1 bd Bellevue;74000;ANNECY;04 50 12 02 98;;;;;;['Salade Ibérique', 'Salade Norvégienne', 'Penne bolognaise', 'Risotto noix et gorgonzola', 'Crème brûlée', 'Panna cota'];['8\xa0 €', '8\xa0 €', '14\xa0 €', '15\xa0 €', '5.5\xa0 €', '5.5\xa0 €'];['21-30 euros '];;;
1624;Intermarché;r René Cassin;74240;GAILLARD;04 50 39 71 11;www.intermarche.com;;;;;;;['distributeur de billet', 'dépôt de bouteille de gaz', 'e-85', 'Stations-service ', 'Supermarchés, hypermarchés ', 'Restaurants '];['Lundi', '08h30 - 19h45', 'Mardi', '08h30 - 19h45', 'Mercredi', '08h30 - 19h45', 'Jeudi', '08h30 - 19h45', 'Vendredi', '08h30 - 19h45', 'Samedi', '08h30 - 19h45', 'Dimanche', '08h30 - 12h00'];;
1625;Restaurant Les 1Séparables;1 av Gantin;74150;RUMILLY;04 50 77 80 41;http://www.restaurant-les1separables.com;;;cuisine française;4.0;;;"[""repas d'affaire""]";['Lundi', 'Mardi', '12h00 - 14h00\n ', '19h00 - 21h30', 'Mercredi', '12h00 - 14h00', '19h00 - 21h30', 'Jeudi', '12h00 - 14h00', '19h00 - 21h30', 'Vendredi', '12h00 - 14h00', '19h00 - 21h30', 'Samedi', '12h00 - 14h00', '19h00 - 21h30', 'Dimanche', '12h00 - 14h00'];;
1626;La Barca;La Croix D Ambilly 7 r Genève;74100;AMBILLY;04 50 37 05 01;;;;;;;;['pizzeria', 'parking', 'accès handicapés'];['Lundi', '19h00 - 23h00', 'Mardi', '19h00 - 23h00', 'Mercredi', '19h00 - 23h00', 'Jeudi', '19h00 - 23h00', 'Vendredi', '19h00 - 23h00', 'Samedi', '19h00 - 23h00', 'Dimanche', '19h00 - 23h00'];;
1627;Le Genepi;32 rte Centre, chef Lieu;74390;CHÂTEL;04 50 73 37 32;;;;Cuisine française;1.0;;;['plat à emporter', 'terrasse', 'restaurant repas de groupe'];['Lundi', '10h00 - 12h00', '14h00 - 22h00', 'Mardi', '10h00 - 12h00', '14h00 - 22h00', 'Mercredi', '10h00 - 12h00', '14h00 - 22h00', 'Jeudi', '10h00 - 12h00', ' 14h00 - 22h00', 'Vendredi', '10h00 - 12h00', '14h00 - 22h00', 'Samedi', '10h00 - 12h00', '14h00 - 22h00', 'Dimanche', '10h00 - 12h00', '14h00 - 22h00'];;
1628;La Bergerie;Plt D Assy 314 chem Parchets;74190;PASSY;04 50 93 80 51;http://www.haute-savoie-tourisme.org/restaurants/traditionnels/203960-restaurant-la-bergerie;;;cuisine française;5.0;;;['animaux acceptés', 'terrasse', 'parking', 'facilité bébé', 'restaurant repas de groupe', 'accès handicapés', 'wifi'];['Lundi', '12h00 - 14h00', '19h00 - 21h00', 'Mardi', '12h00 - 14h00', '19h00 - 21h00', 'Mercredi', '12h00 - 14h00', '19h00 - 21h00', 'Jeudi', '12h00 - 14h00', ' 19h00 - 21h00', 'Vendredi', '12h00 - 14h00', '19h00 - 21h00', 'Samedi', '12h00 - 14h00', ' 19h00 - 21h00', 'Dimanche', '12h00 - 14h00', '19h00 - 21h00'];;
1629;The Marcel;10 av Pré Félin;74940;ANNECY LE VIEUX;04 50 51 01 68;www.themarcel.fr;;;Cuisine française;4.0;;;['animaux acceptés', 'terrasse', 'parking', 'restaurant repas de groupe', 'accès handicapés', 'climatisation'];['Lundi', '09h00 - 15h00', 'Mardi', '09h00 - 15h00\n ', 'Mercredi', '09h00 - 15h00', 'Jeudi', '09h00 - 15h00', 'Vendredi', '09h00 - 15h00', 'Samedi', 'Dimanche'];;
1630;Hôtel de la Croix Blanche;81 r Joseph Vallot;74400;CHAMONIX MONT BLANC;04 50 53 00 11;http://www.chamonix.com/hotel-la-croix-blanche,113-142025,fr.html;;;;;;;['télévision', 'jardin', 'animaux acceptés', 'facilités bébé', 'parking', 'wifi', 'restaurant', 'Hôtels ', 'Restaurants '];;;
1631;New Tokyo SARL;Zone Du Grand Epagny Est 167 r Peupliers;74330;EPAGNY METZ TESSY;04 50 22 80 80;http://www.newtokyo74.com;['Menu à Volonté Midi Jour Férié : ', 'Menu à Volonté Midi : ', 'Menu à Volonté Soir Semaine (lundi-jeudi) : '];['15 €', '13 €', '18 €'];cuisine du monde;2.0;;;['animaux acceptés', 'parking', 'restaurant repas de groupe', 'accès handicapés', 'climatisation'];['Lundi', '12h00 - 14h00', '19h00 - 22h00', 'Mardi', '12h00 - 14h00', '19h00 - 22h00', 'Mercredi', '12h00 - 14h00', '19h00 - 22h00', 'Jeudi', '12h00 - 14h00', '19h00 - 22h00', 'Vendredi', '12h00 - 14h00', '19h00 - 22h00', 'Samedi', '12h00 - 14h00', '19h00 - 22h00', 'Dimanche'];;
1632;Chez Tot';90 av Plaine;74000;ANNECY;06 88 97 99 29;;;;;;;;;;;
1633;Café Du Palais;11 bd Gén Dessaix;74200;THONON LES BAINS;04 50 71 32 94;http://www.hotelcafedupalais.com;;;;;;;['2 étoiles ', 'Hôtels ', 'Restaurants '];['Lundi', '08h00 - 12h30', '13h30 - 18h30', 'Mardi', '08h00 - 12h30', '13h30 - 18h30', 'Mercredi', '08h00 - 12h30', '13h30 - 18h30', 'Jeudi', '08h00 - 12h30', '13h30 - 18h30', 'Vendredi', '08h00 - 12h30', '13h30 - 18h30', 'Samedi', '08h00 - 12h30', '13h30 - 18h30', 'Dimanche'];;
1634;Panda café;5 r Gare;74100;ANNEMASSE;06 89 86 79 78;;;;;;;;['terrasse', 'facilité bébé', 'wifi', 'Restaurants ', 'Cafés, bars '];;;
1635;Restaurant du port;Lieu CHEF Lieu;74500;MEILLERIE;04 50 76 11 79;www.restaurantduport.fr;;;;;;;['animaux acceptés', 'terrasse', 'parking', 'bistrot', 'gastronomique', 'facilité bébé', 'accès handicapés', 'wifi', 'Restaurants ', 'Infrastructures de sports et loisirs '];;;
1636;Le Satsuki;286 r Joseph Vallot;74400;CHAMONIX MONT BLANC;04 50 53 21 99;http://www.satsuki.eu;;;cuisine du monde;5.0;;;['animaux acceptés', 'terrasse', 'livraison à domicile', 'facilité bébé', 'restaurant repas de groupe', 'climatisation'];['Lundi', '12h00 - 14h30', '18h30 - 22h00', 'Mardi', '12h00 - 14h30', '18h30 - 22h00', 'Mercredi', '12h00 - 14h30', '18h30 - 22h00', 'Jeudi', '12h00 - 14h30', '18h30 - 22h00', 'Vendredi', '12h00 - 14h30', '18h30 - 22h00', 'Samedi', '12h00 - 14h30', '18h30 - 22h00', 'Dimanche', '12h00 - 14h30', '18h30 - 22h00'];;
1637;Le Vista;79 av Mont Blanc;74400;CHAMONIX MONT BLANC;04 50 53 99 60;;;;;;;;['organisation de réception', 'parking', 'facilité bébé', 'restaurant repas de groupe', 'brasserie'];;;
1638;Restaurant La Fruitière;248 rte Grandes Alpes;74220;LA CLUSAZ;04 50 63 13 66;www.facebook.com;;;cuisine française;4.0;;;"['organisation de réception', 'animaux acceptés', 'terrasse', 'parking', ""repas d'affaire"", 'gastronomique', 'Zone fumeur', 'facilité bébé', 'restaurant repas de groupe', 'accès handicapés', 'wifi']";['Lundi', '12h00 - 14h00', '19h00 - 22h00', 'Mardi', '12h00 - 14h00', '19h00 - 22h00', 'Mercredi', '12h00 - 14h00', '19h00 - 22h00', 'Jeudi', '12h00 - 14h00', '19h00 - 22h00', 'Vendredi', '12h00 - 14h00', '19h00 - 22h00', 'Samedi', '12h00 - 14h00', '19h00 - 22h00', 'Dimanche', '12h00 - 14h00', '19h00 - 22h00'];;
1639;Restaurant Tendance;4 pass Jacquard;74000;CRAN GEVRIER;04 50 57 88 26;http://restauranttendanceannecy.eatbu.com/?lang=fr;;;;;"['Burrata fumée, farandole de légumes', 'Filet de rouget en tapenade, espuma de tomate verte', ""Foie gras de canard, poêlé, purée de pommes de terre à l'huile de truffe"", 'Noisette de boeuf à la plancha au poivre Séchuan', '2010 The sphere of chocolate', 'Coupe Mont blanc, crème de marron, chantilly et sauce chocolat']";['12.5\xa0 €', '14.5\xa0 €', '22\xa0 €', '19\xa0 €', '7.5\xa0 €', '7.5\xa0 €'];['animaux acceptés', 'terrasse', 'parking', 'restaurant repas de groupe', 'climatisation'];['Lundi', '12h00 - 13h30', '19h00 - 21h30', 'Mardi', '12h00 - 13h30', '19h00 - 21h30', 'Mercredi', '12h00 - 13h30', '19h00 - 21h30', 'Jeudi', '12h00 - 13h30', '19h00 - 21h30', 'Vendredi', '12h00 - 13h30', '19h00 - 21h30', 'Samedi', '12h00 - 13h30', '19h00 - 21h30', 'Dimanche'];;
1640;Le Poelon Savoyard;St Gervais Les Bains 513 av Genève;74170;LE FAYET;04 50 78 11 00;;;;;;;;;;;
1641;La Grign' Yaute;15 pl Hôtel de Ville;74150;RUMILLY;04 50 01 51 20;;;;;;;;['Animaux acceptés', 'Sandwicherie', 'Plat à emporter', 'Terrasse'];['Lundi', '09h00 - 18h00', 'Mardi', '09h00 - 18h00', 'Mercredi', '09h00 - 18h00', 'Jeudi', '09h00 - 18h00', 'Vendredi', '09h00 - 18h00', 'Samedi', 'Dimanche'];;
1642;O Délices De Martine;av Emile Zola;74100;ANNEMASSE;09 51 80 56 93;www.facebook.com;;;;;;;;;;
1643;La Guinguette;255 rte Argos;74940;ANNECY LE VIEUX;04 50 66 05 85;;;;;;;;['Restaurants ', 'Cafés, bars '];['Lundi', 'Mardi', '12h00 - 14h00', 'Mercredi', '12h00 - 14h00', 'Jeudi', '12h00 - 14h00', 'Vendredi', '12h00 - 14h00', 'Samedi', '12h00 - 14h00', 'Dimanche', '12h00 - 14h00'];;
1644;Le Vieux Cédre;10 r Gare;74000;ANNECY;04 50 45 40 85;http://www.levieuxcedre.fr;;;cuisine du monde;5.0;;;['Libanaise ', 'Orientale ', '16-20 euros ', 'Cuisine du monde '];['Lundi', 'Mardi', '12h00 - 15h00', '18h30 - 22h30', 'Mercredi', '12h00 - 15h00', '18h30 - 22h30', 'Jeudi', '12h00 - 15h00', '18h30 - 22h30', 'Vendredi', '12h00 - 15h00', '18h30 - 22h30', 'Samedi', '12h00 - 15h00', '18h30 - 22h30\n ', 'Dimanche'];;
1645;S.E.R.A.C. (Société d'Exploitation Restaurants d'Altitude de Chamonix);65 chem Glacière;74400;ARGENTIÈRE;04 50 53 61 09;www.restaurants-altitude.com;;;;;;;"['Restaurant de pâtes ', 'Vegan ', 'Nord ', 'Parking ', ""Restaurant d'altitude "", 'Burger ', 'Enfant ', 'Fait maison ', 'Frites ', 'Grill ', 'Menu végan ', 'Pierrade ', 'Produit local ', 'Restaurant savoyard ', 'Restaurant tex mex ', 'Restaurants ', 'Restaurants pour réceptions, pour séminaires ']";['Lundi', '12h00 - 18h00', 'Mardi', '12h00 - 18h00', 'Mercredi', ' 12h00 - 18h00', 'Jeudi', '12h00 - 18h00', 'Vendredi', '12h00 - 18h00', 'Samedi', '12h00 - 18h00', 'Dimanche', '12h00 - 18h00'];;
1646;Le Chalet;Qu Eveche Vieille Ville 11 r Jean Jacques Rousseau;74000;ANNECY;04 50 51 82 55;http://www.restaurant-lechalet.com;;;cuisine française;5.0;;;['animaux acceptés', 'terrasse', 'facilité bébé', 'restaurant repas de groupe'];['Lundi', '12h00 - 14h30', '19h00 - 22h30', 'Mardi', '12h00 - 14h30', '19h00 - 22h30', 'Mercredi', '12h00 - 14h30', '19h00 - 22h30', 'Jeudi', '12h00 - 14h30', '19h00 - 22h30', 'Vendredi', '12h00 - 14h30', '19h00 - 22h30', 'Samedi', '12h00 - 14h30', '19h00 - 22h30', 'Dimanche'];;
1647;A La Bonne Francrepe;Gillon 507 rte Bellegarde;74330;EPAGNY METZ TESSY;07 67 24 35 39;http://www.alabonnefrancrepe.fr;;;;;;;;['Lundi', 'Mardi', '12h00 - 13h30', ' 19h00 - 21h30', 'Mercredi', '12h00 - 13h30', '19h00 - 21h30', 'Jeudi', '12h00 - 13h30', '19h00 - 21h30', 'Vendredi', '12h00 - 13h30', '19h00 - 21h30', 'Samedi', '12h00 - 13h30', '19h00 - 21h30', 'Dimanche'];;
1648;Restaurant L'Outa;Au Creux;74500;THOLLON LES MÉMISES;04 50 70 91 77;;;;cuisine française;5.0;;;['animaux acceptés', 'terrasse', 'parking', 'restaurant repas de groupe'];;;
1649;Munier Cédric;41 chem Fantié;74310;LES HOUCHES;04 50 47 70 53;;;;;;;;;;;
1650;Fifty S Coffee EURL;92 r Ste Catherine;74130;BONNEVILLE;04 50 03 23 06;www.facebook.com;;;restauration rapide;4.0;;;"['crêperie', 'organisation de réception', 'plat à emporter', 'terrasse', ""repas d'affaire"", 'restaurant repas de groupe', 'service continu', 'accès handicapés', 'climatisation']";['Lundi', '07h00 - 21h30', 'Mardi', '07h00 - 21h30', 'Mercredi', '07h00 - 21h30', 'Jeudi', '07h00 - 21h30', 'Vendredi', '07h00 - 21h30', 'Samedi', '07h00 - 21h30', 'Dimanche', '07h00 - 21h30'];;
1651;Hôtel Best Western Porte Sud de Genève;rte Chosal;74160;ARCHAMPS;04 50 31 16 06;http://www.bestwesternportesudgeneve.com;;;;;;;"['Consigne à bagages', 'Réception ouverte 24 heures sur 24', 'Bar/salon', 'Salles de réunion', 'Salle de fitness', 'Petit-déjeuner disponible (en supplément)', 'Tennis sur place', 'Piscine couverte', 'Boutiques de souvenirs ou kiosque à journaux', 'Service de départ express', 'Accès Internet Wi-Fi gratuit', 'Restaurant', ""Baby-sitting ou garde d'enfants (supplément)"", 'Parking gratuit en libre service', 'Coffre-fort à la réception', 'Laverie', 'Personnel multilingue', 'Sauna', 'Espace conférence', ""Centre d'affaires"", 'Ascenseur', 'Nombre total de chambres : 90', ""Garde d'enfants"", ""Nombre d'étages : 3"", 'Hammam', 'Hôtels ', 'Cafés, bars ', 'Restaurants ']";;;
1652;Deli Pizza;8 chem Drebines;74200;THONON LES BAINS;07 81 64 95 33;;;;;;;;['Italienne '];;;
1653;Collomb;20 pl Gabriel Fauré;74000;ANNECY LE VIEUX;04 50 23 09 90;http://www.le-clocher.com;;;cuisine française;2.0;['Barrette detonante au chocolat noir amer et fruit de la passion, laque de framboises, sorbet framboise', 'Délice coulant au chocolat extrabitter guayaquil, confit de framboises, glace vanille', 'Escalope de foie gras poêlé et son chaud froid de sorbet pabana, tartare de mangue, jus au soho', 'Fricassée de cuisses de grenouilles decortiquées et morilles servie en cocotte surprise', 'Linguine et demihomard, émulsion de muscade, tomates fraiches, basilic et copeaux de truffes', 'Papillote de bar à la provençale'];['8,9 €', '8,9 €', '13 €', '15,5 €', '28 €', '24 €'];['animaux acceptés', 'terrasse', 'livraison à domicile', 'parking', 'Zone fumeur', 'facilité bébé', 'restaurant repas de groupe', 'accès handicapés', 'wifi', 'chef à domicile'];['Lundi', '12h00 - 14h00', '19h30 - 22h00', 'Mardi', '12h00 - 14h00', '19h30 - 22h00', 'Mercredi', '12h00 - 14h00', '19h30 - 22h00', 'Jeudi', '12h00 - 14h00', '19h30 - 22h00', 'Vendredi', '12h00 - 14h00', '19h30 - 22h30', 'Samedi', '12h00 - 14h00', '19h30 - 22h30', 'Dimanche', '12h00 - 14h00', '19h30 - 22h00'];;
1654;Pizza As;parking du pont de Filinges FILLINGES;74250;FILLINGES;06 70 74 43 72;www.facebook.com;;;;;;;['pizzeria', 'plat à emporter'];;;
1655;BAR RESTAURANT DE LA CROIX ROUGE;11 chem Croix Rouge;74600;SEYNOD;04 50 51 40 32;;;;;;;;['Restaurants ', 'Cafés, bars '];['Lundi', '06h30 - 22h00', 'Mardi', '06h30 - 22h00', 'Mercredi', '06h30 - 22h00', 'Jeudi', '06h30 - 22h00', 'Vendredi', '06h30 - 22h00', 'Samedi', '07h30 - 13h00', 'Dimanche'];;
1656;24 du Faubourg;2 r Gare;74000;ANNECY;04 50 02 28 93;;;;;;;;;['Lundi', '19h00 - 02h00', 'Mardi', '19h00 - 02h00', 'Mercredi', '19h00 - 02h00', 'Jeudi', '19h00 - 02h00', 'Vendredi', '19h00 - 02h00', 'Samedi', '19h00 - 02h00', 'Dimanche', '19h00 - 02h00'];;
1657;Le Royal;20 r Centre;74140;DOUVAINE;04 50 85 14 03;;;;;;;;['kebab', 'plat à emporter', 'animaux acceptés', 'parking', 'restaurant repas de groupe', 'accès handicapés', 'wifi'];['Lundi', ' 11h00 - 14h00', '17h30 - 22h30', 'Mardi', '11h00 - 14h00', '17h30 - 22h30', 'Mercredi', '11h00 - 14h00', '17h30 - 22h30', 'Jeudi', '11h00 - 14h00', '17h30 - 22h30', 'Vendredi', '11h00 - 14h00', '17h30 - 22h30', 'Samedi', '11h00 - 14h00', '17h30 - 22h30', 'Dimanche', '11h00 - 14h00', '17h30 - 22h30'];;
1658;Freyer Kévin;1149 rte Curnillex;74270;CHILLY;07 61 93 49 83;;;;;;;;;;;
1659;Kebab du lac;37 rte Albertville;74410;SAINT JORIOZ;06 61 59 27 64;;;;;;;;['kebab', 'plat à emporter', 'terrasse', 'parking', 'restaurant halal', 'accès handicapés', 'fast Food'];['Lundi', 'Mardi', '11h00 - 14h30', '17h30 - 22h00', 'Mercredi', '11h00 - 14h30\n ', '17h30 - 22h00', 'Jeudi', '11h00 - 14h30', '17h30 - 22h00', 'Vendredi', '11h00 - 14h30', '17h30 - 22h00', 'Samedi', '11h00 - 14h30', '17h30 - 22h00', 'Dimanche', '11h00 - 14h30', '17h30 - 22h00'];45.83377;6.164276
1660;Restaurant La Scierie;chem Croix;74220;LA CLUSAZ;04 50 63 34 68;http://www.la-scierie.com;;;cuisine française;4.0;;;['organisation de réception', 'plat à emporter', 'terrasse', 'livraison à domicile', 'parking', 'restaurant repas de groupe', 'restaurant bio'];['Lundi', '12h00 - 01h00', 'Mardi', '00h00 - 01h00', 'Mercredi', 'Jeudi', '12h00 - 00h00', 'Vendredi', '12h00 - 01h00', 'Samedi', '12h00 - 01h00', 'Dimanche', '12h00 - 01h00'];;
1661;Le Jalouvre;6679 rte Chinaillon;74450;LE GRAND BORNAND;04 50 27 00 94;http://www.le-jalouvre.fr;;;;;;;"['organisation de réception', 'animaux acceptés', 'terrasse', 'parking', ""repas d'affaire"", 'facilité bébé', 'restaurant repas de groupe', 'service continu', 'accès handicapés', 'wifi', 'brasserie', 'Restaurants ', 'Cafés, bars ']";['Lundi', '09h00 - 00h00', 'Mardi', '09h00 - 00h00', 'Mercredi', '09h00 - 00h00', 'Jeudi', '09h00 - 00h00', 'Vendredi', '09h00 - 00h00', 'Samedi', '09h00 - 00h00', 'Dimanche', '09h00 - 00h00'];;
1662;Le Feto;1 L'Ariot;74360;LA CHAPELLE D'ABONDANCE;04 50 73 50 01;http://www.lefeto.com/fr/notre-restaurant.html;;;;;;;['fait maison', 'parking', 'cafétéria', 'saladerie', 'restaurant repas de groupe'];;;
1663;La Mangeoire;18 rte Pleins Champs Vieugy;74600;SEYNOD;04 50 46 62 94;;;;Cuisine française;5.0;;;['animaux acceptés', 'terrasse', 'parking', 'facilité bébé', 'Zone fumeur', 'restaurant repas de groupe', 'accès handicapés', 'climatisation', 'wifi'];['Lundi', '12h00 - 14h00', '19h00 - 22h00', 'Mardi', '12h00 - 14h00', '19h00 - 22h00', 'Mercredi', '12h00 - 14h00', '19h00 - 22h00', 'Jeudi', '12h00 - 14h00', '19h00 - 22h00', 'Vendredi', '12h00 - 14h00', '19h00 - 22h00', 'Samedi', '12h00 - 14h00', '19h00 - 22h00', 'Dimanche'];;
1664;Brasserie La Rochoise;Zone Industrielle Des Dragiez 89 imp Vernaz;74800;LA ROCHE SUR FORON;04 50 07 57 78;http://www.bierelarochoise.com;;;;;;;['Fabrication de bières ', 'Cafés, bars ', 'Restaurants '];['Lundi', '16h00 - 19h00', 'Mardi', '16h00 - 19h00', 'Mercredi', ' 16h00 - 19h00', 'Jeudi', '16h00 - 19h00', 'Vendredi', '16h00 - 19h00', 'Samedi', '16h00 - 19h00', 'Dimanche'];;
1665;Cornes De Gazelle;6 av Gantin;74150;RUMILLY;09 83 95 07 10;www.facebook.com;;;;;;;;['Lundi', '10h00 - 14h00', '17h00 - 19h30', 'Mardi', '10h00 - 14h00', '17h00 - 19h30', 'Mercredi', 'Jeudi', '10h00 - 14h00', '17h00 - 19h30', 'Vendredi', '10h00 - 14h00', '17h00 - 19h30', 'Samedi', '10h00 - 14h00', '17h00 - 19h30', 'Dimanche'];;
1666;Vina Annapurna;2441 rte Grandes Alpes;74260;LES GETS;04 50 86 31 12;http://www.vina-annapurna.com;;;;;"[""L'oeuf Bio"", 'Mozzarella di Buffala', ""Cabillaud poché à l'huile d'olive citron"", 'Le Vina Burger', 'Baba au « Grand Marnier »', 'Le café Getois']";['13\xa0 €', '12\xa0 €', '24\xa0 €', '17\xa0 €', '10\xa0 €', '9\xa0 €'];['terrasse', 'facilité bébé', 'wifi'];['Lundi', '12h00 - 14h00', '19h00 - 23h00', 'Mardi', '12h00 - 14h00', '19h00 - 23h00', 'Mercredi', '12h00 - 14h00', '19h00 - 23h00', 'Jeudi', '12h00 - 14h00', '19h00 - 23h00', 'Vendredi', '12h00 - 14h00', '19h00 - 23h00', 'Samedi', '12h00 - 14h00', '19h00 - 23h00', 'Dimanche', '12h00 - 14h00', '19h00 - 23h00\n '];;
1667;Restaurant le Clin d'Oeil SARL DUBARRY;63 rte Plan;74110;MORZINE;04 50 79 03 10;http://www.restaurant-leclin.com;;;;;;;['restaurant repas de groupe'];;;
1668;E-Motion Annecy;72 av Aix les Bains;74600;SEYNOD;04 50 63 79 90;;;;Restaurant français;2.0;;;['Simulateur de pilotage', 'Séminaire', 'Pétanque sur gazon', 'Restaurant', 'Bar-Lounge', 'espace événementiel', 'Restaurants pour réceptions, pour séminaires ', 'Restaurants ', 'Clubs, circuits, terrains de sports mécaniques '];['Lundi', '12h00 - 14h30', '19h00 - 22h00', 'Mardi', '12h00 - 14h30', '19h00 - 22h00', 'Mercredi', '12h00 - 14h30', '19h00 - 22h00', 'Jeudi', '12h00 - 14h30', '19h00 - 22h00', 'Vendredi', '12h00 - 14h30', '19h00 - 22h00', 'Samedi', ' 12h00 - 14h30', '19h00 - 22h00', 'Dimanche', '12h00 - 14h30', '19h00 - 22h00'];;
1669;Frecathy Sarl;384 rte Plage;74320;SEVRIER;09 67 29 84 27;;;;;;;;;;;
1670;La Caboche;BP 73 453 chem Moutely;74120;MEGÈVE;04 50 21 55 19;http://www.chaletcaboche.fr/index.php;;;;;;;['animaux acceptés', 'terrasse', 'facilité bébé', 'restaurant repas de groupe'];['Lundi', '12h00 - 15h00', 'Mardi', '12h00 - 15h00', 'Mercredi', '12h00 - 15h00', 'Jeudi', '12h00 - 15h00', 'Vendredi', '12h00 - 15h00', 'Samedi', '12h00 - 15h00', 'Dimanche', '12h00 - 15h00'];;
1671;Tschofen Christophe;270 rte Granges du Haut;74110;MONTRIOND;04 50 79 12 77;;;;;;;;;;;
1672;Restaurant Le Shiva;18 av Mandallaz;74000;ANNECY;04 50 51 76 25;www.restaurant-indien-shiva.com;;;Restaurant indien;3.0;;;['Plats à emporter', 'Animaux acceptés', 'Remise de 10 % sur les plats à emporter', 'Traiteur', 'Formules déjeuner', 'Climatisation', 'Repas de groupes', 'Facilités bébés'];['Lundi', 'Mardi', '19h00 - 22h30', 'Mercredi', '12h00 - 14h30\n ', '19h00 - 22h30', 'Jeudi', '19h00 - 22h30', 'Vendredi', '12h00 - 14h30', '19h00 - 22h30', 'Samedi', '12h00 - 14h30', '19h00 - 22h30', 'Dimanche', '12h00 - 14h30', '19h00 - 22h30'];45.899254;6.115308
1673;Douss'art Pizza;1535 rte Annecy;74210;DOUSSARD;07 82 35 27 11;www.facebook.com;;;;;;;['pizzeria'];;;
1674;Le Pas Sage;6 r Joseph Blanc;74000;ANNECY;04 50 45 43 75;www.facebook.com;;;;;['L?os à Moelle', 'Oeufs en Meurette', 'Crème Brulée', 'Fromage blanc et son coulis'];['14.5\xa0 €', '12\xa0 €', '8\xa0 €', '8\xa0 €'];"['animaux acceptés', 'terrasse', 'parking', ""repas d'affaire"", 'restaurant repas de groupe', 'wifi']";['Lundi', 'Mardi', '10h00 - 22h00', 'Mercredi', '10h00 - 22h00', 'Jeudi', '10h00 - 22h00', 'Vendredi', '10h00 - 22h00', 'Samedi', '10h00 - 22h00', 'Dimanche'];;
1675;Hôtel Fleur De Neige;564 rte Vonnes;74390;CHÂTEL;04 50 73 20 10;http://www.hotel-fleurdeneige.fr/index.php/fr;;;;;;;['télévision', 'hôtel avec piscine', 'wifi', 'hammam', 'sauna', 'coffre-fort', 'bar', 'demi-pension', 'animaux acceptés', 'parking', 'facilités bébé', 'hôtel spa', 'accès handicapé', 'Hôtels ', 'Restaurants '];['Lundi', '12h00 - 13h30', '19h00 - 21h00', 'Mardi', '12h00 - 13h30', '19h00 - 21h00', 'Mercredi', '12h00 - 13h30', '19h00 - 21h00', 'Jeudi', '12h00 - 13h30', '19h00 - 21h00', 'Vendredi', '12h00 - 13h30', '19h00 - 21h00', 'Samedi', '12h00 - 13h30', '19h00 - 21h00', 'Dimanche', '12h00 - 13h30', '19h00 - 21h00'];;
1676;Les Troënes;35 r Veret;74140;MESSERY;04 50 94 76 08;www.lestroenes.com;;;;;;;"['Piscine', ""table d'hôte"", 'wi-fi', 'Parking', 'jardin', 'Animaux acceptés', ""Chambres d'hôtes "", 'Restaurants ']";['Lundi', 'Mardi', '12h00 - 13h30', '19h00 - 20h30', 'Mercredi', '12h00 - 13h30', '19h00 - 20h30', 'Jeudi', '12h00 - 13h30', '19h00 - 20h30', 'Vendredi', ' 12h00 - 13h30', '19h00 - 20h30', 'Samedi', '12h00 - 13h30', '19h00 - 20h30', 'Dimanche', '12h00 - 13h30'];;
1677;Prix Choc;1 bd Canal;74200;THONON LES BAINS;04 50 73 89 56;;;;;;;;;['Lundi', '12h00 - 14h00', '18h00 - 20h00', 'Mardi', '12h00 - 14h00', '18h00 - 20h00', 'Mercredi', '12h00 - 14h00', '18h00 - 21h00', 'Jeudi', ' 12h00 - 14h00', '18h00 - 21h00', 'Vendredi', '12h00 - 14h00', '18h00 - 20h00', 'Samedi', '12h00 - 14h00', '18h00 - 20h00', 'Dimanche'];;
1678;Restaurant Du Lac;736 rte Gibannaz;74260;LES GETS;06 19 43 06 15;www.facebook.com;;;cuisine française;1.0;;;['plat à emporter', 'grill', 'terrasse', 'parking', 'restaurant repas de groupe'];['Lundi', '11h00 - 19h00', 'Mardi', '11h00 - 19h00', 'Mercredi', '11h00 - 19h00', 'Jeudi', '11h00 - 19h00', 'Vendredi', '11h00 - 19h00', 'Samedi', '11h00 - 19h00', 'Dimanche', '11h00 - 19h00'];;
1679;Hôtel Restaurant Bon Séjour SARL;le Nouy;74500;THOLLON LES MÉMISES;04 50 70 92 65;http://www.bon-sejour.com;;;;;;;['jardin', 'télévision', 'animaux acceptés', 'facilités bébé', 'parking', 'wifi', 'restaurant', 'Hôtels ', 'Restaurants '];;;
1680;FRESH GOURMAND;31 pl Avet;74230;THÔNES;04 50 69 74 90;http://www.ofresh-snack.fr;;;;;;;['terrasse', 'parking', 'restaurant repas de groupe', 'accès handicapés', 'climatisation', 'fast Food'];['Lundi', 'Mardi', '12h00 - 14h00', '18h30 - 22h00', 'Mercredi', '12h00 - 14h00', '18h30 - 22h00', 'Jeudi', '12h00 - 14h00', '18h30 - 22h00', 'Vendredi', '12h00 - 14h00', '18h30 - 22h00', 'Samedi', '12h00 - 14h00', '18h30 - 22h00', 'Dimanche', '12h00 - 14h00', '18h30 - 22h00'];;
1681;Auberge de Chantemerle;Chantemerle;74340;SAMOËNS;06 18 81 38 50;;;;;;;;['ferme-auberge'];;;
1682;Crêperie La Bolée;41 r Carnot;74000;ANNECY;04 50 45 51 95;;;;;;;;['animaux acceptés', 'terrasse', 'parking', 'facilité bébé', 'accès handicapés'];['Lundi', '12h00 - 23h00', 'Mardi', '12h00 - 23h00', 'Mercredi', '12h00 - 23h00', 'Jeudi', '12h00 - 23h00', 'Vendredi', '12h00 - 23h00', 'Samedi', '12h00 - 23h00', 'Dimanche'];;
1683;Bouvier Françoise;résid La Chaine D'or 410 rte Chaine D'Or;74490;SAINT JEOIRE;04 50 95 54 36;;;;;;;;;;;
1684;Pizza Plus;147 r Perrine;74800;LA ROCHE SUR FORON;04 50 03 37 24;http://www.pizzaplus-74.fr;;;restauration rapide;5.0;;;['pizzeria', 'animaux acceptés'];['Lundi', '17h30 - 21h30', 'Mardi', '11h00 - 13h30', '17h30 - 21h30', 'Mercredi', '11h00 - 13h30', '17h30 - 21h30', 'Jeudi', '11h00 - 13h30', '17h30 - 21h30', 'Vendredi', '11h00 - 13h30', '17h30 - 21h30', 'Samedi', '11h00 - 13h30', '17h30 - 21h30', 'Dimanche', '17h30 - 21h30'];;
1685;Le Serac;148 r Doct Paccard;74400;CHAMONIX MONT BLANC;04 50 55 88 67;http://www.leserac.fr;;;cuisine française;5.0;;;"['organisation de réception', 'animaux acceptés', 'terrasse', ""repas d'affaire"", 'restaurant repas de groupe']";['Lundi', '12h00 - 17h00', '18h30 - 22h00', 'Mardi', '12h00 - 17h00', '18h30 - 22h00', 'Mercredi', '12h00 - 17h00', '18h30 - 22h00', 'Jeudi', '12h00 - 17h00', '18h30 - 22h00', 'Vendredi', '12h00 - 17h00', '18h30 - 22h00', 'Samedi', '12h00 - 17h00', '18h30 - 22h00', 'Dimanche', '12h00 - 17h00', '18h30 - 22h00'];;
1686;Hôtel Ibis;2 av Evian;74200;THONON LES BAINS;04 50 71 24 24;http://www.ibis.com/fr/hotel-0927-ibis-thonon-evian/index.shtml;;;;;;;['ascenseur', 'télévision', 'animaux acceptés', 'chambre fumeur', 'facilités bébé', 'parking', 'chambre communicante', 'climatisation', 'wifi', 'accès handicapé', 'restaurant', 'coffre-fort', 'Hôtels ', 'Restaurants '];;;
1687;Antoine Restaurant;Station Centre 145 rte Thonon;74390;CHÂTEL;04 50 73 29 53;http://www.table-antoine.com/maitre_restaurateur/la_table_antoine_restaurant_chatel_74_maitre_restaurateur_vallee_abondance_navette_restaurant.html;;;cuisine française;4.0;;;['animaux acceptés', 'parking', 'facilité bébé', 'restaurant repas de groupe', 'accès handicapés', 'wifi'];['Lundi', '18h15 - 22h00', 'Mardi', '18h15 - 22h00', 'Mercredi', '18h15 - 22h00', 'Jeudi', '18h15 - 22h00', 'Vendredi', '18h15 - 22h00', 'Samedi', '18h15 - 22h00', 'Dimanche', '18h15 - 22h00\n '];;
1688;Carpo;8 av Gare;74700;SALLANCHES;04 50 54 62 03;;;;;;;;;['Lundi', '12h00 - 14h00', '19h00 - 22h00', 'Mardi', '12h00 - 14h00', '19h00 - 22h00', 'Mercredi', '12h00 - 14h00', '19h00 - 22h00', 'Jeudi', '12h00 - 14h00', '19h00 - 22h00', 'Vendredi', '12h00 - 14h00', '19h00 - 22h00', 'Samedi', '12h00 - 14h00', '19h00 - 22h00', 'Dimanche'];;
1689;La Pause;81 pl Pré de Foire;74220;LA CLUSAZ;04 50 45 75 02;www.facebook.com;;;;;;;['terrasse', 'parking', 'restaurant repas de groupe'];['Lundi', '09h00 - 18h00', 'Mardi', '09h00 - 18h00', 'Mercredi', '09h00 - 18h00', 'Jeudi', '09h00 - 18h00', 'Vendredi', '09h00 - 18h00', 'Samedi', '09h00 - 18h00', 'Dimanche', '09h00 - 18h00'];;
1690;SAS Marcel Camelot Le Ple;813 rte Jaillet;74120;MEGÈVE;04 57 27 70 04;www.facebook.com;;;;;;;;;;
1691;Le Fin des Fins;46 av Genève;74000;ANNECY;09 83 78 02 22;;;;;;;;['Cuisine française '];;;
1692;La Chaumière Savoyarde;15 r Fleuries;74570;THORENS GLIÈRES;04 50 22 40 39;www.hotel-74.com;;;;;;;['bar', 'demi-pension', 'télévision', 'animaux acceptés', 'parking', 'facilités bébé', 'wifi', 'restaurant', 'Hôtels ', 'Restaurants '];;;
1693;Les Habères;village Haberes;74420;HABÈRE POCHE;04 50 39 55 70;;;;Restaurant savoyard;5.0;;;['plat à emporter', 'animaux acceptés', 'terrasse', 'parking', 'facilité bébé', 'restaurant repas de groupe', 'accès handicapés'];['Lundi', 'Mardi', '07h30 - 23h45', 'Mercredi', '07h30 - 23h45', 'Jeudi', '07h30 - 23h45', 'Vendredi', '07h30 - 23h45', 'Samedi', '07h30 - 23h45', 'Dimanche', '07h30 - 23h45'];;
1694;Hotel Du Bois;475 av Alpages;74310;LES HOUCHES;04 50 54 50 35;http://www.hotel-du-bois.com;;;;;;;['télévision', 'jardin', 'hôtel avec piscine', 'animaux acceptés', 'facilités bébé', 'parking', 'hôtel spa', 'wifi', 'accès handicapé', 'restaurant', 'jeux pour enfants', 'Hôtels ', 'Restaurants '];;;
1695;Collomb Clerc Joseph;rte Confins;74220;LA CLUSAZ;09 63 04 92 41;;;;;;;;;;;
1696;Le Pizzaiolo;586 rte Nationale;74120;MEGÈVE;04 50 21 12 24;http://www.lepizzaiolo-megeve.com/contact.php;;;;;;;;;;
1697;Chez Marie;6 r Capit Charles Dupraz;74100;ANNEMASSE;04 50 79 92 75;;;;Cuisine française;4.0;;;['Cuisine française '];;;
1698;AU BORD DU THIOU;4 pl Saint François de Sales;74000;ANNECY;04 50 45 54 09;;;;cuisine française;1.0;;;['crêperie', 'animaux acceptés', 'terrasse', 'parking', 'facilité bébé', 'restaurant repas de groupe', 'accès handicapés'];['Lundi', '10h30 - 18h30', 'Mardi', 'Mercredi', '10h30 - 18h30', 'Jeudi', '10h30 - 18h30', 'Vendredi', '10h30 - 18h30', 'Samedi', '10h30 - 18h30', 'Dimanche', '10h30 - 18h30'];;
1699;Traiki Yassine;8 r Emile Chautemps;74300;CLUSES;04 57 27 72 54;;;;;;;;;;;
1700;L'Auberge du clocher;rte d'Aix;74540;SAINT FELIX;04 50 27 72 05;http://www.auberge-du-clocher.com/;;;restaurant traditionnel;5.0;;;['plat du jour', 'fait maison', 'terrasse', 'parking', 'repas de groupe', 'brasserie'];['Lundi', '12h00 - 14h00', 'Mardi', '12h00 - 14h00', 'Mercredi', '12h00 - 14h00', 'Jeudi', '12h00 - 14h00', 'Vendredi', '12h00 - 14h00', '19h00 - 22h00', 'Samedi', '12h00 - 14h00', '19h00 - 22h00', 'Dimanche'];;
1701;La Taverne;2863 rte Bauges;74540;GRUFFY;04 50 05 15 99;www.la-taverne-gruffy.fr;;;Restaurant français;5.0;;;['fondue', 'Ouvert 7j/7', 'Restaurant', 'cuisine traditionnelle', 'terrasse', 'parking', 'Menu du jour'];['Lundi', '11h30 - 15h30', 'Mardi', '11h30 - 15h30', 'Mercredi', '11h30 - 15h30', 'Jeudi', '11h30 - 15h30', 'Vendredi', '11h30 - 15h30', 'Samedi', '11h30 - 15h30', 'Dimanche', '11h30 - 15h30'];45.783105;6.053771
1702;La Pom2 Pin;Ens Le Lementhy 11 r Pêcheurs;74200;ANTHY SUR LÉMAN;04 50 16 30 15;http://www.lapom2pin.com/;;;cuisine française;3.0;;;['cheminée', 'pizzeria', 'jardin', 'restaurant végétarien', 'plat à emporter', 'animaux acceptés', 'grill', 'terrasse', 'parking', 'saladerie', 'facilité bébé', 'accès handicapés'];['Lundi', 'Mardi', '12h00 - 14h00', '19h00 - 21h00', 'Mercredi', '12h00 - 14h00', '19h00 - 21h00', 'Jeudi', '12h00 - 14h00', '19h00 - 21h00', 'Vendredi', '12h00 - 14h00', '19h00 - 22h00', 'Samedi', '12h00 - 14h00', '19h00 - 22h00', 'Dimanche', '12h00 - 14h00', '19h00 - 21h00'];;
1703;La Cuisine Des Sables;25 r Nationale;74500;EVIAN LES BAINS;04 50 75 33 72;;;;;;;;['animaux acceptés', 'terrasse', 'facilité bébé', 'restaurant repas de groupe', 'restaurant halal', 'wifi'];['Lundi', 'Mardi', 'Mercredi', '12h00 - 14h30', '19h00 - 22h00', 'Jeudi', '12h00 - 14h30', '19h00 - 22h00', 'Vendredi', '12h00 - 14h30', '19h00 - 22h00', 'Samedi', '12h00 - 14h30', '19h00 - 22h00', 'Dimanche', '12h00 - 14h30', '19h00 - 22h00'];;
1704;Alpine Lounge Armachris;Lieu Dit Crusaz imm Cruz Alp 23 rte Combe à Zore;74110;MORZINE;04 50 79 15 06;http://www.morzine-avoriaz.com/restaurant-alpine-lounge.html;;;;;;;['Cafés, bars ', 'Restaurants '];['Lundi', '08h30 - 23h00', 'Mardi', '08h30 - 23h00', 'Mercredi', '08h30 - 23h00', 'Jeudi', '08h30 - 23h00', 'Vendredi', ' 08h30 - 23h00', 'Samedi', '08h30 - 23h00', 'Dimanche', '08h30 - 23h00'];;
1705;Nano Caffe;2615 rte Leutaz;74120;MEGÈVE;04 50 21 25 01;;;;;;;;;;;
1706;BAUDROT 74;444 rte Annecy;74350;ALLONZIER LA CAILLE;04 50 08 20 81;http://www.pizzasnack.fr;;;;;;;['Restaurants ', 'Cafés, bars '];;;
1707;Indian's Food;3 r Sommeiller;74000;ANNECY;09 73 25 85 31;www.facebook.com;;;;;;;['Indienne '];['Lundi', 'Mardi', '11h30 - 14h30', '18h30 - 23h00', 'Mercredi', '11h30 - 14h30', '18h30 - 23h00', 'Jeudi', '11h30 - 14h30', '18h30 - 23h00', 'Vendredi', ' 11h30 - 14h30', '18h30 - 23h00', 'Samedi', '11h30 - 14h30', '18h30 - 23h00', 'Dimanche', '11h30 - 14h30', '18h30 - 23h00'];45.901863;6.12311
1708;Hôtel Le Vieux Châlet;309 rte Crêt du Merle;74220;LA CLUSAZ;04 50 02 41 53;http://www.levieuxchalet.fr;;;;;;;['1 étoile ', 'Restauration ', 'Hôtels ', 'Restaurants '];;;
1709;REPAIRE DE L AIGLE;Montgne de Memise;74500;THOLLON LES MÉMISES;04 50 70 97 88;;;;;;;;['terrasse', 'facilité bébé', 'restaurant repas de groupe'];;;
1710;Allo Pizza 74;10 pl Mairie;74320;SEVRIER;04 57 41 55 69;;;;;;;;;;;
1711;La Calèche;18 r Doct Paccard;74400;CHAMONIX MONT BLANC;04 50 55 94 68;http://www.restaurant-caleche.com;;;restaurant savoyard;4.0;;;['animaux acceptés', 'terrasse', 'parking', 'facilité bébé', 'restaurant repas de groupe', 'accès handicapés', 'climatisation'];['Lundi', '12h00 - 14h30', '19h00 - 23h00', 'Mardi', '12h00 - 14h30', '19h00 - 23h00', 'Mercredi', '12h00 - 14h30', '19h00 - 23h00', 'Jeudi', '12h00 - 14h30', '19h00 - 23h00', 'Vendredi', '12h00 - 14h30', '19h00 - 23h00', 'Samedi', '12h00 - 14h30', '19h00 - 23h00', 'Dimanche', '12h00 - 14h30', '19h00 - 23h00'];;
1712;Les 3 Chauves;60 rte Rutys;74370;PRINGY;09 72 96 51 72;;;;;;;;;;;
1713;Le Lac A Jojo;Parc De Loisirs 130 imp Lac A Jojo;74550;ORCIER;04 50 70 53 65;http://www.lacajojo.com;;;;;;;['aire de baignade', 'Infrastructures de sports et loisirs ', 'Campings ', 'Restaurants '];['Lundi', '12h00 - 15h00', 'Mardi', '12h00 - 15h00', 'Mercredi', '12h00 - 15h00', 'Jeudi', '12h00 - 15h00', 'Vendredi', 'Samedi', 'Dimanche'];;
1714;Restaurant Le Léman SARL;Lieu Dit Port De Sechex 2 rte Mouettes;74200;MARGENCEL;04 50 72 63 16;www.restaurant-le-leman.fr;;;cuisine française;4.0;;;"['plat à emporter', 'animaux acceptés', 'terrasse', ""repas d'anniversaire"", 'parking', 'facilité bébé', 'restaurant repas de groupe', ""Repas de groupes, d'anniversaire"", 'climatisation', 'repas de groupe']";['Lundi', 'Mardi', '10h00 - 15h30', '18h00 - 22h00', 'Mercredi', '10h00 - 15h30', '18h00 - 22h00', 'Jeudi', '10h00 - 15h30', '18h00 - 22h00', 'Vendredi', '10h00 - 15h30', '18h00 - 22h00', 'Samedi', '10h00 - 15h30', '18h00 - 22h00', 'Dimanche', '10h00 - 15h30', '18h00 - 22h00'];;
1715;La Bergerie;15 rte Confins;74220;LA CLUSAZ;04 50 02 63 40;www.facebook.com;;;;;;;['animaux acceptés', 'terrasse'];['Lundi', '10h00 - 22h00', 'Mardi', 'Mercredi', '10h00 - 22h00', 'Jeudi', '10h00 - 22h00', 'Vendredi', ' 10h00 - 22h00', 'Samedi', '10h00 - 22h00', 'Dimanche', '10h00 - 22h00'];;
1716;Le Vertumne;13 r Sommeiller;74000;ANNECY;04 50 45 92 96;http://www.levertumne.fr;;;cuisine française;5.0;;;['animaux acceptés', 'terrasse', 'parking'];['Lundi', 'Mardi', '12h00 - 13h15', '19h30 - 20h45', 'Mercredi', '12h00 - 13h15', '19h30 - 20h45', 'Jeudi', '12h00 - 13h15', '19h30 - 20h45', 'Vendredi', '12h00 - 13h15', '19h30 - 20h45', 'Samedi', '12h00 - 13h15', '19h30 - 20h45', 'Dimanche'];;
1717;Buvette Cascade De Berard;Cascade De Berard Refuge Pierre à Bérard;74660;VALLORCINE;06 23 80 64 65;http://www.chamonix.com/sentier-de-la-cascade-de-berard,241-675687,fr.html;;;;;;;['pizzeria'];;;
1718;Avicenne;10 r Ferdinand Dubouloz;74200;THONON LES BAINS;04 58 66 11 28;www.facebook.com;;;;;;;['Cuisine française '];['Lundi', '17h00 - 23h30', 'Mardi', 'Mercredi', 'Jeudi', '17h00 - 00h00', 'Vendredi', '17h00 - 00h30', 'Samedi', '17h00 - 00h30', 'Dimanche', '00h00 - 00h30', '17h00 - 23h30'];;
1719;Bar Piscine des Marquisats;29 r Marquisats;74000;ANNECY;04 50 33 65 44;www.annecy.fr;;;;;;;['Base nautique ', 'Centre nautique ', 'Circuit de karting extérieur ', 'Couvert ', 'Hammam ', 'Maison de quartier ', 'Patinoire ', 'Piscine ', 'Sauna ', 'Stade de rugby ', 'Centre sportif ', 'Complexe sportif ', 'Piscine olympique ', 'Terrain de volleyball ', 'Infrastructures de sports et loisirs ', 'Restaurants ', 'Piscines (établissements) '];['Lundi', '11h00 - 14h30\n ', 'Mardi', '11h00 - 14h30', 'Mercredi', '11h00 - 14h30', 'Jeudi', '11h00 - 14h30', 'Vendredi', '11h00 - 14h30', 'Samedi', '11h00 - 14h30', 'Dimanche', '11h00 - 14h30'];;
1720;Bistrot Des Sports;182 r Joseph Vallot;74400;CHAMONIX MONT BLANC;04 50 53 00 46;;;;;;;;['Animaux acceptés', 'Repas de groupes', 'Terrasse'];['Lundi', '12h00 - 14h30', '19h00 - 22h00', 'Mardi', '12h00 - 14h30', '19h00 - 22h00', 'Mercredi', '12h00 - 14h30', ' 19h00 - 22h00', 'Jeudi', '12h00 - 14h30', '19h00 - 22h00', 'Vendredi', '12h00 - 14h30', '19h00 - 22h00', 'Samedi', '12h00 - 14h30', '19h00 - 22h00', 'Dimanche', '12h00 - 14h30', '19h00 - 22h00'];;
1721;Hôtel Catalpa;34 av Albigny;74000;ANNECY;04 50 23 02 46;http://www.creperieannecy.com;;;;;;;['télévision', 'animaux acceptés', 'parking', 'facilités bébé', 'wifi', 'climatisation', 'restaurant', 'coffre-fort', 'Hôtels ', 'Restaurants '];['Lundi', '24h/24', 'Mardi', '24h/24', 'Mercredi', '24h/24', 'Jeudi', '24h/24', 'Vendredi', '24h/24', 'Samedi', '24h/24', 'Dimanche'];;
1722;Mahrani;88 rte Bonneville;74100;ANNEMASSE;09 51 76 66 68;http://www.restaurant-maharani.fr/;;;;;;;;['Lundi', '11h30 - 14h30', '18h00 - 22h30', 'Mardi', '11h30 - 14h30', '18h00 - 22h30', 'Mercredi', '11h30 - 14h30', '18h00 - 22h30', 'Jeudi', '11h30 - 14h30', '18h00 - 22h30', 'Vendredi', '11h30 - 14h30', '18h00 - 22h30', 'Samedi', '11h30 - 14h30', '18h00 - 22h30', 'Dimanche', '11h30 - 14h30', '18h00 - 22h30'];;
1723;Mercier Jerome;1 Bis r Alpins;74000;ANNECY;04 50 51 82 50;;;;;;;;;;;
1724;Pizza'cro;THIEZE;74500;FÉTERNES;06 76 34 64 24;;;;;;;;['pizzeria'];;;
1725;PH08;7 pl Crétet;74300;CLUSES;04 50 47 94 65;http://www.pho8.fr;;;;;;;;;;
1726;Food Night;r Gare;74000;ANNECY;09 73 66 12 13;www.facebook.com/Foodnight74;;;;;;;;['Lundi', 'Mardi', '20h00 - 04h00', 'Mercredi', '20h00 - 04h00', 'Jeudi', '20h00 - 04h00', 'Vendredi', '20h00 - 04h00', 'Samedi', '20h00 - 04h00', 'Dimanche', '20h00 - 04h00'];;
1727;Restaurant De La Pointe Percée;79 pl Grenette;74450;LE GRAND BORNAND;04 50 02 22 80;http://www.lapointepercee.com/;;;restaurant savoyard;4.0;;;['plat à emporter', 'animaux acceptés', 'terrasse', 'parking', 'facilité bébé', 'restaurant repas de groupe', 'accès handicapés'];;;
1728;La Bastille;3 quai Vieilles Prisons;74000;ANNECY;04 50 45 09 37;http://labastille-annecy.com;;;cuisine française;5.0;;;['animaux acceptés', 'terrasse', 'parking', 'facilité bébé', 'Zone fumeur', 'restaurant repas de groupe', 'accès handicapés'];['Lundi', '12h00 - 14h00', '19h00 - 22h00', 'Mardi', '12h00 - 14h00', '19h00 - 22h00', 'Mercredi', '12h00 - 14h00', '19h00 - 22h00', 'Jeudi', '12h00 - 14h00', '19h00 - 22h00', 'Vendredi', '12h00 - 14h00', '19h00 - 22h00', 'Samedi', '12h00 - 14h00', '19h00 - 22h00', 'Dimanche', '12h00 - 14h00', '19h00 - 22h00'];;
1729;A Contre Temps;311 av Cachat le Géant;74400;CHAMONIX MONT BLANC;04 57 27 72 98;;;;;;;;;;;
1730;La Pointe De Nyon;chem Seyrosset Bas;74110;MORZINE;04 50 04 59 83;;;;;;;;;;;
1731;Restaurant Les Tournesols;6 r Pamphiot;74200;THONON LES BAINS;04 50 70 83 62;www.hotel-thonon.com;;;;;;;['jardin', 'télévision', 'animaux acceptés', 'parking', 'facilités bébé', 'wifi', 'accès handicapé', 'restaurant', 'Hôtels ', 'Restaurants ', 'Restaurants pour réceptions, pour séminaires '];['Lundi', '12h00 - 14h00', '19h30 - 21h30', 'Mardi', '12h00 - 14h00', '19h30 - 21h30', 'Mercredi', '12h00 - 14h00', '19h30 - 21h30', 'Jeudi', '12h00 - 14h00', '19h30 - 21h30', 'Vendredi', '12h00 - 14h00', '19h30 - 21h30', 'Samedi', ' 12h00 - 14h00', '19h30 - 21h30', 'Dimanche', '12h00 - 14h00', '19h30 - 21h30'];;
1732;BRASSERIE LES CYGNES;lieu-dit Port;74140;YVOIRE;04 50 72 82 88;;;;cuisine française;4.0;;;['animaux acceptés', 'terrasse', 'facilité bébé', 'restaurant repas de groupe'];['Lundi', '09h30 - 21h30', 'Mardi', '09h30 - 21h30\n ', 'Mercredi', 'Jeudi', '09h30 - 21h30', 'Vendredi', '09h30 - 21h30', 'Samedi', '09h30 - 21h30', 'Dimanche', '09h30 - 21h30'];;
1733;Mapp Manufacture Amicale Pasta Pizza;Metz Tessy la Ravoire;74330;EPAGNY METZ TESSY;04 50 60 76 87;http://www.mapp-restaurant.com;;;;;;;['terrasse', 'parking', 'wifi'];['Lundi', '07h30 - 14h00', 'Mardi', '07h30 - 14h00', 'Mercredi', '07h30 - 14h00', 'Jeudi', '07h30 - 14h00', 'Vendredi', '07h30 - 14h00', 'Samedi', 'Dimanche'];;
1734;Churrasq Grils;216 r Bourg;74200;ALLINGES;04 50 81 87 10;;;;;;;;;;;
1735;O Tacos;14 r Résistance;74100;ANNEMASSE;04 50 92 42 89;;;;;;;;;[];;
1736;Hôtel Les Cornettes;Départementale 22 Chef Lieu;74360;LA CHAPELLE D'ABONDANCE;04 50 73 51 23;http://www.lescornettes.com;;;;;;;['Hammam ', 'Sauna ', 'Infrastructures de sports et loisirs ', 'Hôtels ', 'Restaurants '];['Lundi', '12h00 - 13h30', '19h00 - 21h30', 'Mardi', '12h00 - 13h30', '19h00 - 21h30', 'Mercredi', '12h00 - 13h30', '19h00 - 21h30', 'Jeudi', '12h00 - 13h30', '19h00 - 21h30', 'Vendredi', '12h00 - 13h30', '19h00 - 21h30', 'Samedi', ' 12h00 - 13h30', '19h00 - 21h30', 'Dimanche', '12h00 - 13h30', '19h00 - 21h30'];;
1737;LE CAFE DES ARTISTE DIESE;2 pass Jacquard;74960;CRAN GEVRIER;04 50 67 23 12;;;;cuisine française;3.0;;;"['organisation de réception', 'plat à emporter', 'animaux acceptés', 'terrasse', ""repas d'affaire"", 'restaurant repas de groupe', 'accès handicapés', 'wifi', 'brasserie']";['Lundi', '12h00 - 14h00', 'Mardi', '12h00 - 14h00', 'Mercredi', '12h00 - 14h00', 'Jeudi', '12h00 - 14h00', 'Vendredi', '12h00 - 14h00', 'Samedi', ' 12h00 - 14h00', 'Dimanche'];;
1738;O'padcha;lieu dit Chavanette - Mur Suisse  Avoriaz;74110;MORZINE;06 80 95 96 04;facebook.com/opadcha;;;;;;;['Bourgogne ', 'Bar à salade ', 'Burger ', 'Grill ', 'Restaurant savoyard '];;;
1739;Pizza Bella 2;590 r Plaine;74800;AMANCY;04 50 07 81 72;;;;;;;;['terrasse'];['Lundi', 'Mardi', '12h00 - 14h00', '19h00 - 23h00', 'Mercredi', '12h00 - 14h00', '19h00 - 23h00', 'Jeudi', '12h00 - 14h00', '19h00 - 23h00', 'Vendredi', '12h00 - 14h00', '19h00 - 23h00\n ', 'Samedi', '12h00 - 14h00', '19h00 - 23h00', 'Dimanche', '12h00 - 14h00', '19h00 - 23h00'];;
1740;La Pela;38 r Ancienne Fruitière;74260;LES GETS;04 50 79 85 02;http://www.la-pela.com;;;;;;;['animaux acceptés', 'terrasse', 'parking', 'facilité bébé', 'restaurant repas de groupe'];['Lundi', '12h00 - 14h00', '19h00 - 22h00', 'Mardi', '12h00 - 14h00', '19h00 - 22h00', 'Mercredi', '12h00 - 14h00', '19h00 - 22h00', 'Jeudi', '12h00 - 14h00', '19h00 - 22h00', 'Vendredi', '12h00 - 14h00', '19h00 - 22h00', 'Samedi', '12h00 - 14h00', '19h00 - 22h00', 'Dimanche', '12h00 - 14h00', '19h00 - 22h00'];;
1741;LA GOLESE;Col de la Golese;74340;SAMOËNS;06 75 02 73 71;;;;;;;;;;;
1742;LE VIEUX CHENE;581 r Centre;74260;LES GETS;04 50 79 71 93;www.restaurant-levieuxchene.com;;;Restaurant savoyard;3.0;;;['animaux acceptés', 'terrasse', 'parking', 'climatisation'];['Lundi', '09h00 - 22h00', 'Mardi', '09h00 - 22h00', 'Mercredi', '09h00 - 22h00', 'Jeudi', '09h00 - 22h00\n ', 'Vendredi', '09h00 - 22h00', 'Samedi', '09h00 - 22h00', 'Dimanche', '09h00 - 22h00'];;
1743;Sur Le Zinc;2 r Hôtel de Ville;74300;CLUSES;04 50 90 58 39;www.facebook.com;;;;;;;['terrasse', 'restaurant repas de groupe'];['Lundi', '12h00 - 14h30', '19h30 - 21h30', 'Mardi', '12h00 - 14h30', '19h30 - 21h30', 'Mercredi', '12h00 - 14h30', '19h30 - 21h30', 'Jeudi', '12h00 - 14h30', '19h30 - 21h30', 'Vendredi', '12h00 - 14h30', '19h30 - 21h30', 'Samedi', '19h30 - 21h30', 'Dimanche'];;
1744;Domino's Pizza Annecy;24 av Chambéry;74000;ANNECY;04 50 45 04 50;www.dominos.fr;['Menu A : 1 Pizza Médium au choix + 1 entrée au choix + 2 boissons 33 cl : ', 'Menu B : 1 Pizza Large au choix + 2 entrées au choix+ 1 grande boisson 1,5L : ', 'Menu C : 3 Pizzas médium au choix + 2 entrées au choix + 1 grande boisson 1,5L : '];['17,99 €', '24,99 €', '32,99 €'];pizzeria;5.0;"['Chessy Bread', ""Chickenito's"", 'La Forestière', ""L'Hawaïenne"", 'El Muchacho', 'Le Musclé']";['4,90 €', '4,90 €', '12,99 €', '12,99 €', '4,95 €', '4,95 €'];['pizzeria', 'Restaurants ', 'Pizzas à emporter ', 'Livraison de pizzas ', 'Pizzerias '];['Lundi', '11h00 - 14h00', '18h00 - 23h00', 'Mardi', '11h00 - 14h00', '18h00 - 23h00', 'Mercredi', '11h00 - 14h00', '18h00 - 23h00', 'Jeudi', '11h00 - 14h00', '18h00 - 23h00', 'Vendredi', '11h00 - 14h00', '18h00 - 23h00', 'Samedi', '11h00 - 14h00', ' 18h00 - 23h00', 'Dimanche'];;
1745;L'Olivier;Cour Du Pré Carré 32 r Carnot;74000;ANNECY;04 50 51 23 00;http://restaurantlolivier.com;;;cuisine française;4.0;"[""Crumble d'aubergines et son sorbet poivron pimenté"", 'Déclinaison autour du foie gras', 'Duo de Melon et jambon Serrano et son sorbet melon (en saison)', 'Dos de saumon rôti']";['8.7\xa0 €', '16.5\xa0 €', '23\xa0 €', '18.7\xa0 €'];['animaux acceptés', 'terrasse', 'parking', 'facilité bébé', 'Zone fumeur', 'restaurant repas de groupe', 'accès handicapés', 'climatisation'];['Lundi', 'Mardi', '12h00 - 14h00', '19h30 - 22h00', 'Mercredi', '12h00 - 14h00', '19h30 - 22h00', 'Jeudi', '12h00 - 14h00', '19h30 - 22h00', 'Vendredi', '12h00 - 14h00', '19h30 - 22h00', 'Samedi', '12h00 - 14h00', '19h30 - 22h00', 'Dimanche'];;
1746;TAVERNE DE PONTVERRE;1214 rte Gorges;74330;LOVAGNY;04 50 67 68 31;;;;cuisine française;5.0;;;['terrasse', 'parking', 'restaurant repas de groupe', 'wifi'];['Lundi', '12h00 - 14h00', 'Mardi', '12h00 - 14h00', 'Mercredi', '12h00 - 14h00', 'Jeudi', '12h00 - 14h00', '19h00 - 22h00', 'Vendredi', '12h00 - 14h00', '19h00 - 22h00', 'Samedi', '12h00 - 14h00', '19h00 - 22h00', 'Dimanche', '12h00 - 14h00'];;
1747;Le Tindaris;58 r Grottes de Balme;74300;MAGLAND;04 50 34 76 94;http://www.letindaris.fr;;;;;;;['facilités pour bébés', 'animaux acceptés', 'parking', 'terrasses ombragées', 'repas de groupe', 'Pizzerias ', 'Pizzas à emporter ', 'Restaurants italiens ', 'Restaurants '];['Lundi', '12h00 - 14h00', 'Mardi', '12h00 - 14h00', 'Mercredi', '12h00 - 14h00', 'Jeudi', '12h00 - 14h00', '19h15 - 22h00', 'Vendredi', '12h00 - 14h00', '19h15 - 22h00', 'Samedi', '12h00 - 14h00', '19h15 - 22h00', 'Dimanche'];;
1748;Brasserie du Belvédère;1 av Léman;74200;THONON LES BAINS;04 50 71 10 04;http://www.thononlesbains.com/fr/restaurant/1/154594-brasserie-du-belvedere.html;;;cuisine française;5.0;['Gravelax de Saumon au sel viking', 'Oeuf mollet mariné et pané à la cacahuète', 'Pavé de Boeuf Rossini', 'Tartare de Boeuf traditionnel', 'Café Gourmand du moment', 'Crème Brûlée à la passion'];['11\xa0 €', '12\xa0 €', '36\xa0 €', '19.5\xa0 €', '8.9\xa0 €', '8\xa0 €'];['animaux acceptés', 'terrasse', 'facilité bébé', 'restaurant repas de groupe'];['Lundi', 'Mardi', '12h00 - 14h00', '19h00 - 22h00', 'Mercredi', '12h00 - 14h00', '19h00 - 22h00', 'Jeudi', '12h00 - 14h00', '19h00 - 22h00', 'Vendredi', '12h00 - 14h00', '19h00 - 22h00', 'Samedi', '12h00 - 14h00', '19h00 - 22h00', 'Dimanche'];;
1749;Hôtel Le Petit Dru;289 rte putheys;74110;MORZINE;04 50 75 77 33;http://www.lepetitdru.com;;;;;;;['Restauration ', 'Résidences de tourisme, résidences hôtelières ', 'Hôtels ', 'Restaurants '];;;
1750;PUR 2.0;101 av Mont Paccard;74170;SAINT GERVAIS LES BAINS;04 50 18 62 76;www.facebook.com;;;cuisine française;5.0;;;['animaux acceptés', 'terrasse', 'facilité bébé', 'restaurant repas de groupe', 'wifi'];['Lundi', '12h00 - 14h00', '19h00 - 21h00', 'Mardi', '12h00 - 14h00', '19h00 - 21h00', 'Mercredi', '12h00 - 14h00', ' 19h00 - 21h00', 'Jeudi', '12h00 - 14h00', '19h00 - 21h00', 'Vendredi', '12h00 - 14h00', '19h00 - 21h00', 'Samedi', '12h00 - 14h00', '19h00 - 21h00', 'Dimanche', '12h00 - 14h00', '19h00 - 21h00'];45.89296;6.711027
1751;La Tour De Pizz;145 chem des Mines;74330;LOVAGNY;06 22 86 35 61;http://www.latourdepizz74.fr;;;;;;;['pizzeria', 'plat à emporter'];['Lundi', 'Mardi', 'Mercredi', 'Jeudi', '18h00 - 22h00', 'Vendredi', '18h00 - 22h00', 'Samedi', '18h00 - 22h00', 'Dimanche', '18h00 - 22h00'];;
1752;C Gastronomie Saint Julien;500 rte Envignes;74160;NEYDENS;04 50 83 83 83;;;;;;;;['Traiteurs ', 'Restaurants '];;;
1753;RESTAURANT CHEZ ENZO;Le Ponant 242 rte Bellegarde;74520;VALLEIRY;04 50 04 20 21;;;;cuisine du monde;5.0;;;['plat à emporter', 'animaux acceptés', 'terrasse', 'facilité bébé', 'restaurant repas de groupe', 'climatisation', 'wifi'];['Lundi', 'Mardi', '12h00 - 13h30', '19h00 - 21h00', 'Mercredi', '12h00 - 13h30', '19h00 - 21h00', 'Jeudi', '12h00 - 13h30', '19h00 - 21h00', 'Vendredi', '12h00 - 13h30', '19h00 - 21h00', 'Samedi', '12h00 - 13h30', '19h00 - 21h00', 'Dimanche'];;
1754;Chez Nano;40 r Clus;74970;MARIGNIER;04 50 93 65 73;;['Entrée plat dessert café 1/4 vin : ', 'Plat dessert café 1/4 vin : '];['14 €', '12,50 €'];;;['Le double', 'Le Nano', 'La tartine de chèvre ou la savoyarde', 'Panini au poulet rôtis ou tomate mozzarela', 'café gourmand', 'mousse au chocolat maison du vendredi'];['15 €', '18 €', '12 €', '4,50 €', '5,50 €', '3 €'];;;;
1755;Chez Yang;17 r Doct Paccard;74400;CHAMONIX MONT BLANC;04 50 53 18 35;http://fr.chezyang.com;;;restaurant chinois;4.0;;;['animaux acceptés', 'terrasse', 'parking', 'facilité bébé', 'Zone fumeur', 'restaurant repas de groupe'];['Lundi', '11h30 - 14h30', '18h30 - 23h00', 'Mardi', '11h30 - 14h30', '18h30 - 23h00', 'Mercredi', '11h30 - 14h30', '18h30 - 23h00', 'Jeudi', '11h30 - 14h30', '18h30 - 23h00', 'Vendredi', '11h30 - 14h30', '18h30 - 23h00', 'Samedi', '11h30 - 14h30', '18h30 - 23h00', 'Dimanche', '11h30 - 14h30', '18h30 - 23h00'];;
1756;Ho Leng;15 rte Lyon;74160;SAINT JULIEN EN GENEVOIS;04 50 35 00 28;;;;;;;;;;;
1757;La Galéjade;4 quai Perrière;74000;ANNECY;04 50 45 32 52;;;;cuisine française;1.0;;;['animaux acceptés', 'terrasse', 'facilité bébé', 'accès handicapés'];['Lundi', '12h00 - 23h00', 'Mardi', '12h00 - 23h00', 'Mercredi', '12h00 - 23h00', 'Jeudi', '12h00 - 23h00', 'Vendredi', '12h00 - 23h00', 'Samedi', '12h00 - 23h00', 'Dimanche', ' 12h00 - 23h00'];;
1758;Crêperie du Château;10 r Perrière;74000;ANNECY;04 50 51 36 15;www.facebook.com;;;cuisine française;4.0;;;['animaux acceptés', 'terrasse', 'facilité bébé', 'restaurant repas de groupe'];['Lundi', '12h00 - 18h00', 'Mardi', '12h00 - 22h00', 'Mercredi', ' 12h00 - 22h00', 'Jeudi', '12h00 - 22h00', 'Vendredi', '12h00 - 22h00', 'Samedi', '12h00 - 22h00', 'Dimanche', '12h00 - 18h00'];;
1759;Chez Mijo BESAME-KETACI;16 r Helvétie;74100;AMBILLY;04 56 35 11 14;http://www.chezmijo.net;;;;;;;;;;
1760;BAR DE ROCHEBRUNE SARL;Le Telepherique Cafe 220 rte Téléphérique;74120;MEGÈVE;04 50 21 03 51;http://telepheriquecafe.com;;;;;;;['animaux acceptés', 'terrasse', 'parking', 'restaurant repas de groupe', 'accès handicapés'];['Lundi', '08h00 - 19h00', 'Mardi', '08h00 - 19h00', 'Mercredi', '08h00 - 19h00', 'Jeudi', '08h00 - 19h00', 'Vendredi', '08h00 - 19h00', 'Samedi', '08h00 - 19h00', 'Dimanche', '08h00 - 19h00'];;
1761;Pizza Fresca;15 r Granges;74200;THONON LES BAINS;04 50 71 38 47;http://www.pizza-fresca-thonon.fr;;;cuisine française;5.0;;;['pizzeria', 'plat à emporter', 'terrasse', 'parking', 'facilité bébé', 'restaurant repas de groupe', 'accès handicapés', 'wifi'];['Lundi', '11h00 - 13h30', '18h00 - 21h45', 'Mardi', '11h00 - 13h30', '18h00 - 21h45', 'Mercredi', '11h00 - 13h30', '18h00 - 21h45', 'Jeudi', '11h00 - 13h30', '18h00 - 21h45', 'Vendredi', '11h00 - 13h30', '18h00 - 21h45', 'Samedi', '11h00 - 13h30', '18h00 - 21h45', 'Dimanche'];;
1762;Spaggiari;41 arcades Mont Blanc;74120;MEGÈVE;04 50 98 89 88;http://www.spaggiari.fr;;;cuisine du monde;3.0;;;['restaurant repas de groupe'];;;
1763;L'Auberge Romanaise;che la Salle;74110;ESSERT ROMAND;09 67 48 31 96;;;;;;;;;;;
1764;La Biskatcha;61 r Chene;74260;LES GETS;04 50 84 55 35;http://www.restaurant-labiskatcha.com;;;;;;;;['Lundi', '09h00 - 12h00', 'Mardi', '09h00 - 12h00', 'Mercredi', '09h00 - 12h00', 'Jeudi', '09h00 - 12h00', 'Vendredi', '09h00 - 12h00', '16h00 - 19h00', 'Samedi', '09h00 - 12h00', '16h00 - 19h00', 'Dimanche', '08h30 - 12h00', '17h00 - 19h00'];;
1765;La Cabane Le Bistro;pl Centrale;74110;MORZINE;04 50 74 14 08;http://www.lacabaneavoriaz.fr;;;cuisine française;4.0;;;"['organisation de réception', 'animaux acceptés', 'terrasse', 'bistrot', ""repas d'affaire"", 'facilité bébé', 'restaurant repas de groupe', 'accès handicapés', 'wifi']";['Lundi', '09h00 - 02h00', 'Mardi', '09h00 - 02h00', 'Mercredi', '09h00 - 02h00', 'Jeudi', '09h00 - 02h00', 'Vendredi', '09h00 - 02h00', 'Samedi', '09h00 - 02h00', 'Dimanche', ' 09h00 - 02h00'];;
1766;Brasserie chez Jean Claude;av Thonon;74140;DOUVAINE;07 81 06 01 96;fr-fr.facebook.com/rexice001;;;;;;;;;;
1767;L'Esperance;la Veillaz Devant;74420;VILLARD;04 50 39 04 75;;;;;;;;['animaux acceptés', 'terrasse', 'parking', 'facilité bébé', 'restaurant repas de groupe', 'Restaurants ', 'Location de meublés '];['Lundi', '09h00 - 22h00', 'Mardi', '09h00 - 22h00', 'Mercredi', '09h00 - 22h00', 'Jeudi', '09h00 - 22h00', 'Vendredi', '09h00 - 22h00', 'Samedi', '09h00 - 22h00', 'Dimanche', '09h00 - 22h00'];;
1768;Ejaz Ahmed;gal Président;74700;SALLANCHES;04 50 54 47 43;;;;;;;;;;;
1769;Hôtel Le Crêt;905 rte Plagne;74110;MORZINE;04 50 79 09 21;www.lecret.com;;;;;;;"['piscines extérieures', 'location de skis', 'accueil bébé', 'sauna', 'wifi', 'animaux acceptés', 'chambres familiales', 'hammam', 'hôtel avec jardin', ""organisation d'événements"", 'parking', 'salle de sport', 'jeux pour enfants', 'aire de jeux enfants', 'restaurant', 'hotel Familial', 'piscines intérieures', 'télévision', 'club enfant', 'repas de groupe', 'accès pour les personnes à mobilité réduite', 'salle de mariages 350 places', 'jacuzzi', 'Hôtels ', 'Restaurants pour réceptions, pour séminaires ', 'Restaurants ']";['Lundi', '08h00 - 22h00', 'Mardi', '08h00 - 22h00', 'Mercredi', '08h00 - 22h00', 'Jeudi', '08h00 - 22h00', 'Vendredi', '08h00 - 22h00', 'Samedi', '08h00 - 22h00', 'Dimanche', '08h00 - 22h00'];;
1770;La Brasserie;Place Centrale 169 pro Festival;74110;MORZINE;04 50 74 12 50;;;;;;;;['Animaux acceptés', 'Climatisation', 'Terrasse'];['Lundi', '10h00 - 23h00', 'Mardi', '10h00 - 23h00', 'Mercredi', '10h00 - 23h00', 'Jeudi', '10h00 - 23h00', 'Vendredi', '10h00 - 23h00', 'Samedi', '10h00 - 23h00', 'Dimanche', '10h00 - 23h00'];;
1771;Casino d'Evian;quai Baron de Blonay;74500;EVIAN LES BAINS;04 50 26 87 87;www.casino-evian.com;;;Restaurant français;1.0;;;['accueil bébé', 'piscine', 'sauna', 'animaux acceptés', 'hammam', 'spa', 'parking', 'salle de sport', 'jardin', 'jeux pour enfants', 'climatisation', 'restaurant', 'télévision', 'accès pour les personnes à mobilité réduite', 'wi-fi', 'Restaurants ', 'Établissements de jeux, jeux en ligne '];['Lundi', '12h00 - 14h00', '19h00 - 23h00', 'Mardi', '12h00 - 14h00', '19h00 - 23h00', 'Mercredi', '12h00 - 14h00', '19h00 - 23h00', 'Jeudi', '12h00 - 14h00', '19h00 - 23h00', 'Vendredi', '12h00 - 14h00', '19h00 - 23h00', 'Samedi', '12h00 - 14h00', '19h00 - 23h00', 'Dimanche', '12h00 - 14h00', '19h00 - 23h00'];46.401332;6.589597
1772;Crescendo Restauration;Ccal Carrefour 1751 av Genève;74700;SALLANCHES;04 50 93 98 94;http://www.crescendo-restauration.fr/restaurant-sallanches-10.html;;;;;;;['animaux acceptés', 'terrasse', 'parking', 'facilité bébé', 'restaurant repas de groupe', 'accès handicapés', 'climatisation', 'wifi'];['Lundi', '08h30 - 21h30', 'Mardi', '08h30 - 21h30', 'Mercredi', '08h30 - 21h30', 'Jeudi', '08h30 - 21h30', 'Vendredi', '08h30 - 21h30', 'Samedi', '08h30 - 21h30', 'Dimanche', '08h30 - 21h30'];;
1773;Bar L'Embuscade;82 r Nationale;74500;EVIAN LES BAINS;04 50 75 02 08;;;;;;;;['Cuisine française '];;;
1774;Bar Le National;1829 rte Grandes Alpes;74430;SAINT JEAN D'AULPS;04 50 38 49 66;http://www.barnational.com;;;;;;;['pizzeria'];;;
1775;Domaine Du Chainet;1421 rte Chainet;74540;VIUZ LA CHIÉSAZ;06 60 67 18 92;http://www.domaine-du-chainet.fr;;;cuisine française;4.0;['Bonbon au foie gras et velouté carotte arôme orange', 'Bouillon de volaille au foie gras gingembre et citronnelle', 'Confit de joue de cochon safrané et au citron confit et son espuma de pomme de terre', 'Côte de boeuf frotté au gros sel cuite au feu de bois et sa tatin échalotte crémeu d ail doux', 'Glace caramel beurre salé et croquant chocolat', 'Soufflé au citron vert'];['0\xa0 €', '0\xa0 €', '0\xa0 €', '0\xa0 €', '0\xa0 €', '0\xa0 €'];['terrasse', 'parking'];['Lundi', 'Mardi', 'Mercredi', 'Jeudi', 'Vendredi', '20h00 - 23h00', 'Samedi', '20h00 - 23h00\n ', 'Dimanche'];;
1776;Nazca Bar & Food;207 rte Vonnes;74390;CHÂTEL;04 56 30 72 17;http://www.nazcabar.com;;;;;;;['restaurant végétarien', 'Restaurants ', 'Cafés, bars '];;;
1777;Restaurant La Colombière;Col Colombiere;74950;LE REPOSOIR;06 60 83 07 40;http://restaurantlacolombiere.site-solocal.com;;;cuisine française;4.0;;;['animaux acceptés', 'terrasse', 'bar à vin', 'parking', 'facilité bébé', 'restaurant repas de groupe', 'accès handicapés', 'repas de groupe'];;;
1778;Restaurant Akashon;50 pl Aiguille du Midi;74400;CHAMONIX MONT BLANC;04 58 10 03 04;http://restaurant-akashon.com/contact/;;;;;"['ENTRÉE DU JOUR', ""LE CAVIAR D'AQUITAINE ET OEUF CUISSON PARFAITE"", 'LA VIANDE DU JOUR', 'LE POISSON DU JOUR', ""L'ANANAS CONFIT À LA VANILLE BOURBON"", ""L'ASSIETTE DE FROMAGES""]";['14\xa0 €', '22\xa0 €', '21\xa0 €', '21\xa0 €', '10\xa0 €', '12\xa0 €'];['31-45 euros '];['Lundi', '19h00 - 22h00', 'Mardi', '19h00 - 22h00', 'Mercredi', '19h00 - 22h00', 'Jeudi', '19h00 - 22h00', 'Vendredi', '19h00 - 22h00', 'Samedi', '19h00 - 22h00', 'Dimanche', '19h00 - 22h00'];;
1779;La Pizzaiola;Chalet 341 rte Lovagny;74330;POISY;04 50 46 10 26;www.facebook.com;;;;;;;['pizzeria', 'terrasse', 'parking'];;;
1780;L B G 2;985 rte Bois Enclos;74100;JUVIGNY;04 50 74 61 39;;;;;;;;;;;
1781;La Bicyclette Rose;29 r Sommeiller;74000;ANNECY;04 50 05 16 51;;;;;;;;['buffet de mariage', 'organisation de séminaire', 'brunch', 'organisation de mariage', 'Restaurants pour réceptions, pour séminaires ', 'Cafés, bars ', 'Restaurants '];['Lundi', 'Mardi', '07h30 - 18h00', 'Mercredi', '07h30 - 18h00', 'Jeudi', '07h30 - 18h00', 'Vendredi', '08h00 - 18h00', 'Samedi', '08h00 - 15h00', 'Dimanche'];;
1782;Kichi Sushi;13 r Saulne;74230;THÔNES;04 50 44 65 18;www.facebook.com;;;;;;;"['boisson', 'repas sans sel', ""repas d'anniversaire"", 'plateau repas', 'traiteur asiatique', ""repas d'affaire"", 'organisation de réceptions', 'repas sans gluten', 'vente à emporter', 'Traiteurs ', 'Restaurants ']";['Lundi', '17h00 - 21h30', 'Mardi', '17h00 - 21h30', 'Mercredi', '17h00 - 21h30', 'Jeudi', '17h00 - 21h30', 'Vendredi', '17h00 - 21h30', 'Samedi', '17h00 - 21h30', 'Dimanche'];;
1783;BAR RESTAURANT DE LA CROIX ROUGE;11 chem Croix Rouge;74600;SEYNOD;04 50 51 40 32;;;;;;;;['Restaurants ', 'Cafés, bars '];['Lundi', '06h30 - 22h00', 'Mardi', '06h30 - 22h00', 'Mercredi', '06h30 - 22h00', 'Jeudi', '06h30 - 22h00', 'Vendredi', '06h30 - 22h00', 'Samedi', '07h30 - 13h00', 'Dimanche'];;
1784;Creperie De Rovagne;211 chem Farquet;74440;MIEUSSY;06 75 00 71 08;fr-fr.facebook.com;;;;;;;['crêperie'];['Lundi', '10h30 - 18h00', 'Mardi', '10h30 - 18h00', 'Mercredi', '10h30 - 18h00', 'Jeudi', '10h30 - 18h00', 'Vendredi', '10h30 - 18h00', 'Samedi', '10h30 - 18h00', 'Dimanche', '10h30 - 18h00'];;
1785;Pinot Philippe;le Plateau;74370;PRINGY;09 53 39 88 15;;;;;;;;;;;
1786;Compagnie Des Bateaux Du Lac D'Annecy;2 pl Bois;74000;ANNECY;04 50 51 08 40;www.annecy-croisieres.com;;;;;;;['Tourisme', 'animation touristique', 'promenade en bateau', 'Croisière', 'visite guidée', 'Restaurant', 'curiosité touristique', 'site naturel', 'tourisme fluvial', 'Croisières ', 'Sites, circuits de tourisme ', 'Organisation de mariages ', 'Agences de voyages ', 'Restaurants '];;;
1787;The Chalet Host Co;rte Nants;74110;MORZINE;06 30 77 92 23;http://www.hugedomains.com/domain_profile.cfm?d=thechalethostco&e=com;;;;;;;['facilité bébé'];['Lundi', '07h00 - 00h00', 'Mardi', '07h00 - 05h00', 'Mercredi', '07h00 - 05h00', 'Jeudi', ' 07h00 - 05h00', 'Vendredi', '07h00 - 05h00', 'Samedi', '00h00 - 05h00', 'Dimanche'];;
1788;Le Refuge;Praz De Lys Vers la Gouille;74440;TANINGES;04 50 96 41 72;;;;;;;;;;;
1789;Le Lac Bleu;rte Plage;74210;DOUSSARD;04 50 10 85 06;http://www.camping-lac-bleu.com;;;;;;;['Restaurants ', 'Campings '];['Lundi', '08h00 - 22h00', 'Mardi', '08h00 - 11h00', 'Mercredi', '08h00 - 22h00', 'Jeudi', '08h00 - 22h00', 'Vendredi', '08h00 - 22h00', 'Samedi', '08h00 - 22h00', 'Dimanche', '08h00 - 22h00'];;
1790;Le Cauchois Catherine;479 rte Cologes;74300;MAGLAND;04 50 93 90 39;;;;;;;;;;;
1791;La Case A Pizza;Le Mont Blanc 31 av Sardagne;74300;CLUSES;04 50 58 60 17;http://www.caseapizza.fr;;;restaurant italien;5.0;;;['pizzeria', 'plat à emporter', 'Vin italien', 'animaux acceptés', 'parking', 'Pizza à emporter', 'Dessert « fait maison »', 'Bruschetta', 'accès handicapés', 'Commande par téléphone au 04 50 58 60 17 ou sur place', 'Restaurants ', 'Pizzas à emporter '];['Lundi', 'Mardi', '17h30 - 21h30', 'Mercredi', '17h30 - 21h30', 'Jeudi', '17h30 - 21h30', 'Vendredi', '11h30 - 13h30', '17h30 - 21h30', 'Samedi', '11h30 - 13h30', '17h30 - 21h30', 'Dimanche', '17h30 - 21h30'];;
1792;Arkose Genevois;10 all Chênes;74100;VÉTRAZ MONTHOUX;04 57 43 60 62;http://genevois.arkose.com;;;;;;;['Infrastructures de sports et loisirs ', 'Restaurants '];;;
1793;Le 1920;373 chem Follières;74120;MEGÈVE;04 50 78 62 65;http://www.fourseasons.com/fr/megeve;;;;;['Caviar Osciètre Gold rafraichi au cresson de fontaine', 'Foie gras de canard façon opera à la truffe noire Melanosporum', 'Coeur de bar de ligne nacré au beurre demi-sel des 30 Arpents', 'Grosses langoustines bretonnes rôties', 'Agneau de lait de Montagne en deux cuissons', 'Gibier de Mandegris au diamant noir'];['75\xa0 €', '72\xa0 €', '75\xa0 €', '85\xa0 €', '79\xa0 €', '85\xa0 €'];['Étoilé ', 'Asiatique ', 'Japonaise ', 'Cuisine française ', 'Guide michelin ', 'Supérieur à 120 euros '];;;
1794;Hôtel Restaurant Val De Fier;1376 rte Mandrin;74150;VAL DE FIER;04 50 62 21 75;;;;;;;;['Hôtels ', 'Restaurants '];;;
1795;Le Panorama;250 av Grande Rive;74500;EVIAN LES BAINS;04 50 75 14 50;http://www.hotellepanorama.com;;;;;;;['télévision', 'animaux acceptés', 'facilités bébé', 'parking', 'wifi', 'accès handicapé', 'restaurant', 'Hôtels ', 'Restaurants '];;;
1796;Bar Restaurant Le Tarot;330 r la Fontaine;74800;AMANCY;04 50 03 25 41;www.facebook.com;;;;;;;['animaux acceptés', 'terrasse', 'karaoké', 'parking', 'facilité bébé', 'restaurant repas de groupe', 'accès handicapés', 'dîner spectacle', 'wifi'];['Lundi', '12h00 - 14h00', 'Mardi', '12h00 - 14h00', 'Mercredi', '12h00 - 14h00', 'Jeudi', '12h00 - 14h00', '19h00 - 22h00', 'Vendredi', '12h00 - 14h00', '19h00 - 22h00', 'Samedi', '12h00 - 14h00', '19h00 - 22h00', 'Dimanche'];;
1797;LA TABLE VERTE (SARL);chem Mouilles;74550;PERRIGNIER;04 56 81 21 79;;;;;;;;;['Lundi', '12h00 - 14h00', 'Mardi', '12h00 - 14h00', 'Mercredi', '12h00 - 14h00', 'Jeudi', '12h00 - 14h00', 'Vendredi', '12h00 - 14h00', '19h00 - 23h00', 'Samedi', 'Dimanche'];;
1798;Anthoine-Milhomme Yves;rte Glières;74130;LE PETIT BORNAND LES GLIÈRES;04 50 22 47 60;;;;;;;;['Élevages de bovins ', 'Restaurants '];;;
1799;Sas Monchu;1261 rte Vonnes;74390;CHÂTEL;09 67 47 28 51;www.facebook.com/184001241752751;;;;;;;;;;
1800;Demisel;Val Chamonix  pl Mont Blanc;74400;CHAMONIX MONT BLANC;06 95 01 81 63;http://demisel.fr;;;;;;;;;;
1801;Brasserie Le Charles Albert;72 pl Charles Albert;74700;SALLANCHES;04 50 47 81 04;www.facebook.com;;;;;;;['animaux acceptés', 'terrasse', 'parking', 'Zone fumeur', 'restaurant repas de groupe', 'accès handicapés', 'wifi', 'brasserie'];['Lundi', '07h00 - 21h00', 'Mardi', '07h00 - 21h00', 'Mercredi', '07h00 - 21h00', 'Jeudi', '07h00 - 21h00', 'Vendredi', '07h00 - 21h00', 'Samedi', '07h00 - 21h00', 'Dimanche'];;
1802;RESTAURANT LES ANCELLES;lieu-dit Brochaux;74110;MONTRIOND;04 50 74 16 90;;;;;;;;['Cuisine française '];['Lundi', '09h00 - 17h00', 'Mardi', '09h00 - 17h00', 'Mercredi', '09h00 - 17h00', 'Jeudi', '09h00 - 17h00', 'Vendredi', '09h00 - 17h00', 'Samedi', '09h00 - 17h00', 'Dimanche', '09h00 - 17h00'];;
1803;Télébar Du Mont Blanc;3904 rte Chavannes;74260;LES GETS;04 50 79 75 46;;;;;;;;['brasserie'];['Lundi', '07h00 - 19h00', 'Mardi', '07h00 - 19h00', 'Mercredi', '07h00 - 19h00', 'Jeudi', '07h00 - 19h00', 'Vendredi', '07h00 - 19h00', 'Samedi', '07h00 - 19h00', 'Dimanche', '07h00 - 19h00'];;
1804;Le Grenier;Chef Lieu;74440;MORILLON;04 50 90 66 78;www.facebook.com;;;;;;;['restaurant végétarien', 'animaux acceptés', 'parking', 'restaurant repas de groupe'];['Lundi', '12h00 - 23h00', 'Mardi', '12h00 - 23h00', 'Mercredi', '12h00 - 23h00', 'Jeudi', '12h00 - 23h00', 'Vendredi', '12h00 - 23h00', 'Samedi', '12h00 - 23h00', 'Dimanche', '12h00 - 23h00'];;
1805;Les Mouilles SARL;Lieu Dit La Mouille 2585 rte Ys;74110;MORZINE;06 09 95 81 19;http://www.morzine-avoriaz.com/restaurant-les-mouilles.html;;;;;;;['Cuisine française '];['Lundi', '08h30 - 17h30', 'Mardi', '08h30 - 17h30', 'Mercredi', '08h30 - 17h30', 'Jeudi', '08h30 - 17h30', 'Vendredi', '08h30 - 17h30', 'Samedi', '08h30 - 17h30', 'Dimanche', '08h30 - 17h30'];;
1806;Pizzeria L'Achille;143 r Achille Benoit;74300;CLUSES;04 50 96 39 09;;;;;;;;['Pizzerias ', 'Restaurants '];['Lundi', '12h00 - 14h00', '19h00 - 22h00', 'Mardi', '12h00 - 14h00', '19h00 - 22h00', 'Mercredi', '12h00 - 14h00', '19h00 - 22h00', 'Jeudi', '12h00 - 14h00', '19h00 - 22h00', 'Vendredi', '12h00 - 14h00', '19h00 - 22h00', 'Samedi', '12h00 - 14h00', '19h00 - 22h00', 'Dimanche', '12h00 - 14h00', '19h00 - 22h00'];;
1807;Jardin Sur Court;2 av Beauregard;74000;CRAN GEVRIER;04 50 46 66 41;http://www.jardinsurcourt.com;;;cuisine française;4.0;['Salade César', 'Salade Gourmande Périgourdine', 'Gratin de raviole au reblochon', 'Hamburguer du maquis sauce origan', 'Faisselle', 'Farandole de fromages'];['8.9\xa0 €', '9.95\xa0 €', '17.9\xa0 €', '14.9\xa0 €', '6.5\xa0 €', '6.5\xa0 €'];"['jardin', 'plat à emporter', 'animaux acceptés', 'terrasse', 'parking', ""repas d'affaire"", 'facilité bébé', 'restaurant repas de groupe', 'accès handicapés']";['Lundi', '08h30 - 17h00', 'Mardi', '08h30 - 17h00', 'Mercredi', '08h30 - 17h00', 'Jeudi', '08h30 - 17h00', 'Vendredi', 'Samedi', 'Dimanche'];;
1808;Restaurant La Rotonde des Trésoms;15 bd Corniche;74000;ANNECY;04 50 51 43 84;www.lestresoms.com;['Menu Club au déjeuner du mardi au vendredi (Entrée + Plat + Dessert) : ', 'Menu Bien Etre (Amuse bouche + Entrée + Plat + Dessert) : ', 'Menu Balade Gourmande (Amuse Bouche + Entrée + Plat + Fromage + Dessert) : ', 'Menu Vision Grand Angle en 6 plats : '];['37 €', '49 €', '59 €', '79 €'];gastronomique;5.0;"['LES LEGUMES DE CHEZ Mr MARTEL, légumes étuvés à la citronnelle, bouillon et vanille', 'LA POMME DE TERRE, Mousseline de pomme de terre crémeuse, oeuf de caille, jus de poulet réduit', ""LA FERA DU LAC D'ANNECY, filet de féra étuvé, brocolis et sarrasin"", 'LA SAINT PIERRE, aiguillettes poêlées, légumes safranés', ""LA VANILLE DE L'ÎLE DE LA REUNION, en crémeux, en meringue, en glace..."", 'LE CHOCOLAT ET LE SERAC DE CHEVRE, chocolat Guanaja 72 %, sérac, mélisse et génépi']";['35 €', '37 €', '41 €', '43 €', '19 €', '15 €'];['terrasse', 'parking', 'gastronomique', 'wifi', 'Restaurants ', 'Hôtels '];;;
1809;Refuge La Pierre A Bérard;Refuge Pierre à Bérard;74660;VALLORCINE;04 50 54 62 08;;;;;;;;['Infrastructures de sports et loisirs ', 'Restaurants '];;;
1810;AUBERGE DU SEMNOZ AUBERGE DU SEMNOZ;rte Monnetier;74410;SAINT JORIOZ;04 50 68 98 38;http://www.aubergelesemnoz.com;;;;;;;['télévision', 'jardin', 'facilités bébé', 'parking', 'jeux pour enfants', 'Hôtels ', 'Restaurants '];['Lundi', '08h00 - 23h00', 'Mardi', '08h00 - 23h00', 'Mercredi', '08h00 - 23h00', 'Jeudi', '08h00 - 23h00', 'Vendredi', '08h00 - 23h00', 'Samedi', '08h00 - 23h00', 'Dimanche', '08h00 - 23h00'];;
1811;Din;20 Grande Rue;74160;SAINT JULIEN EN GENEVOIS;04 50 36 23 79;http://www.taj-mahal-restaurant.fr;;;Restaurant indien;1.0;;;['Plats à emporter', 'Parking', 'Spécialités indiennes', 'Spécialités pakistanaises', 'Terrasse', 'Repas de groupes', 'Restaurants ', 'Restaurants indiens '];['Lundi', '12h00 - 14h00', '19h00 - 22h30', 'Mardi', '12h00 - 14h00', '19h00 - 22h30', 'Mercredi', '12h00 - 14h00', '19h00 - 22h30', 'Jeudi', '12h00 - 14h00', '19h00 - 22h30', 'Vendredi', '12h00 - 14h00', '19h00 - 22h30', 'Samedi', '12h00 - 14h00', '19h00 - 22h30', 'Dimanche', '12h00 - 14h00', '19h00 - 22h30'];;
1812;Panda café;5 r Gare;74100;ANNEMASSE;06 89 86 79 78;;;;;;;;['terrasse', 'facilité bébé', 'wifi', 'Restaurants ', 'Cafés, bars '];;;
1813;Arc En Ciel;1204 rte Petit Chatel;74390;CHÂTEL;04 50 73 20 08;http://www.hotel-arcenciel.fr;;;;;;;['1 étoile ', 'Restauration ', 'Hôtels ', 'Restaurants '];['Lundi', '12h00 - 14h00', '19h00 - 21h00', 'Mardi', '12h00 - 14h00', '19h00 - 21h00', 'Mercredi', '12h00 - 14h00', '19h00 - 21h00', 'Jeudi', '12h00 - 14h00', '19h00 - 21h00', 'Vendredi', '12h00 - 14h00\n ', '19h00 - 21h00', 'Samedi', '12h00 - 14h00', '19h00 - 21h00', 'Dimanche', '12h00 - 14h00', '19h00 - 21h00'];;
1814;La Friandine;50 r Tournelles;74100;ANNEMASSE;04 50 37 44 45;http://www.la-friandine.fr;;;;;;;['pâtisserie sur commande', 'traiteur', 'pain aux céréales', 'pain au levain', 'pain de campagne', 'salade', 'quiche', 'pain de seigle', 'pâtisserie glacée', 'sandwich', 'pain complet', 'Boulangeries-pâtisseries (artisans) ', 'Restaurants '];['Lundi', 'Mardi', '05h30 - 19h00', 'Mercredi', '05h30 - 19h00', 'Jeudi', '05h30 - 19h00', 'Vendredi', '05h30 - 19h00', 'Samedi', '05h30 - 15h00', 'Dimanche'];;
1815;Pol;1 r St Sébastien;74200;THONON LES BAINS;04 50 70 98 41;http://www.pol-restaurant.fr;['Formule Express 1 tarte salée ou 1 soupe et 1 salade verte ou 1 carotte râpée et 1 dessert au choix : ', 'Menu POL : 1 wok ou 1 pâte farcie ou 1 POT et 1 dessert au choix et 1 boisson : '];['9,00 €', '12,90 €'];cuisine française;5.0;['soupe chaude', 'bagel', 'Wok', 'Pâte du momment', 'Crumble', 'Bircher'];['4,20 €', '5,50 €', '8,5 €', '5,9 €', '3,2 €', '4,00 €'];"['restaurant végétarien', 'plat à emporter', 'animaux acceptés', 'terrasse', 'restaurant végétalien', 'parking', ""repas d'affaire"", 'facilité bébé', 'service continu', 'restaurant bio', 'climatisation', 'wifi']";['Lundi', '08h00 - 20h00', 'Mardi', '08h00 - 20h00', 'Mercredi', '08h00 - 20h00', 'Jeudi', '08h00 - 20h00', 'Vendredi', '08h00 - 20h00', 'Samedi', '08h00 - 20h00\n ', 'Dimanche'];;
1816;Pizza Spécialp;24 pl Commerce;74570;THORENS GLIÈRES;06 47 37 80 17;www.facebook.com;;;;;;;;;;
1817;Les Habères;village Haberes;74420;HABÈRE POCHE;04 50 39 55 70;;;;Restaurant savoyard;5.0;;;['plat à emporter', 'animaux acceptés', 'terrasse', 'parking', 'facilité bébé', 'restaurant repas de groupe', 'accès handicapés'];['Lundi', 'Mardi', '07h30 - 23h45', 'Mercredi', '07h30 - 23h45', 'Jeudi', '07h30 - 23h45', 'Vendredi', '07h30 - 23h45', 'Samedi', '07h30 - 23h45', 'Dimanche', '07h30 - 23h45'];;
1818;Restaurant La Boheme;97 pl Grenette;74450;LE GRAND BORNAND;04 50 02 27 93;http://www.legrandbornand.com/restaurant-la-boheme.html;;;cuisine française;1.0;;;['restaurant sans gluten', 'restaurant végétarien', 'plat à emporter', 'animaux acceptés', 'terrasse', 'parking', 'facilité bébé', 'restaurant repas de groupe', 'accès handicapés', 'climatisation'];['Lundi', '12h00 - 14h00', '19h00 - 22h00', 'Mardi', '12h00 - 14h00', '19h00 - 22h00', 'Mercredi', '12h00 - 14h00', '19h00 - 22h00', 'Jeudi', '12h00 - 14h00', '19h00 - 22h00', 'Vendredi', '12h00 - 14h00', '19h00 - 22h00', 'Samedi', '12h00 - 14h00', '19h00 - 22h00', 'Dimanche', '12h00 - 14h00', '19h00 - 22h00'];;
1819;Hôtel Restaurants Les Sapins;2656 rte Lac;74110;MONTRIOND;04 50 75 90 56;http://WWW.hotel-les-sapins74.com;;;;;;;['bar', 'demi-pension', 'cheminée', 'accueil de groupe', 'télévision', 'animaux acceptés', 'parking', 'bord de lac', 'restaurant', 'Hôtels ', 'Restaurants '];;;
1820;Le Farto;Praz De Lys imm Chalune B;74440;TANINGES;04 50 34 38 63;www.facebook.com;;;cuisine française;4.0;;;"['pizzeria', 'organisation de réception', 'plat à emporter', 'animaux acceptés', 'terrasse', ""repas d'affaire"", 'facilité bébé', 'restaurant repas de groupe', 'accès handicapés', 'climatisation', 'wifi']";['Lundi', '08h00 - 22h00', 'Mardi', '08h00 - 22h00', 'Mercredi', '08h00 - 22h00', 'Jeudi', '08h00 - 22h00', 'Vendredi', '08h00 - 22h00', 'Samedi', '08h00 - 22h00', 'Dimanche', '08h00 - 22h00'];;
1821;Le Temps De Vivre SNC;47 chem Belosses;74100;AMBILLY;04 50 92 36 06;www.letempsdevivre.fr;;;cuisine française;5.0;;;['animaux acceptés', 'terrasse', 'parking', 'facilité bébé', 'restaurant repas de groupe'];['Lundi', 'Mardi', '12h00 - 13h15', '19h30 - 21h15', 'Mercredi', '12h00 - 13h15', '19h30 - 21h15', 'Jeudi', '12h00 - 13h15', '19h30 - 21h15', 'Vendredi', '12h00 - 13h15', '19h30 - 21h15', 'Samedi', '19h30 - 21h15', 'Dimanche'];;
1822;BAR DES FONTANETTES;Les Fontanettes Sud;74230;LE BOUCHET;04 50 27 52 06;;;;;;;;['Terrasse', 'Repas de groupe', 'Ouvert 7j/7', 'Restaurants ', 'Cafés, bars ', 'Gîtes '];['Lundi', '12h00 - 15h00', '19h00 - 21h00', 'Mardi', '12h00 - 15h00', '19h00 - 21h00', 'Mercredi', '12h00 - 15h00', '19h00 - 21h00', 'Jeudi', '12h00 - 15h00', '19h00 - 21h00', 'Vendredi', '12h00 - 15h00', '19h00 - 21h00', 'Samedi', '12h00 - 15h00', '19h00 - 21h00', 'Dimanche', '12h00 - 15h00', '19h00 - 21h00'];;
1823;Club de Voile Sté Nautique du Léman Français;Port de Rives;74200;THONON LES BAINS;04 50 71 07 29;http://www.asso.ffv.fr/snlf-thonon;;;;;;;['Clubs de sports nautiques ', 'Associations culturelles, de loisirs ', 'Restaurants '];;;
1824;Ros Séverine;100 chem Crets Fleuris;74380;BONNE;04 50 95 80 47;;;;;;;;;;;
1825;Refuge Gîte de Porcherey;1380 rte Porcherey;74190;SAINT NICOLAS DE VEROCE;06 80 64 01 43;;;;;;;;['Refuges de montagne ', 'Restaurants '];;;
1826;Auberge De La Cascade De Rouget;Route Du Lignon les Frasses;74740;SIXT FER À CHEVAL;04 50 34 19 94;www.facebook.com;;;;;;;['animaux acceptés', 'terrasse', 'parking'];;;
1827;CHEZ MONIQUE;31 r Ste Claire;74000;ANNECY;04 50 51 15 47;;;;;;;;['pizzeria'];;;
1828;Club du Mont d'Arbois;3001 rte Edmond De Rothschild;74120;MEGÈVE;04 50 93 03 43;http://www.mont-darbois.fr/restaurants/club-mont-arbois.aspx;;;;;"['Melon Charentais et jambon de Savoie', ""Oeuf fermier cuit mollet, champignons cuisinés à l'ail des ours et sauce agaric"", 'Garganelli à la provençal', 'Omelette garnie (jambon, champignons, tomate, truite, oignons)', 'Coquelet à la broche, salade et pommes de terre au four']";['13\xa0 €', '14\xa0 €', '19\xa0 €', '15\xa0 €', '21\xa0 €'];['31-45 euros '];['Lundi', '09h00 - 12h00', '13h00 - 17h00', 'Mardi', '09h00 - 12h00', '13h00 - 17h00', 'Mercredi', '09h00 - 12h00', ' 13h00 - 17h00', 'Jeudi', '09h00 - 12h00', '13h00 - 17h00', 'Vendredi', '09h00 - 12h00', '13h00 - 17h00', 'Samedi', 'Dimanche'];;
1829;Résidences de Rochebrune Conciergerie Les;39 rte Téléphérique;74120;MEGÈVE;04 50 21 42 59;;;;;;;;;;;
1830;Restaurant 4 Epices;138 av Mont D'Arbois;74170;SAINT GERVAIS LES BAINS;04 50 47 75 75;;;;;;;;;;;
1831;Au Jardin d'Eden;1 av Gén Dupas;74500;EVIAN LES BAINS;04 50 38 62 26;http://www.jardin-eden-evian.com;;;;;;;['Brasserie ', 'Enfant ', 'Fait maison ', 'Farci ', 'Frites ', 'Guide michelin ', 'Homard ', 'Menu de fêtes ', 'Plat du jour ', 'Restaurant végétarien '];['Lundi', 'Mardi', '12h00 - 14h00', '19h00 - 21h00', 'Mercredi', '12h00 - 14h00', '19h00 - 21h00', 'Jeudi', '12h00 - 14h00', '19h00 - 21h00', 'Vendredi', '12h00 - 14h00', '19h00 - 22h00', 'Samedi', '12h00 - 14h00', '19h00 - 22h00', 'Dimanche', '12h00 - 14h00'];;
1832;Résid.Hôtel Rent;531 rte Nationale;74120;MEGÈVE;04 50 91 19 19;http://www.hotelmegeve.com;;;;;;;['télévision', 'animaux acceptés', 'facilités bébé', 'parking', 'wifi', 'restaurant', 'Hôtels ', 'Restaurants '];;;
1833;Café Leffe L'ABBAYE;4 r Pâquier;74000;ANNECY;04 50 45 12 88;http://www.abbaye-annecy.com;;;;;"['CARPACCIO DE BOEUF, COPEAUX DE FOIE GRAS', ""EMINCÉ DE TOMATES COEUR DE BOEUF MOZZARELLA BURRATTA, HUILE VERTE À L'AIL DES OURS"", 'MOULES MARINIÈRE Servies avec des frites', 'TARTARE DE SAUMON DE NORVÈGE AU COUTEAU', 'FONDANT CHAUD AU CHOCOLAT', 'MINESTRONE DE FRAISES']";['20\xa0 €', '14\xa0 €', '18\xa0 €', '18.5\xa0 €', '8\xa0 €', '9\xa0 €'];['21-30 euros ', 'Cuisine française ', 'Restaurants ', 'Cafés, bars '];['Lundi', '12h00 - 00h00', 'Mardi', '12h00 - 00h00', 'Mercredi', '12h00 - 00h00', 'Jeudi', '12h00 - 00h00', 'Vendredi', '12h00 - 00h00', 'Samedi', '12h00 - 00h00', 'Dimanche', '12h00 - 00h00'];;
1834;Le 4 Vins;3 fbg Ste Claire;74000;ANNECY;09 83 40 65 42;;;;;;;;['Cuisine française '];;;
1835;Notre Resto;75 fbg St Martin;74800;LA ROCHE SUR FORON;04 50 03 23 73;http://www.notreresto.com;;;;;;;['terrasse'];['Lundi', 'Mardi', ' 11h45 - 14h00', '19h00 - 22h00', 'Mercredi', '11h45 - 14h00', '19h00 - 22h00', 'Jeudi', '11h45 - 14h00', '19h00 - 22h00', 'Vendredi', '11h45 - 14h00', '19h00 - 22h00', 'Samedi', '11h45 - 14h00', '19h00 - 22h00', 'Dimanche'];;
1836;Chef à la Maison;833 rte Chef Lieu;74250;FILLINGES;06 49 41 60 83;;;;;;;;;;;
1837;Le Prè de Foire SARL;3 pl Allobroges;74300;CLUSES;04 57 27 76 67;;;;;;;;"['terrasse', 'karaoké', ""repas d'affaire"", 'facilité bébé', 'dîner spectacle', 'wifi', 'brasserie', 'organisation de réception', 'restaurant végétarien', 'animaux acceptés', 'parking', 'restaurant repas de groupe', 'accès handicapés']";['Lundi', '06h00 - 20h00', 'Mardi', '06h00 - 20h00', 'Mercredi', '06h00 - 20h00', 'Jeudi', '06h00 - 20h00', 'Vendredi', '06h00 - 20h00', 'Samedi', '07h00 - 15h00', 'Dimanche'];;
1838;La Table;Hotel Ermitage 1230 av du Léman Neuvecelle;74500;EVIAN LES BAINS;04 50 26 85 54;www.hotel-ermitage-evian.com;;;;;;;['salle de sport', 'accès pour les personnes à mobilité réduite', 'parking', 'wi-fi', 'hammam', 'télévision', 'sauna', 'jardin', 'climatisation', 'jeux pour enfants', 'restaurant', 'spa', 'accueil bébé', 'animaux acceptés', 'piscine'];;;
1839;Pizza Pizza;11 av Thony;74500;EVIAN LES BAINS;04 50 84 40 91;www.facebook.com;;;;;;;['pizzeria'];;;
1840;Hôtel le Beau Séjour;134 pl Arcades;74800;SAINT PIERRE EN FAUCIGNY;04 50 03 71 26;https://www.hotel-restaurant-beausejour-74.fr;;;;;;;"['Accès pour personnes à mobilité réduite ', 'Animaux acceptés ', 'Bar ', 'Demi-pension ', 'Parking ', ""Repas d'affaire "", 'Terrasse ', 'Accès internet ', 'Banquet ', 'Cuisine française ', 'Restaurants ', 'Hôtels ']";;;
1841;Le Difalo;216 r Verdi;74160;COLLONGES SOUS SALÈVE;04 50 43 29 22;;;;;;;;['brasserie'];;;
1842;Le Pic Du Marcelly;30 r Pressenage;74260;LES GETS;04 50 75 68 82;;;;;;;;;;;
1843;PATONY RESTO;580 av Victor Hugo;74800;AMANCY;04 50 03 75 01;;;;;;;;;;;
1844;Le Bistrot;151 av Aiguille du Midi;74400;CHAMONIX MONT BLANC;04 50 53 57 64;http://www.lebistrotchamonix.com/fr;;;cuisine française;4.0;"['MAGRET DE CANARD FUMÉ MAISON, DÉCLAINAISON DE POMMES GRANNY SMITH ET BETTRAVES AU VINAIGRE BALSAMIQUE', 'RISOTTO CARNAROLI AU POTIRON ET CHÂTAIGNES, PECORINO', 'FILETS DE PERCHE CUITS MEUNIÈRE, BROCOLIS ET CHOUX FLEUR DE COULEUR SAUTÉS, CITRON CONFIT, CÂPRES ET ÉMULSION AU BEURRE NOISETTE', 'LONGE DE THON SNACKÉE, TAGLIATELLES FRAÎCHES AUX TOMATES, CÂPRES, OLIVES, BASILIC ET FENOUIL SAUTÉS', ""CARRÉ DE PORCELET RÔTI, MOUSSELINE DE POMMES DE TERRE À LA MOUTARDE À L'ANCIENNE, OIGNONS ROUGES ET CONCOMBRES EN AIGRE, DOUX"", 'PALERON DE VEAU BRAISÉ 24H PUIS FUMÉ MINUTE, POMMES DE TERRE GRENAILLES RISSOLÉES ET CHOUX VERT']";['15\xa0 €', '15\xa0 €', '26\xa0 €', '24\xa0 €', '23\xa0 €', '24\xa0 €'];['animaux acceptés', 'terrasse', 'parking', 'Zone fumeur', 'facilité bébé', 'restaurant repas de groupe', 'accès handicapés', 'wifi', 'climatisation'];['Lundi', '12h00 - 14h00', '19h00 - 23h30', 'Mardi', '12h00 - 14h00', '19h00 - 23h30', 'Mercredi', '12h00 - 14h00', '19h00 - 23h30', 'Jeudi', '12h00 - 14h00', '19h00 - 23h30', 'Vendredi', '12h00 - 14h00', '19h00 - 23h30', 'Samedi', '12h00 - 14h00', '19h00 - 23h30', 'Dimanche', '12h00 - 14h00', '19h00 - 23h30'];;
1845;La Pointe De Nyon;chem Seyrosset Bas;74110;MORZINE;04 50 04 59 83;;;;;;;;;;;
1846;Snack de la Piscine;240 r Albert Gruffat;74700;SALLANCHES;06 81 48 23 78;;;;;;;;;;;
1847;Inter Hôtel Porte De Genève Adherent;4 r René Cassin;74240;GAILLARD;04 50 39 70 30;www.portedegeneve.com;;;;;;;"['Parking', 'Animaux acceptés', 'Jardin', 'Télévision', 'Accès aux personnes à mobilité réduite', 'Restaurant', 'Accès wi-fi', 'The Originals Annemasse Sud Porte de Genève Adhérent', 'Hôtels ', 'Restaurants ', ""Agencement de cafés, d'hôtels, de restaurants "", 'Résidences de tourisme, résidences hôtelières ', 'Organisation de séminaires, de congrès ']";['Lundi', '07h00 - 23h00', 'Mardi', '07h00 - 23h00', 'Mercredi', '07h00 - 23h00', 'Jeudi', '07h00 - 23h00', 'Vendredi', '07h00 - 23h00', 'Samedi', '07h00 - 23h00', 'Dimanche', '08h00 - 22h00'];;
1848;Le Saint Laurent;266 rte Lery;74260;LES GETS;04 50 75 80 00;http://www.theoriginalshotels.com/hotels/le-labrador;;;;;;;['télévision', 'hôtel avec piscine', 'hammam', 'wifi', 'sauna', 'cheminée', 'animaux acceptés', 'facilités bébé', 'parking', 'hôtel spa', 'chambre double', 'hôtel de charme', 'accès handicapé', 'restaurant', 'jeux pour enfants', 'Hôtels ', 'Hôtels 4* ', 'Restaurants ', 'Résidences de tourisme, résidences hôtelières '];;;
1849;Oberge De Bounavo;Ferme Rosset 0 3 rte Corbier;74360;BONNEVAUX;04 50 16 30 88;http://oberge-de-bounavo.fr;;;;;;;;;;
1850;Le Grand Café;qua Falaise Res Chandra B rte Avoriaz;74110;MORZINE;04 50 37 24 11;;;;cuisine française;1.0;;;"['restaurant sans gluten', 'terrasse', ""repas d'affaire"", 'facilité bébé', 'brasserie', 'organisation de réception', 'restaurant végétarien', 'plat à emporter', 'animaux acceptés', 'restaurant végétalien', 'restaurant repas de groupe', 'accès handicapés', 'climatisation']";['Lundi', '12h00 - 15h00', '19h00 - 22h00', 'Mardi', '12h00 - 15h00', '19h00 - 22h00', 'Mercredi', '12h00 - 15h00', '19h00 - 22h00', 'Jeudi', '12h00 - 15h00', '19h00 - 22h00', 'Vendredi', '12h00 - 15h00', '19h00 - 22h00', 'Samedi', '12h00 - 15h00', '19h00 - 22h00', 'Dimanche', '12h00 - 15h00', '19h00 - 22h00'];;
1851;Edelweiss;809 rte Piaz;74340;SAMOËNS;04 50 34 41 32;http://www.edelweiss-samoens.com;;;;;;;['jardin', 'télévision', 'animaux acceptés', 'parking', 'facilités bébé', 'wifi', 'restaurant', 'Hôtels ', 'Restaurants '];['Lundi', '19h30 - 22h30', 'Mardi', '19h30 - 22h30', 'Mercredi', '19h30 - 22h30', 'Jeudi', '19h30 - 22h30', 'Vendredi', ' 19h30 - 22h30', 'Samedi', '19h30 - 22h30', 'Dimanche', '19h30 - 22h30'];;
1852;Moaila;48 r Chablais;74100;ANNEMASSE;04 50 38 47 89;http://www.pizzaplus-74.fr;;;;;;;['pizzeria'];['Lundi', '17h30 - 21h30', 'Mardi', '11h00 - 13h30', '17h30 - 21h30', 'Mercredi', '11h00 - 13h30', '17h30 - 21h30', 'Jeudi', '11h00 - 13h30', '17h30 - 21h30', 'Vendredi', '11h00 - 13h30', '17h30 - 21h30', 'Samedi', '11h00 - 13h30', '17h30 - 21h30', 'Dimanche', '17h30 - 21h30'];;
1853;Snopizz;332 rte Pré la Joux;74390;CHÂTEL;07 77 46 30 04;;;;;;;;['pizzeria'];;;
1854;Le Capucin Gourmand;1520 rte Genève;74130;VOUGY;04 50 34 03 50;http://www.lecapucingourmand.com;;;cuisine française;3.0;;;['terrasse', 'parking', 'facilité bébé', 'restaurant repas de groupe', 'accès handicapés', 'climatisation'];['Lundi', 'Mardi', '12h00 - 13h30', '19h30 - 21h00', 'Mercredi', '12h00 - 13h30\n ', '19h30 - 21h00', 'Jeudi', '12h00 - 13h30', '19h30 - 21h00', 'Vendredi', '12h00 - 13h30', '19h30 - 21h00', 'Samedi', '12h00 - 13h30', '19h30 - 21h00', 'Dimanche'];;
1855;Radhouane Saïd;9 r Montpellaz;74150;RUMILLY;04 50 27 20 64;www.facebook.com;;;;;;;['Restauration rapide '];;;
1856;Restaurant Le Staduel;660 rte Perchets;74120;MEGÈVE;04 50 58 98 48;http://cayuela.site-solocal.com;;;;;;;['jardin', 'animaux acceptés', 'terrasse', 'parking', 'gastronomique', 'restaurant repas de groupe', 'accès handicapés', 'Parking des Grands Champs', 'Restaurant'];['Lundi', '12h00 - 14h30', 'Mardi', '12h00 - 14h30', 'Mercredi', '12h00 - 14h30', 'Jeudi', '12h00 - 14h30', 'Vendredi', '12h00 - 14h30', 'Samedi', '12h00 - 14h30', 'Dimanche', '12h00 - 14h30'];;
1857;Restaurant Akashon;50 pl Aiguille du Midi;74400;CHAMONIX MONT BLANC;04 58 10 03 04;http://restaurant-akashon.com/contact/;;;;;"['ENTRÉE DU JOUR', ""LE CAVIAR D'AQUITAINE ET OEUF CUISSON PARFAITE"", 'LA VIANDE DU JOUR', 'LE POISSON DU JOUR', ""L'ANANAS CONFIT À LA VANILLE BOURBON"", ""L'ASSIETTE DE FROMAGES""]";['14\xa0 €', '22\xa0 €', '21\xa0 €', '21\xa0 €', '10\xa0 €', '12\xa0 €'];['31-45 euros '];['Lundi', '19h00 - 22h00', 'Mardi', '19h00 - 22h00', 'Mercredi', '19h00 - 22h00', 'Jeudi', '19h00 - 22h00', 'Vendredi', '19h00 - 22h00', 'Samedi', '19h00 - 22h00', 'Dimanche', '19h00 - 22h00'];;
1858;L'Atelier Des 4 Gourmets;16 r Jean Mermoz;74000;ANNECY LE VIEUX;04 50 23 70 41;http://www.les4gourmets.com;;;cuisine du monde;4.0;"['I crostini', 'Le cozze ripiene alla siciliana', 'Il guanciale di maiale', 'Il risotto alle zucchine', 'Fragole al basilico', ""L'affogato""]";['6.5\xa0 €', '9\xa0 €', '16\xa0 €', '16\xa0 €', '9\xa0 €', '9\xa0 €'];"['restaurant sans gluten', 'terrasse', ""repas d'affaire"", 'gastronomique', 'facilité bébé', 'restaurant bio', 'wifi', 'organisation de réception', 'restaurant végétarien', 'plat à emporter', 'animaux acceptés', 'parking', 'livraison à domicile', 'restaurant repas de groupe', 'accès handicapés']";['Lundi', '09h00 - 22h00', 'Mardi', '09h00 - 22h00', 'Mercredi', '09h00 - 22h00', 'Jeudi', '09h00 - 22h00', 'Vendredi', '09h00 - 22h00', 'Samedi', '09h00 - 22h00', 'Dimanche'];;
1859;Le Cochon A L'Oreille;Passage Golliardi pass Golliardi;74000;ANNECY;04 50 45 92 51;http://www.cochon-annecy.com;;;cuisine française;5.0;;;['animaux acceptés', 'terrasse', 'parking', 'facilité bébé', 'restaurant repas de groupe'];['Lundi', 'Mardi', '11h30 - 15h00', '19h00 - 22h00\n ', 'Mercredi', '11h30 - 15h00', '19h00 - 22h00', 'Jeudi', '11h30 - 15h00', '19h00 - 22h00', 'Vendredi', '11h30 - 15h00', '19h00 - 22h00', 'Samedi', '11h30 - 15h00', '19h00 - 22h30', 'Dimanche', '11h30 - 15h00', '19h00 - 22h00'];;
1860;Tibetan Café;120 r Lac;74500;NEUVECELLE;04 50 38 82 74;http://www.tibetan-cafe.com;;;cuisine française;4.0;;;['animaux acceptés', 'terrasse', 'parking', 'gastronomique', 'facilité bébé', 'restaurant repas de groupe', 'accès handicapés'];['Lundi', '00h00 - 00h30', '09h00 - 15h00', '18h00 - 00h00', 'Mardi', '00h00 - 00h30', '09h00 - 15h00', '18h00 - 00h00', 'Mercredi', '00h00 - 00h30', '09h00 - 15h00', '18h00 - 00h00', 'Jeudi', '00h00 - 00h30', '09h00 - 15h00', '18h00 - 00h00', 'Vendredi', '00h00 - 00h30', '09h00 - 15h00', '18h00 - 00h00', 'Samedi', '00h00 - 00h30', '09h00 - 15h00', '18h00 - 00h00', 'Dimanche', '00h00 - 00h30', '09h00 - 15h00', '18h00 - 00h00'];;
1861;Hôtel Mercure Annecy Sud;76 av Aix les Bains;74600;SEYNOD;04 50 52 09 66;http://www.accorhotels.com/fr/hotel0340hotelmercureannecysud/index.shtml;;;;;;;['ascenseur', 'parking', 'chambre communicante', 'wifi', 'coffre-fort', 'Hôtels ', 'Restaurants '];;;
1862;L'AFFICHE;136 r Mont Blanc;74170;SAINT GERVAIS LES BAINS;04 50 93 16 53;;;;;;;;['animaux acceptés', 'terrasse', 'parking', 'facilité bébé', 'restaurant repas de groupe', 'accès handicapés'];['Lundi', '09h00 - 22h00', 'Mardi', '09h00 - 22h00', 'Mercredi', '09h00 - 22h00', 'Jeudi', '09h00 - 22h00', 'Vendredi', '09h00 - 22h00', 'Samedi', '09h00 - 22h00', 'Dimanche', '09h00 - 22h00'];;
1863;1861 CHATEL HOSTEL;1423 rte Pré la Joux;74390;CHÂTEL;04 50 17 48 51;www.1861chatelhostel.com;;;;;;;['Accueil de groupe ', 'Parking ', 'Petit déjeuner ', 'Piscine ', 'Télévision ', 'Dîner ', 'Jardin ', 'Pension complète ', 'Salle de jeux ', 'Terrasse ', 'Auberges de jeunesse ', 'Restaurants '];;;
1864;Altun Métin;13 av Rhône;74000;ANNECY;09 84 48 73 30;;;;;;;;;['Lundi', 'Mardi', '11h00 - 23h00', 'Mercredi', '11h00 - 23h00', 'Jeudi', '11h00 - 23h00', 'Vendredi', '11h00 - 23h00', 'Samedi', '11h00 - 23h00', 'Dimanche', '11h00 - 23h00'];;
1865;Poco Loco;47 r Doct Paccard;74400;CHAMONIX MONT BLANC;04 50 53 43 03;;;;;;;;['plat à emporter', 'animaux acceptés', 'terrasse', 'parking', 'restaurant repas de groupe', 'climatisation'];['Lundi', '11h00 - 00h00', 'Mardi', '11h00 - 00h00', 'Mercredi', '11h00 - 00h00', 'Jeudi', '11h00 - 00h00', 'Vendredi', '11h00 - 00h00', 'Samedi', '11h00 - 00h00', 'Dimanche', '11h00 - 00h00'];45.922558;6.868906
1866;Le Cairn;14 r Poste;74170;SAINT GERVAIS LES BAINS;04 50 78 25 47;facebook.com;;;cuisine française;5.0;;;['animaux acceptés', 'terrasse', 'parking', 'facilité bébé', 'restaurant repas de groupe', 'accès handicapés'];['Lundi', '06h30 - 20h00', 'Mardi', '06h30 - 20h00', 'Mercredi', '06h30 - 12h00', 'Jeudi', '06h30 - 20h00', 'Vendredi', '06h30 - 20h00', 'Samedi', '07h30 - 20h00', 'Dimanche', '07h30 - 19h00'];;
1867;Le Ramoneur Savoyard ETABLISSEMENTS JANIN;7 r Grenette;74000;ANNECY;04 50 51 99 99;http://ramoneur-savoyard-annecy.fr;;;cuisine française;2.0;['Gâteau de foie de volaille', 'Salade savoyarde', 'Escalope de volaille sauce au reblochon', 'Fondue Savoyarde', 'Coupes glacées', 'Fromage blanc aux myrtilles'];['9,3\xa0 €', '8,6\xa0 €', '17,5\xa0 €', '17,2\xa0 €', '8\xa0 €', '5,5\xa0 €'];['animaux acceptés', 'parking', 'restaurant repas de groupe'];['Lundi', '08h30 - 13h45', '18h30 - 21h00', 'Mardi', '08h30 - 13h45', '18h30 - 21h00', 'Mercredi', '08h30 - 13h45', '18h30 - 21h00', 'Jeudi', '08h30 - 13h45', '18h30 - 21h00', 'Vendredi', '08h30 - 13h45', '18h30 - 21h00', 'Samedi', '08h30 - 13h45', '18h30 - 21h00', 'Dimanche', '08h30 - 13h45', '18h30 - 21h00'];;
1868;Le Prado;39 r Crête;74000;CRAN GEVRIER;04 50 67 18 54;fr-fr.facebook.com;;;;;;;['pizzeria', 'parking', 'climatisation'];['Lundi', 'Mardi', '17h30 - 21h00', 'Mercredi', '17h30 - 21h00', 'Jeudi', '17h30 - 21h00', 'Vendredi', '17h30 - 21h30', 'Samedi', '17h30 - 21h30', 'Dimanche', '17h30 - 21h30'];;
1869;Hôtel Restaurants Les Sapins;2656 rte Lac;74110;MONTRIOND;04 50 75 90 56;http://WWW.hotel-les-sapins74.com;;;;;;;['bar', 'demi-pension', 'cheminée', 'accueil de groupe', 'télévision', 'animaux acceptés', 'parking', 'bord de lac', 'restaurant', 'Hôtels ', 'Restaurants '];;;
1870;Bella Pizza;1 r Ursules;74200;THONON LES BAINS;04 50 71 97 27;;;;;;;;['Livraison de pizzas ', 'Restaurants '];['Lundi', '11h00 - 14h00', 'Mardi', '11h00 - 14h00', 'Mercredi', '11h00 - 14h00', 'Jeudi', '11h00 - 14h00', 'Vendredi', '11h00 - 14h00', 'Samedi', '11h00 - 14h00', 'Dimanche', '11h00 - 14h00'];46.3738;6.480594
1871;Le Grenier;Chef Lieu;74440;MORILLON;04 50 90 66 78;www.facebook.com;;;;;;;['restaurant végétarien', 'animaux acceptés', 'parking', 'restaurant repas de groupe'];['Lundi', '12h00 - 23h00', 'Mardi', '12h00 - 23h00', 'Mercredi', '12h00 - 23h00', 'Jeudi', '12h00 - 23h00', 'Vendredi', '12h00 - 23h00', 'Samedi', '12h00 - 23h00', 'Dimanche', '12h00 - 23h00'];;
1872;Restaurant Indien Bollywood;125 r Genève;74240;GAILLARD;04 50 83 58 64;http://www.labollywood.com;;;cuisine du monde;5.0;['Mix Pakora', 'Samosa légumes', 'Agneau curry', 'Boeuf korma', 'Glace à la pistache', 'Gâteau de semoule'];['5,5\xa0 €', '6\xa0 €', '13\xa0 €', '13,5\xa0 €', '6,5\xa0 €', '5\xa0 €'];['restaurant végétarien', 'terrasse', 'restaurant végétalien', 'parking', 'facilité bébé', 'wifi'];['Lundi', '11h30 - 14h00', '18h30 - 22h30', 'Mardi', '11h30 - 14h00', '18h30 - 22h30', 'Mercredi', '11h30 - 14h00', '18h30 - 22h30', 'Jeudi', '11h30 - 14h00', '18h30 - 22h30', 'Vendredi', '11h30 - 14h00', '18h30 - 22h30', 'Samedi', '11h30 - 14h00', '18h30 - 22h30', 'Dimanche', '11h30 - 14h00', '18h30 - 22h30'];;
1873;BURGER S;Lieu Dit Cozar 2 r Frasse;74950;SCIONZIER;09 52 69 68 56;;;;;;;;;;;
1874;Sushi Annemasse;8 av Pasteur;74100;ANNEMASSE;04 50 83 35 71;http://www.sushishop.fr;;;restaurant japonais;5.0;['Maki Thon (6 pièces)', 'Suny Roll (6 pièces)', 'Black Pepper', ' Tulip concombre cheese', 'Sashimi saumon (5 pièces)', 'Sashimi Mixte thon saumon (15 pièces)'];['4.90 €', '6.90 €', '3.50 €', '1.90 €', '5.50 €', '14.90 €'];['Asiatique ', 'Japonaise ', '21-30 euros '];['Lundi', '11h00 - 14h30', '18h00 - 23h00', 'Mardi', '11h00 - 14h30', '18h00 - 23h00', 'Mercredi', '11h00 - 14h30', '18h00 - 23h00\n ', 'Jeudi', '11h00 - 14h30', '18h00 - 23h00', 'Vendredi', '11h00 - 14h30', '18h00 - 23h00', 'Samedi', '12h00 - 15h30', '18h00 - 23h00', 'Dimanche', '12h00 - 15h00', '18h00 - 23h00'];;
1875;Le Bistrot du Treige;500 av Aix les Bains;74600;SEYNOD;04 50 46 29 79;www.lebistrotdutreige.fr;;;;;;;;['Lundi', '07h00 - 20h00', 'Mardi', '07h00 - 20h00', 'Mercredi', '07h00 - 20h00', 'Jeudi', '07h00 - 20h00', 'Vendredi', '07h00 - 21h00', 'Samedi', 'Dimanche'];45.860914;6.067561
1876;Ristorante Pizzeria I Tre Sapori;Le Quai D Armand 4 av Gare;74160;SAINT JULIEN EN GENEVOIS;04 50 79 62 97;http://www.itresapori.fr;;;;;;;['plat à emporter', 'terrasse', 'parking', 'facilité bébé', 'accès handicapés', 'wifi'];['Lundi', '11h30 - 14h30', '18h30 - 23h00', 'Mardi', '11h30 - 14h30', '18h30 - 23h00', 'Mercredi', '11h30 - 14h30', '18h30 - 23h00', 'Jeudi', '11h30 - 14h30', '18h30 - 23h00', 'Vendredi', '11h30 - 14h30', '18h30 - 23h00', 'Samedi', '11h30 - 14h30', '18h30 - 23h00', 'Dimanche', '11h30 - 14h30', '18h30 - 23h00'];;
1877;Chez Tante Marie;Langin;74500;BERNEX;04 50 73 60 35;http://www.bernex-cheztantemarie.com;;;cuisine française;5.0;;;['animaux acceptés', 'terrasse', 'parking', 'facilité bébé', 'restaurant repas de groupe', 'accès handicapés', 'wifi', 'climatisation'];['Lundi', '12h00 - 13h30', '19h00 - 20h30', 'Mardi', 'Mercredi', '12h00 - 13h30', '19h00 - 20h30', 'Jeudi', '12h00 - 13h30', '19h00 - 20h30', 'Vendredi', '12h00 - 13h30', '19h00 - 20h30', 'Samedi', '12h00 - 13h30', '19h00 - 20h30', 'Dimanche', '12h00 - 13h30'];;
1878;La Croustille;8 r Lac;74000;ANNECY;04 50 27 55 24;;;;;;;;['restaurant végétarien', 'terrasse', 'wifi'];['Lundi', '10h00 - 19h00', 'Mardi', '10h00 - 19h00', 'Mercredi', '10h00 - 19h00', 'Jeudi', '10h00 - 22h30', 'Vendredi', '10h00 - 22h30', 'Samedi', '10h00 - 22h30', 'Dimanche'];45.900436;6.12655
1879;Compagnie Des Bateaux Du Lac D'Annecy;2 pl Bois;74000;ANNECY;04 50 51 08 40;www.annecy-croisieres.com;;;;;;;['Tourisme', 'animation touristique', 'promenade en bateau', 'Croisière', 'visite guidée', 'Restaurant', 'curiosité touristique', 'site naturel', 'tourisme fluvial', 'Croisières ', 'Sites, circuits de tourisme ', 'Organisation de mariages ', 'Agences de voyages ', 'Restaurants '];;;
1880;La Gamelle;résid Arve Giffre 660 plt Saix;74340;SAMOËNS;06 67 83 85 38;www.facebook.com/LaGamelle1600;;;;;;;;;;
1881;SushiBio;6 rte Lathoy;74160;SAINT JULIEN EN GENEVOIS;09 71 04 36 45;http://www.sushibio.eu/;;;;;;;['Asiatique ', 'Japonaise '];;;
1882;La Bergerie;15 rte Confins;74220;LA CLUSAZ;04 50 02 63 40;www.facebook.com;;;;;;;['animaux acceptés', 'terrasse'];['Lundi', '10h00 - 22h00', 'Mardi', 'Mercredi', '10h00 - 22h00', 'Jeudi', '10h00 - 22h00', 'Vendredi', ' 10h00 - 22h00', 'Samedi', '10h00 - 22h00', 'Dimanche', '10h00 - 22h00'];;
1883;Restaurant Le Loup Comblé;43 rte Cry Cuchet;74920;COMBLOUX;04 50 58 66 18;;;;cuisine française;2.0;;;['animaux acceptés', 'terrasse', 'parking', 'facilité bébé', 'restaurant repas de groupe'];['Lundi', '12h00 - 14h00', '19h00 - 22h00', 'Mardi', '12h00 - 14h00', '19h00 - 22h00', 'Mercredi', '12h00 - 14h00', '19h00 - 22h00', 'Jeudi', '12h00 - 14h00', '19h00 - 22h00', 'Vendredi', '12h00 - 14h00\n ', '19h00 - 22h00', 'Samedi', '12h00 - 14h00', '19h00 - 22h00', 'Dimanche', '12h00 - 14h00', '19h00 - 22h00'];45.894276;6.64465
1884;Portier Frédéric;44 av Evian;74200;THONON LES BAINS;04 50 81 87 33;http://www.pizza-fredo-thonon.com;;;cuisine française;5.0;;;['pizzeria', 'plat à emporter', 'animaux acceptés', 'terrasse', 'parking', 'Zone fumeur', 'facilité bébé', 'restaurant repas de groupe', 'accès handicapés'];['Lundi', 'Mardi', '18h00 - 22h00', 'Mercredi', '18h00 - 22h00', 'Jeudi', '18h00 - 22h00', 'Vendredi', '18h00 - 22h00', 'Samedi', '18h00 - 22h00', 'Dimanche', '18h00 - 22h00'];;
1885;Dutang Patricia;777 av Noiret;74300;CLUSES;04 50 89 19 96;;;;;;;;;;;
1886;La Bergerie;530 rte Linga;74390;CHÂTEL;04 50 73 27 20;http://www.hotelbergerie.com;;;;;;;['jardin', 'télévision', 'animaux acceptés', 'salle de sport', 'facilités bébé', 'parking', 'hôtel spa', 'wifi', 'restaurant', 'jeux pour enfants', 'Hôtels ', 'Restaurants '];;;
1887;CHEZ LINO;66 rte Fruitière;74650;CHAVANOD;04 50 19 01 06;;;;;;;;;;;
1888;My Ami;8 pl Hôtel de Ville;74200;THONON LES BAINS;04 50 79 34 33;http://www.myami.fr;;;restaurant américain;5.0;;;['animaux acceptés', 'terrasse', 'parking', 'facilité bébé', 'restaurant repas de groupe', 'accès handicapés'];['Lundi', 'Mardi', '12h00 - 14h00', '19h00 - 22h00', 'Mercredi', '12h00 - 14h00', '19h00 - 22h00', 'Jeudi', '12h00 - 14h00', '19h00 - 22h00', 'Vendredi', '12h00 - 14h00', '19h00 - 22h00', 'Samedi', '12h00 - 14h00', '19h00 - 22h00', 'Dimanche'];;
1889;Keko Et Keko Kebab;17 av Mar Leclerc;74100;ANNEMASSE;04 50 84 01 63;http://keko-kebab.com/;['plat + boisson : ', 'plat + boisson : ', 'Plat + dessert (boissons comprises) : ', 'Plat + dessert (boissons comprises) : '];['7.70 €', '8.70 €', '12.20 €', '7.50 €'];restauration rapide;5.0;['Kebab', 'Kofte', 'Kebab', 'Kofte'];['8.90 €', '9.20 €', '5 €', '5 €'];['kebab', 'terrasse', 'parking', 'restaurant repas de groupe', 'restaurant halal', 'climatisation'];;;
1890;Restaurant Warm'Up;560 rte Cret Gojon;74200;MARGENCEL;04 50 26 71 40;bowling-margencel.e-monsite.com;;;;;;;['Parking', 'billard américain', 'billard anglais', 'compétition de bowling', 'Terrasse', 'Ouvert 7j/7', 'académie de billard', 'bowling pour enfant', 'Pub', 'billard français', 'salle de bowling', 'matériel de bowling', 'Restaurants ', 'Bowlings ', 'Pubs, bars à bière '];['Lundi', '12h00 - 22h00', 'Mardi', '12h00 - 22h00', 'Mercredi', '12h00 - 22h00', 'Jeudi', '12h00 - 22h00', 'Vendredi', ' 12h00 - 22h00', 'Samedi', '12h00 - 22h00', 'Dimanche', '12h00 - 22h00'];;
1891;Mamma Rosa;117 r Genève;74240;GAILLARD;04 50 92 31 83;;;;;;;;['plat à emporter', 'animaux acceptés', 'terrasse', 'parking', 'facilité bébé', 'restaurant repas de groupe', 'climatisation'];['Lundi', '10h00 - 14h00', '17h00 - 22h00', 'Mardi', '10h00 - 14h00', '17h00 - 22h00', 'Mercredi', 'Jeudi', '10h00 - 14h00', '17h00 - 22h00', 'Vendredi', '10h00 - 14h00', '17h00 - 22h00', 'Samedi', '10h00 - 14h00', '17h00 - 22h00', 'Dimanche'];;
1892;La Yourte;9 r Jardins;74240;GAILLARD;04 50 84 55 16;http://www.layourte.fr;;;;;"['Oeuf bio mimosa à la ciboulette', ""Saumon Gravelax à l'aneth"", 'Filet de bar au beurre blanc, écrasé de pommes de terre aux herbes', 'Filet de boeuf 180g, échalotes confites, frites fraîches et salade', ""Blanquette de veau à l'ancienne, penne"", 'Escalope de saumon au citron vert, écrasé de pommes de terre']";['5\xa0 €', '9\xa0 €', '20\xa0 €', '24\xa0 €', '18\xa0 €', '18\xa0 €'];['terrasse', 'parking', 'facilité bébé', 'wifi'];['Lundi', '12h00 - 14h30', '19h00 - 22h30', 'Mardi', '12h00 - 14h30', '19h00 - 22h30', 'Mercredi', '12h00 - 14h30', '19h00 - 22h30', 'Jeudi', '12h00 - 14h30', '19h00 - 22h30', 'Vendredi', '12h00 - 14h30', '19h00 - 22h30', 'Samedi', '12h00 - 14h30', '19h00 - 22h30', 'Dimanche', '12h00 - 14h30', ' 19h00 - 22h30'];;
1893;Bingo Sushi;134 av Genève;74000;ANNECY;04 50 67 79 18;;;;cuisine du monde;3.0;;;['organisation de réception', 'restaurant végétarien', 'plat à emporter', 'restaurant végétalien', 'parking', 'restaurant repas de groupe', 'service continu', 'climatisation', 'wifi', 'chef à domicile'];['Lundi', '11h00 - 14h30', '17h00 - 21h00', 'Mardi', '11h00 - 14h30', '17h00 - 21h00', 'Mercredi', '11h00 - 14h30', '17h00 - 21h00', 'Jeudi', '11h00 - 14h30', '17h00 - 21h00', 'Vendredi', '11h00 - 14h30', '17h00 - 21h00', 'Samedi', '11h00 - 14h30', '17h00 - 21h00', 'Dimanche'];45.923836;6.123951
1894;Chez Roger;r Bourg;74110;MORZINE;06 86 16 54 30;www.facebook.com;;;;;;;;['Lundi', '16h00 - 00h00', 'Mardi', 'Mercredi', 'Jeudi', 'Vendredi', 'Samedi', 'Dimanche'];46.179314;6.706422
1895;Lucia;58 pl Madeleine Lafrance;74450;SAINT JEAN DE SIXT;06 65 63 06 11;www.facebook.com;;;;;;;;['Lundi', '12h00 - 13h30', '19h00 - 21h30', 'Mardi', '12h00 - 13h30', '19h00 - 21h30', 'Mercredi', '12h00 - 13h30', '19h00 - 21h30', 'Jeudi', '12h00 - 13h30', '19h00 - 21h30', 'Vendredi', '12h00 - 13h30', '19h00 - 21h30', 'Samedi', '12h00 - 13h30', '19h00 - 21h30', 'Dimanche', '12h00 - 13h30', '19h00 - 21h30'];;
1896;Auberge D'Archamps;rte Bossenaz;74160;ARCHAMPS;04 50 94 10 52;http://www.auberge-archamps.net;;;cuisine française;5.0;;;"['organisation de réception', 'jardin', 'terrasse', 'ferme-auberge', 'parking', ""repas d'affaire"", 'facilité bébé', 'restaurant repas de groupe', 'accès handicapés']";['Lundi', 'Mardi', '08h00 - 15h00', '18h00 - 00h00', 'Mercredi', '08h00 - 15h00', '18h00 - 00h00', 'Jeudi', '08h00 - 15h00', '18h00 - 00h00', 'Vendredi', '08h00 - 15h00', '18h00 - 00h00', 'Samedi', '08h00 - 15h00', '18h00 - 00h00', 'Dimanche'];;
1897;Le Vent Des Sables SAS;Chemin De La Plage  30 chem Galotte;74140;EXCENEVEX;04 50 72 37 81;http://www.leventdessables.com;;;restaurant de poisson;5.0;;;"['cheminée', 'jardin', 'terrasse', 'parking', ""repas d'affaire"", 'service continu', 'restaurant repas de groupe', 'accès handicapés', 'wifi', 'climatisation', 'brasserie']";['Lundi', '10h00 - 23h00', 'Mardi', '10h00 - 23h00', 'Mercredi', '10h00 - 23h00', 'Jeudi', '10h00 - 23h00', 'Vendredi', '10h00 - 23h00', 'Samedi', '10h00 - 23h00', 'Dimanche', '10h00 - 23h00'];;
1898;Restaurant Prima;447 chem Rocaille;74120;MEGÈVE;04 50 21 25 03;http://www.fourseasons.com/megevechalets;;;cuisine française;5.0;"[""Délicate royale de champignons automnale, pain de seigle sur les sentiers d'une promenade alpestre"", ""Jaune d'oeuf masqué au rampon, truffe noire du Périgord, mouillette légèrement fumée aux sarments de vignes"", 'Coquilles St Jacques poêlées des côtes normandes, salsifis braisé à la noix Franquette, petits oignons de Roscoff farcis', ""Filet de Saint Pierre cuit à la Grenobloise, agnolottis au sérac de Savoie et jeunes pousses d'épinards"", ""Carré d'agneau de lait des Hautes-Alpes cuit au sautoir, choux plume vivifié au pomélo et racine de gentiane Avaline"", 'Pigeonneau de nid sélection Miéral rôti au vin doux de Savoie,']";['45\xa0 €', '55\xa0 €', '69\xa0 €', '65\xa0 €', '70\xa0 €', '67\xa0 €'];['gastronomique'];;;
1899;Lasoret Cécile;103 rte Trabets;74310;LES HOUCHES;04 50 53 49 63;;;;;;;;;;;
1900;MESSELMANI PIZZA;Ens L Arlequin 54 av Gare;74100;ANNEMASSE;04 50 92 54 72;;;;;;;;;;;
1901;Ahlbt;1 r Montfort;74100;ANNEMASSE;09 75 30 31 55;;;;;;;;['Lounge '];;;
1902;Restaurant Sur Les Bois;79 rte Thônes;74940;ANNECY LE VIEUX;04 50 64 00 08;http://www.rest-surlesbois.com;;;;;;;['bar'];['Lundi', 'Mardi', '11h00 - 14h30', '17h00 - 22h00', 'Mercredi', '11h00 - 14h30', '17h00 - 22h00', 'Jeudi', '11h00 - 14h30', '17h00 - 22h00', 'Vendredi', '11h00 - 14h30', '17h00 - 22h00', 'Samedi', '11h00 - 14h30', '17h00 - 22h00', 'Dimanche'];;
1903;Pizzeria L'Achille;143 r Achille Benoit;74300;CLUSES;04 50 96 39 09;;;;;;;;['Pizzerias ', 'Restaurants '];['Lundi', ' 12h00 - 14h00', '19h00 - 22h00', 'Mardi', '12h00 - 14h00', '19h00 - 22h00', 'Mercredi', '12h00 - 14h00', '19h00 - 22h00', 'Jeudi', '12h00 - 14h00', '19h00 - 22h00', 'Vendredi', '12h00 - 14h00', '19h00 - 22h00', 'Samedi', '12h00 - 14h00', '19h00 - 22h00', 'Dimanche', '12h00 - 14h00', '19h00 - 22h00'];;
1904;Le Farcemnent des Grand Pres;che Prés;74170;SAINT GERVAIS LES BAINS;06 19 17 03 65;;;;;;;;;;;
1905;Du Sel Au Sucre Genoli Stéphane;144 r Charles Feige;74120;MEGÈVE;04 50 91 55 89;http://www.sites.google.com/site/pizzamegeve;;;;;;;['restaurant végétarien', 'plat à emporter', 'terrasse', 'parking', 'accès handicapés'];['Lundi', '11h00 - 22h00', 'Mardi', '11h00 - 22h00', 'Mercredi', '11h00 - 22h00', 'Jeudi', '11h00 - 22h00', 'Vendredi', '11h00 - 22h00', 'Samedi', '11h00 - 22h00', 'Dimanche', '11h00 - 22h00'];;
1906;ASKA;199 av Aiguille du Midi;74400;CHAMONIX MONT BLANC;04 57 44 22 73;;;;;;;;;;;
1907;Annapurna;62 av Ravanel le Rouge;74400;CHAMONIX MONT BLANC;04 50 55 81 39;http://www.annapurna-chamonix.com;;;;;;;['restaurant sans gluten', 'plat à emporter', 'restaurant végétarien', 'animaux acceptés', 'terrasse', 'restaurant végétalien', 'livraison à domicile', 'restaurant repas de groupe', 'accès handicapés'];['Lundi', '19h00 - 22h30', 'Mardi', '19h00 - 22h30', 'Mercredi', '12h00 - 15h00', '19h00 - 22h30', 'Jeudi', '12h00 - 15h00', '19h00 - 22h30', 'Vendredi', '12h00 - 15h00', '19h00 - 22h30', 'Samedi', '12h00 - 15h00', '19h00 - 22h30', 'Dimanche', '12h00 - 15h00', '19h00 - 22h30'];;
1908;Le Farto;Praz De Lys imm Chalune B;74440;TANINGES;04 50 34 38 63;www.facebook.com;;;cuisine française;4.0;;;"['pizzeria', 'organisation de réception', 'plat à emporter', 'animaux acceptés', 'terrasse', ""repas d'affaire"", 'facilité bébé', 'restaurant repas de groupe', 'accès handicapés', 'climatisation', 'wifi']";['Lundi', '08h00 - 22h00', 'Mardi', '08h00 - 22h00', 'Mercredi', ' 08h00 - 22h00', 'Jeudi', '08h00 - 22h00', 'Vendredi', '08h00 - 22h00', 'Samedi', '08h00 - 22h00', 'Dimanche', '08h00 - 22h00'];;
1909;Bensam;1 r Montfort;74100;ANNEMASSE;04 56 30 79 92;www.burgerntacos.com;;;;;;;['plat à emporter', 'animaux acceptés', 'facilité bébé', 'service continu', 'restaurant halal', 'accès handicapés', 'climatisation', 'wifi'];['Lundi', '11h30 - 23h30', 'Mardi', '11h30 - 23h30', 'Mercredi', '11h30 - 23h30', 'Jeudi', '11h30 - 23h30', 'Vendredi', '11h30 - 23h30', 'Samedi', '11h30 - 23h30', 'Dimanche', '11h30 - 23h30'];;
1910;Chez Poncho;5 r Narvik;74000;ANNECY;04 56 34 93 00;;;;;;;;;;;
1911;Café Bluebird;155 pl Edmond Desailloud;74400;CHAMONIX MONT BLANC;06 47 26 76 43;http://bluebirdchamonix.com;;;;;;;['restaurant végétarien'];;;
1912;Au Braconnier;84 rte Chavannes;74130;BRIZON;04 50 91 60 59;;;;;;;;;;;
1913;Au Pré D'Oscar;300 plateau Saix;74340;SAMOËNS;04 50 53 71 57;http://www.aupredoscar.fr;;;cuisine française;2.0;;;['grill'];;;
1914;L 'AVALANCHE;Terche La Bray imp Granges;74430;SAINT JEAN D'AULPS;04 50 74 00 09;http://levelobre.fr;;;;;;;;;;
1915;Hôtel Restaurant D'Argonay EURL;3 pl Arthur Lavy;74370;ARGONAY;04 50 27 20 21;http://www.hotel-annecy-nord-argonay.fr;;;;;;;['bar', 'demi-pension', 'ascenseur', 'parking', 'chambre avec terrasse', 'séminaire', 'wifi', 'restaurant', 'Hôtels ', 'Restaurants '];['Lundi', '08h00 - 19h00', 'Mardi', '08h00 - 19h00', 'Mercredi', '08h00 - 19h00', 'Jeudi', '08h00 - 19h00', 'Vendredi', '08h00 - 19h00', 'Samedi', '08h00 - 19h00', 'Dimanche', ' 08h00 - 19h00'];;
1916;Restaurant La Veranda;23 r Genève;74100;ANNEMASSE;04 50 37 88 49;http://www.verandarideau.com;;;restaurant oriental;5.0;;;['animaux acceptés', 'terrasse', 'parking', 'facilité bébé', 'restaurant repas de groupe'];['Lundi', 'Mardi', '12h00 - 14h00', '19h00 - 21h00', 'Mercredi', '12h00 - 14h00', '19h00 - 21h00', 'Jeudi', '12h00 - 14h00', '19h00 - 21h00', 'Vendredi', '12h00 - 14h00', '19h00 - 21h00', 'Samedi', '12h00 - 14h00', '19h00 - 21h00', 'Dimanche', '12h00 - 14h00'];;
1917;CARME 1951 L'Oasis;188 rte Oasis;74250;LA TOUR;06 33 02 39 45;;;;;;;;['animaux acceptés', 'terrasse', 'parking', 'facilité bébé', 'Zone fumeur', 'restaurant repas de groupe'];['Lundi', '07h30 - 01h00', 'Mardi', '07h30 - 01h00', 'Mercredi', '07h30 - 01h00', 'Jeudi', '07h30 - 01h00', 'Vendredi', '07h30 - 01h00', 'Samedi', '07h30 - 01h00', 'Dimanche', '07h30 - 01h00'];;
1918;Les Grands Prés;227 r Louis Armand;74300;CLUSES;04 50 96 49 53;www.facebook.com;;;;;;;;['Lundi', '13h30 - 15h00', 'Mardi', '13h30 - 15h00', 'Mercredi', '13h30 - 15h00', 'Jeudi', '13h30 - 15h00', 'Vendredi', '13h30 - 15h00', 'Samedi', 'Dimanche'];;
1919;Restaurant La Charmotte;La Pallud 20 rte Bauges;74540;CUSY;04 50 52 50 49;http://www.lacharmottecusy.com;;;cuisine française;1.0;;;['pizzeria', 'plat à emporter', 'animaux acceptés', 'livraison à domicile'];;;
1920;Restaurant Le Christina;20 r Esserts;74100;VILLE LA GRAND;04 50 38 69 45;www.lechristina.com;;;Restaurant français;4.0;['saumon mariné au citron vert et gingembre', 'bloc de foie gras de canard maison', 'piccata de poulet mariné aux herbes fraiches et aux épices', 'Filet de boeuf Simmental oignons confits ,sauce au porto', 'pavé de saumon aux sésame, wok de légumes au soja', 'roti de lotte aux noix et lard fumé'];['15 €', '19 €', '22 €', '28 €', '21 €', '22 €'];"['Parking', 'Animaux acceptés', 'Wi-fi', 'repas de groupe', 'Accès aux personnes à mobilité réduite', ""repas d'entreprises"", 'Terrasse', 'Climatisation', 'Repas de groupes']";;;
1921;La Taniere;3597 rte Agy;74300;SAINT SIGISMOND;04 50 34 12 35;http://la-taniere-agy.fr;;;;;;;;;;
1922;Hotel Verniaz et ses Chalets SARL;1417 av Leman;74500;NEUVECELLE;04 50 75 04 90;http://www.verniaz.com;;;;;;;['télévision', 'animaux acceptés', 'hôtel avec piscine', 'parking', 'facilités bébé', 'wifi', 'restaurant', 'Hôtels ', 'Restaurants '];['Lundi', '07h00 - 00h00', 'Mardi', '07h00 - 00h00', 'Mercredi', '07h00 - 00h00', 'Jeudi', '07h00 - 00h00', 'Vendredi', '07h00 - 00h00', 'Samedi', '07h00 - 00h00', 'Dimanche', '07h00 - 00h00'];;
1923;Le Majestic;1 av Petit Port;74000;ANNECY;04 50 01 34 76;;;;;;;;['parking'];['Lundi', '07h00 - 01h00', 'Mardi', '07h00 - 01h00', 'Mercredi', '07h00 - 01h00', 'Jeudi', '07h00 - 01h00', 'Vendredi', '07h00 - 01h00', 'Samedi', '07h30 - 01h00', 'Dimanche', '07h30 - 01h00'];;
1924;Le Bercail  Schema SARL;Chalet Bercail 3987 rte Crêt du Merle;74220;LA CLUSAZ;04 50 02 43 75;http://www.lebercail74.com;;;;;;;['animaux acceptés', 'terrasse', 'parking', 'facilité bébé', 'restaurant repas de groupe'];['Lundi', '00h00 - 01h00', '10h00 - 17h00', ' 19h00 - 00h00', 'Mardi', '00h00 - 01h00', '10h00 - 17h00', '19h00 - 00h00', 'Mercredi', '00h00 - 01h00', '10h00 - 17h00', '19h00 - 00h00', 'Jeudi', '00h00 - 01h00', '10h00 - 17h00', '19h00 - 00h00', 'Vendredi', '00h00 - 01h00', '10h00 - 17h00', '19h00 - 00h00\n ', 'Samedi', '00h00 - 01h00', '10h00 - 17h00', '19h00 - 00h00', 'Dimanche', '00h00 - 01h00', '10h00 - 17h00', '19h00 - 00h00'];;
1925;BRASSERIE DE L EUROPE;137 pl Charles de Gaulle;74300;CLUSES;04 50 96 35 15;http://www.arena-cafe.com;;;cuisine française;5.0;;;['Cuisine française ', 'Restaurants ', 'Cafés, bars '];['Lundi', '07h30 - 19h30', 'Mardi', '07h30 - 19h30', 'Mercredi', '07h30 - 19h30', 'Jeudi', '07h30 - 19h30', 'Vendredi', '07h30 - 19h30', 'Samedi', '07h30 - 19h30', 'Dimanche', '08h00 - 15h30'];;
1926;Le Bélier;158 rte Grandes Alpes;74220;LA CLUSAZ;04 50 02 57 50;www.facebook.com;;;;;;;['boissons à emporter', 'salon de thé', 'traiteur', 'pâtisserie sur commande', 'salade', 'glace', 'crêpe', 'pâtisserie glacée', 'sandwich', 'Boulangeries-pâtisseries (artisans) ', 'Restaurants '];['Lundi', '07h00 - 19h00', 'Mardi', '07h00 - 19h00', 'Mercredi', '07h00 - 19h00', 'Jeudi', '07h00 - 19h00', 'Vendredi', '07h00 - 19h00', 'Samedi', '07h00 - 19h00', 'Dimanche', '07h00 - 19h00'];;
1927;Casino d'Annemasse;2 av Europe;74100;ANNEMASSE;04 50 87 07 87;http://www.casinoannemasse.com;;;cuisine française;4.0;;;['Cuisine française ', 'Restaurants ', 'Établissements de jeux, jeux en ligne '];['Lundi', '10h00 - 02h00', 'Mardi', '10h00 - 02h00', 'Mercredi', '10h00 - 02h00', 'Jeudi', '10h00 - 02h00', 'Vendredi', '10h00 - 02h00', 'Samedi', '10h00 - 03h00', 'Dimanche', '10h00 - 03h00'];;
1928;Lucas;1041 av Digues;74800;SAINT PIERRE EN FAUCIGNY;04 50 03 59 41;;;;;;['La Salade César', 'La Salade Perigourdine', 'Potence de Boeuf flambée au Disaronno', 'Tataki de thon aux épices', 'La Mousse au Chocolat', 'La Pavlova au caramel beurre salé en deux façons'];['7.9\xa0 €', '9.9\xa0 €', '25.9\xa0 €', '21.9\xa0 €', '5.5\xa0 €', '6.9\xa0 €'];['pizzeria', 'animaux acceptés', 'terrasse', 'parking', 'facilité bébé', 'restaurant repas de groupe', 'accès handicapés', 'wifi'];['Lundi', '12h00 - 14h00', '19h00 - 21h00', 'Mardi', '12h00 - 14h00', '19h00 - 21h00', 'Mercredi', '12h00 - 14h00', '19h00 - 21h00', 'Jeudi', '12h00 - 14h00', '19h00 - 21h00\n ', 'Vendredi', '12h00 - 14h00', '19h00 - 21h00', 'Samedi', '12h00 - 14h00', '19h00 - 21h00', 'Dimanche', '12h00 - 14h00', '19h00 - 21h00'];;
1929;Restaurant Moon;Les Jardins De L' Impérial 30 av Albigny;74000;ANNECY;04 50 27 15 35;http://www.moon-restaurant.com;;;cuisine française;1.0;;;['terrasse', 'parking', 'restaurant repas de groupe', 'accès handicapés', 'climatisation', 'wifi'];['Lundi', '12h00 - 14h00', '19h00 - 22h00', 'Mardi', '12h00 - 14h00', '19h00 - 22h00', 'Mercredi', '12h00 - 14h00', '19h00 - 22h00', 'Jeudi', '12h00 - 14h00', '19h00 - 22h00', 'Vendredi', '12h00 - 14h00', '19h00 - 22h00', 'Samedi', '12h00 - 14h00', '19h00 - 22h00', 'Dimanche', '12h00 - 14h00', '19h00 - 22h00'];;
1930;Jpva;32 r Marquisats;74000;ANNECY;09 83 73 98 14;;;;;;;;;;;
1931;Ms Service;16 Grande Rue;74160;SAINT JULIEN EN GENEVOIS;09 86 16 81 64;;;;;;;;;;;
1932;LA TERRE DOREE;28 imp Crosagny;74540;SAINT FÉLIX;06 99 55 88 99;;;;;;;;;;;
1933;Mahrani;88 rte Bonneville;74100;ANNEMASSE;09 51 76 66 68;http://www.restaurant-maharani.fr/;;;;;;;;['Lundi', '11h30 - 14h30', '18h00 - 22h30', 'Mardi', '11h30 - 14h30', '18h00 - 22h30', 'Mercredi', '11h30 - 14h30', '18h00 - 22h30', 'Jeudi', '11h30 - 14h30', '18h00 - 22h30', 'Vendredi', '11h30 - 14h30', '18h00 - 22h30', 'Samedi', '11h30 - 14h30', '18h00 - 22h30', 'Dimanche', '11h30 - 14h30', '18h00 - 22h30'];;
1934;Chez Christelle;3 bd Georges Andrier;74200;THONON LES BAINS;04 50 71 30 10;;;;Cuisine française;4.0;;;['animaux acceptés'];['Lundi', '08h30 - 19h30', 'Mardi', '08h30 - 19h30', 'Mercredi', '08h30 - 19h30', 'Jeudi', '08h30 - 19h30', 'Vendredi', '08h30 - 19h30', 'Samedi', 'Dimanche', '09h30 - 13h00'];;
1935;L ATERRO;Talloires 150 chem Pré Monteux;74290;TALLOIRES MONTMIN;04 50 60 01 57;;;;;;;;;;;
1936;Les Gettiers;517 chem Gettiers;74450;LE GRAND BORNAND;04 50 69 96 21;;;;;;;;;;;
1937;Chez Marie Jo;773 rte Soly;74250;FILLINGES;04 50 36 26 71;http://www.chezmariejo.com;;;;;;;;['Lundi', '12h00 - 14h30', '19h00 - 23h00', 'Mardi', 'Mercredi', 'Jeudi', '12h00 - 14h30', '19h00 - 23h00', 'Vendredi', '12h00 - 15h30', '19h00 - 23h00', 'Samedi', '12h00 - 15h30', '19h00 - 23h00', 'Dimanche', '12h00 - 15h30', '19h00 - 23h00'];;
1938;Restaurant Beijing;2 av Verniaz;74200;ANTHY SUR LÉMAN;04 50 70 93 19;;;;;;;;['Chinoise ', 'Cuisine du monde '];['Lundi', '12h00 - 14h00', '19h00 - 22h30', 'Mardi', '12h00 - 14h00', '19h00 - 22h30', 'Mercredi', '12h00 - 14h00', '19h00 - 22h30', 'Jeudi', '12h00 - 14h00', '19h00 - 22h30', 'Vendredi', '12h00 - 14h00', '19h00 - 22h30', 'Samedi', '12h00 - 14h00', '19h00 - 22h30', 'Dimanche', '12h00 - 14h00'];;
1939;L'Avalanche;204 rte Linga;74390;CHÂTEL;04 50 81 67 97;;;;;;;;;;;
1940;Ducrey Humbert;1297 rte Orgères;74170;SAINT GERVAIS LES BAINS;04 50 93 12 29;;;;;;;;['animaux acceptés', 'terrasse', 'parking', 'facilité bébé', 'restaurant repas de groupe'];;;
1941;Auberge Des Aravis;22 rte d'Ombre;74210;MARLENS;04 50 32 79 42;auberge-des-aravis.wix.com;;;;;;;['Accueil de groupe ', 'Téléphone ', 'Restauration ', 'Auberge ', 'Pension complète ', 'Hôtels ', 'Restaurants '];;;
1942;Restaurant la Gavotine;HOT des Alpes 33 r Alpes;74500;CHAMPANGES;04 50 73 45 76;http://www.hotel-alpes.com;;;;;;;['plat à emporter', 'animaux acceptés', 'terrasse', 'parking', 'facilité bébé', 'restaurant repas de groupe', 'accès handicapés'];['Lundi', 'Mardi', '08h00 - 12h00', '17h30 - 19h00', 'Mercredi', '08h00 - 12h00', '17h30 - 19h00', 'Jeudi', '08h00 - 12h00', '17h30 - 19h00', 'Vendredi', '08h00 - 12h00', '17h30 - 19h00', 'Samedi', '08h00 - 12h00', '17h30 - 19h00', 'Dimanche'];;
1943;Hôtel Le Dahu;293 chem Mas Metout;74110;MORZINE;04 50 75 92 92;www.dahu.com;;;;;;;['bar', 'jardin', 'télévision', 'animaux acceptés', 'hôtel avec piscine', 'parking', 'facilités bébé', 'hôtel spa', 'wifi', 'hammam', 'restaurant', 'sauna', 'Hôtels ', 'Restaurants '];['Lundi', '08h00 - 23h00', 'Mardi', '08h00 - 23h00', 'Mercredi', '08h00 - 23h00', 'Jeudi', '08h00 - 23h00', 'Vendredi', '08h00 - 23h00', 'Samedi', '08h00 - 23h00', 'Dimanche', '08h00 - 23h00'];;
1944;Hotel Terminus Mont-Blanc;150 av Genève;74170;LE FAYET;04 50 93 53 58;http://www.hotelterminus-stgervais.com;;;;;;;"['ascenseur', 'télévision', 'conciergerie', 'transfert aéroport', 'séminaire', 'hammam', 'wifi', 'sauna', 'bar', 'demi-pension', 'transfert gare', 'organisation de réception', 'jardin', ""ouvert toute l'année"", 'pension complète', 'animaux acceptés', 'parking', 'chambre communicante', 'facilités bébé', 'hôtel spa', 'climatisation', 'accès handicapé', 'restaurant', 'jeux pour enfants', 'Hôtels ', 'Restaurants ']";['Lundi', '08h00 - 20h00', 'Mardi', '08h00 - 20h00', 'Mercredi', '08h00 - 20h00', 'Jeudi', '08h00 - 20h00', 'Vendredi', '08h00 - 20h00', 'Samedi', '08h00 - 20h00\n ', 'Dimanche', '08h00 - 20h00'];;
1945;L'écliapa (SARL);122 r St François de Sales;74570;THORENS GLIÈRES;04 50 22 85 60;;;;;;;;['parking', 'facilité bébé', 'accès handicapés'];['Lundi', '08h30 - 15h00', 'Mardi', '08h30 - 15h00', 'Mercredi', '08h30 - 15h00', 'Jeudi', '08h30 - 22h30', 'Vendredi', '08h30 - 22h30', 'Samedi', '08h30 - 22h30', 'Dimanche'];;
1946;COZNA;22 fbg Ste Claire;74000;ANNECY;04 50 65 00 25;http://www.restaurantcozna.com;;;cuisine française;5.0;;;['restaurant végétarien', 'animaux acceptés', 'accès handicapés', 'climatisation', 'wifi'];['Lundi', 'Mardi', '12h00 - 13h30', '19h00 - 21h00', 'Mercredi', '12h00 - 13h30', '19h00 - 21h00', 'Jeudi', '12h00 - 13h30', '19h00 - 21h00', 'Vendredi', '12h00 - 13h30', '19h00 - 21h00', 'Samedi', '12h00 - 13h30', '19h00 - 21h00', 'Dimanche'];;
1947;Turkuaz;2 r Doct Favre;74100;ANNEMASSE;04 50 37 33 20;;;;;;;;;['Lundi', '12h00 - 00h00', 'Mardi', '12h00 - 00h00', 'Mercredi', '12h00 - 00h00', 'Jeudi', '12h00 - 00h00', 'Vendredi', '12h00 - 00h00', 'Samedi', '12h00 - 00h00', 'Dimanche', '12h00 - 00h00'];;
1948;Anatolya;25 av Mont Blanc;74950;SCIONZIER;06 73 59 42 56;;;;;;;;['Restauration rapide '];['Lundi', 'Mardi', '11h00 - 14h00', '17h00 - 23h00', 'Mercredi', '11h00 - 14h00', '17h00 - 23h00', 'Jeudi', '11h00 - 14h00', '17h00 - 23h00', 'Vendredi', '11h00 - 14h00', '17h00 - 23h00', 'Samedi', '11h00 - 14h00', '17h00 - 23h00', 'Dimanche', '11h00 - 14h00', '17h00 - 23h00'];;
1949;Complexe Loisirs Du Bout Du Lac;1460 rte Bout du Lac;74210;LATHUILE;04 50 23 38 58;www.restoloisirs-lathuile.com;;;;;;;['boulodrome', 'Infrastructures de sports et loisirs ', 'Restaurants ', 'Location de vélos ', 'Terrains, clubs de tennis ', 'Terrains, clubs de golf '];['Lundi', '09h00 - 22h00', 'Mardi', '09h00 - 22h00', 'Mercredi', '09h00 - 22h00', 'Jeudi', '09h00 - 22h00', 'Vendredi', '09h00 - 22h00', 'Samedi', '09h00 - 22h00', 'Dimanche', '09h00 - 22h00'];;
1950;Pizz'Burg;Les Portes Du Soleil B rte Avoriaz;74110;MORZINE;04 50 79 18 17;www.facebook.com;;;;;;;['pizzeria'];;;
1951;Restaurant La Marmite;30 imp Etang;74800;LA ROCHE SUR FORON;04 50 25 91 52;http://www.restaurant-la-marmite.info;;;;;;;"['cuisine française', 'buffet de mariage', 'banquet', ""repas d'entreprise"", ""repas d'anniversaire"", 'repas de famille', 'organisation de baptême', 'organisation de séminaire', 'organisation de mariage', 'cocktail', 'Traiteurs, organisation de réception ', 'Restaurants pour réceptions, pour séminaires ', 'Restaurants ']";['Lundi', '11h45 - 13h30', 'Mardi', '11h45 - 13h30', 'Mercredi', '11h45 - 13h30', 'Jeudi', '11h45 - 13h30', '19h00 - 21h00', 'Vendredi', '11h45 - 13h30', '19h00 - 21h30', 'Samedi', '11h45 - 13h30', '19h00 - 21h30\n ', 'Dimanche'];;
1952;Hôtel Ibis;2 av Evian;74200;THONON LES BAINS;04 50 71 24 24;http://www.ibis.com/fr/hotel-0927-ibis-thonon-evian/index.shtml;;;;;;;['ascenseur', 'télévision', 'animaux acceptés', 'chambre fumeur', 'facilités bébé', 'parking', 'chambre communicante', 'climatisation', 'wifi', 'accès handicapé', 'restaurant', 'coffre-fort', 'Hôtels ', 'Restaurants '];;;
1953;LA TERRE DOREE;28 imp Crosagny;74540;SAINT FÉLIX;06 99 55 88 99;;;;;;;;;;;
1954;Cial Investissement SOC;2 pl Ambiance;74300;ARÂCHES LA FRASSE;09 67 31 60 00;;;;;;;;;;;
1955;La Trinquette;Alv 27 av Petit Port;74000;ANNECY LE VIEUX;04 50 23 44 07;www.facebook.com;;;;;;;['animaux acceptés', 'terrasse', 'facilité bébé', 'restaurant repas de groupe'];['Lundi', '12h00 - 14h00', '19h00 - 22h00', 'Mardi', '12h00 - 14h00', '19h00 - 22h00', 'Mercredi', '12h00 - 14h00', '19h00 - 22h00', 'Jeudi', '12h00 - 14h00', '19h00 - 22h00', 'Vendredi', '12h00 - 14h00', '19h00 - 22h00', 'Samedi', '12h00 - 14h00', '19h00 - 22h00', 'Dimanche', '12h00 - 14h00', '19h00 - 22h00'];;
1956;F.W;19 av Petit Port;74000;ANNECY;04 50 52 49 43;;;;;;;;;;;
1957;Auberge Des Terres Maudites Chez Layan-ne;4896 rte Manche;74110;MORZINE;04 50 79 03 93;www.facebook.com;;;cuisine française;5.0;;;['animaux acceptés', 'terrasse', 'ferme-auberge', 'parking', 'restaurant repas de groupe'];;;
1958;La Table d'Armante;4088 rte St Nicolas;74170;SAINT GERVAIS LES BAINS;04 50 78 66 00;http://www.armancette.com;;;;;"[""Emincé de coquilles Saint-Jacques crues aux zestes de citrons verts et mousseline d'artichauts"", 'Lasagnes aux champignons et cuisses de grenouilles, bouillon crémé', ""La matelote de poissons d'eau douce au Chignin Bergeron, pappardelles fraîches"", 'Le filet de boeuf de la vallée poêlé, sauce au poivre de Tellicherry, moelle et salsifis glacés au jus', ""L'épaule d'agneau rôtie à la broche, gratin de haricots, légumes et ail confit"", 'Le poisson de mer entier du moment, fricassée de fenouil au citron confit et pommes de terre en robe des champs, beurre de cuisson']";['26\xa0 €', '27\xa0 €', '26\xa0 €', '39\xa0 €', '86\xa0 €', '92\xa0 €'];['61-120 euros ', 'Guide michelin '];;;
1959;Les Voyageurs;Le Fontanil 1018 les Ronziers;74360;VACHERESSE;04 50 73 10 02;http://sites.valdabondance.com;;;;;;;"[""Chambres d'hôtes "", 'Restaurants ']";['Lundi', '07h00 - 21h00', 'Mardi', '07h00 - 21h00', 'Mercredi', '07h00 - 21h00', 'Jeudi', '07h00 - 21h00', 'Vendredi', '07h00 - 21h00', 'Samedi', '07h00 - 21h00', 'Dimanche', '07h00 - 21h00'];;
1960;Le Lodge;résid Sveta Avori 287 rte Grolets;74110;MORZINE;04 50 37 55 41;;;;;;;;['pizzeria', 'terrasse'];['Lundi', '08h30 - 20h00', 'Mardi', '08h30 - 20h00', 'Mercredi', '08h30 - 20h00', 'Jeudi', '08h30 - 20h00', 'Vendredi', '08h30 - 20h00', 'Samedi', '08h30 - 20h00', 'Dimanche', '08h30 - 20h00'];;
1961;Creperie le Duche;118 rte Linga;74390;CHÂTEL;04 50 71 75 26;;;;;;;;;;;
1962;La Croisière;5 qu Charles Albert Besson;74500;EVIAN LES BAINS;04 50 75 56 94;;;;;;;;;['Lundi', 'Mardi', '07h00 - 22h00', 'Mercredi', '07h00 - 22h00', 'Jeudi', '07h00 - 17h00', 'Vendredi', '07h00 - 22h00', 'Samedi', '07h00 - 22h00', 'Dimanche', '07h00 - 17h00'];;
1963;Restaurant L'outa;46 r Chene;74260;LES GETS;04 50 38 24 20;http://louta.fr;;;;;['Oeuf cocotte bio aux girolles', 'Salade au reblochon pané et jambon de pays', 'Huitres Gillardeau N°2 Les 3', 'Huitres Gillardeau N°3 Les 3', 'Champignon des bois En entrée', 'Nature au Parmesan En entrée'];['17\xa0 €', '18\xa0 €', '16\xa0 €', '12.5\xa0 €', '16\xa0 €', '12\xa0 €'];['animaux acceptés', 'terrasse', 'parking', 'accès handicapés'];['Lundi', '11h30 - 14h00', '18h30 - 22h00', 'Mardi', '11h30 - 14h00', '18h30 - 22h00', 'Mercredi', '11h30 - 14h00', '18h30 - 22h00', 'Jeudi', '11h30 - 14h00', '18h30 - 22h00', 'Vendredi', '11h30 - 14h00', '18h30 - 22h00', 'Samedi', '11h30 - 14h00', '18h30 - 22h00', 'Dimanche', '11h30 - 14h00', '18h30 - 22h00'];;
1964;Restaurant Exoty's;4 rte Impériale;74200;ANTHY SUR LÉMAN;04 50 73 94 52;http://www.exotys.fr;;;;;;;;;;
1965;La Belle Rencontre;19 chem Crêt;74390;CHÂTEL;06 42 10 84 91;www.facebook.com;;;;;['Risotto betterave aux deux parmesans', 'Salade terre-mer', 'Entrecôte black Angus aux morilles', 'Entrecôte black Angus nature', 'Crepes sucrées', 'Farandolle de Desserts et café'];['26\xa0 €', '21\xa0 €', '34\xa0 €', '34\xa0 €', '4.5\xa0 €', '11\xa0 €'];['terrasse', 'wifi'];;;
1966;La Ferme des Alpes;qu Charles Albert Besson;74500;EVIAN LES BAINS;04 50 79 44 47;www.fermedesalpes.com;;;;;;;['Fait maison ', 'Tartiflette ', 'Boucher ', 'Traiteurs ', 'Restaurants '];['Lundi', '12h00 - 13h45', '19h00 - 21h00', 'Mardi', '12h00 - 13h45', '19h00 - 21h00', 'Mercredi', '12h00 - 13h45', '19h00 - 21h00', 'Jeudi', '12h00 - 13h45\n ', '19h00 - 21h00', 'Vendredi', '12h00 - 13h45', '19h00 - 21h00', 'Samedi', '12h00 - 13h45', '19h00 - 21h00', 'Dimanche', '12h00 - 13h45', '19h00 - 21h00'];;
1967;My Ami;8 pl Hôtel de Ville;74200;THONON LES BAINS;04 50 79 34 33;http://www.myami.fr;;;restaurant américain;5.0;;;['animaux acceptés', 'terrasse', 'parking', 'facilité bébé', 'restaurant repas de groupe', 'accès handicapés'];['Lundi', 'Mardi', '12h00 - 14h00', '19h00 - 22h00', 'Mercredi', '12h00 - 14h00', '19h00 - 22h00', 'Jeudi', '12h00 - 14h00', '19h00 - 22h00', 'Vendredi', '12h00 - 14h00', '19h00 - 22h00', 'Samedi', '12h00 - 14h00', '19h00 - 22h00', 'Dimanche'];;
1968;Dujardin;26 clos Charlotte;74700;SALLANCHES;04 50 55 52 25;;;;;;;;['plat à emporter'];;;
1969;Le Romantica;164 r Coulerins;74580;VIRY;04 50 04 73 01;http://www.leromanticaviry74.com;;;;;;;['pizzeria', 'organisation de réception', 'plat à emporter', 'animaux acceptés', 'terrasse', 'parking', 'facilité bébé', 'Zone fumeur', 'restaurant repas de groupe', 'accès handicapés'];['Lundi', '12h00 - 14h00', '18h30 - 21h30', 'Mardi', '12h00 - 14h00', '18h30 - 21h30', 'Mercredi', '12h00 - 14h00', '18h30 - 21h30', 'Jeudi', 'Vendredi', '12h00 - 14h00', '18h30 - 21h30', 'Samedi', '12h00 - 14h00', '18h30 - 21h30', 'Dimanche', '12h00 - 14h00', '18h30 - 21h30'];;
1970;Nono pizzas;586 rte Albertville;74410;SAINT JORIOZ;07 61 84 76 89;;;;;;;;;;;
1971;La Cabane;27 r Ste Claire;74000;ANNECY;04 50 05 12 70;www.lepetitbouchon.fr;;;;;;;"['Restaurant végétarien', ""Repas d'affaire"", 'Restaurant repas de groupe', 'Wifi', 'Plat à emporter', 'Terrasse', 'Brasserie']";['Lundi', '10h30 - 00h00', 'Mardi', '10h30 - 00h00', 'Mercredi', '10h30 - 00h00\n ', 'Jeudi', '10h30 - 00h00', 'Vendredi', '10h30 - 00h00', 'Samedi', '10h30 - 00h00', 'Dimanche', '10h30 - 00h00'];;
1972;L'Endroit;14 r Bois de la Rose;74100;VILLE LA GRAND;04 80 00 34 29;www.facebook.com;;;cuisine française;5.0;['Carpaccio de tomates et burrata', 'Entrée jour', 'Pièce du boucher', 'Plat jour', 'Café gourmand', 'Tarte du jour'];['7\xa0 €', '6\xa0 €', '17\xa0 €', '11\xa0 €', '7\xa0 €', '5\xa0 €'];"['pizzeria', 'grill', 'terrasse', 'karaoké', ""repas d'affaire"", 'facilité bébé', 'dîner spectacle', 'brasserie', 'organisation de réception', 'restaurant végétarien', 'jardin', 'plat à emporter', 'animaux acceptés', 'parking', 'restaurant casher', 'friterie', 'saladerie', 'restaurant repas de groupe', 'accès handicapés', 'climatisation']";['Lundi', '11h30 - 15h00', 'Mardi', '11h30 - 15h00', 'Mercredi', '11h30 - 15h00', 'Jeudi', '11h30 - 15h00', '18h00 - 00h00', 'Vendredi', '00h00 - 01h00', '11h30 - 15h00', '18h00 - 00h00', 'Samedi', '00h00 - 01h00', 'Dimanche'];;
1973;PH08;7 pl Crétet;74300;CLUSES;04 50 47 94 65;http://www.pho8.fr;;;;;;;;;;
1974;BRASSERIE DE L EUROPE;137 pl Charles de Gaulle;74300;CLUSES;04 50 96 35 15;http://www.arena-cafe.com;;;cuisine française;5.0;;;['Cuisine française ', 'Restaurants ', 'Cafés, bars '];['Lundi', '07h30 - 19h30', 'Mardi', '07h30 - 19h30', 'Mercredi', '07h30 - 19h30', 'Jeudi', '07h30 - 19h30', 'Vendredi', '07h30 - 19h30', 'Samedi', '07h30 - 19h30', 'Dimanche', '08h00 - 15h30'];;
1975;La Remise;57 imm Capitale r Pleney;74110;MORZINE;04 50 74 44 17;;;;Cuisine française;5.0;;;['Cuisine française '];;;
1976;Auberge Du Christomet;4775 rte Jaillet;74120;MEGÈVE;04 50 21 11 34;http://www.fingersrestaurants.com;;;cuisine française;5.0;;;['animaux acceptés', 'terrasse', 'parking', 'facilité bébé', 'restaurant repas de groupe', 'wifi', 'climatisation'];;;
1977;Kaito;373 chem Follières;74120;MEGÈVE;04 50 78 62 64;http://www.fourseasons.com/megeve;;;;;;;['animaux acceptés', 'anglais parlé', 'terrasse', 'parking', 'gastronomique', 'salle privée', 'voiturier', 'accès handicapés', 'climatisation'];['Lundi', '12h30 - 15h00', '19h30 - 22h00', 'Mardi', 'Mercredi', 'Jeudi', '19h30 - 22h00', 'Vendredi', '12h30 - 15h00', '19h30 - 22h00', 'Samedi', '12h30 - 15h00', '19h30 - 22h00', 'Dimanche', '12h30 - 15h00', '19h30 - 22h00'];;
1978;AU Touareg;43 pl Edmond Desailloud;74400;CHAMONIX MONT BLANC;07 83 93 49 69;facebook.com/autouareg74400/;;;;;;;;['Lundi', '10h00 - 19h00', 'Mardi', '10h00 - 19h00', 'Mercredi', '10h00 - 19h00', 'Jeudi', 'Vendredi', 'Samedi', '10h00 - 19h00', 'Dimanche', '10h00 - 19h00'];;
1979;Restaurant le Jaurès;1 r Jean Jaurès;74100;VILLE LA GRAND;04 50 74 00 93;www.restaurantlejaures.com;;;;;;;['animaux acceptés', 'terrasse', 'facilité bébé', 'restaurant repas de groupe', 'accès handicapés'];['Lundi', 'Mardi', '12h00 - 14h00', '19h00 - 22h00', 'Mercredi', '12h00 - 14h00', '19h00 - 22h00', 'Jeudi', '12h00 - 14h00', '19h00 - 22h00', 'Vendredi', '12h00 - 14h00', '19h00 - 23h00', 'Samedi', '12h00 - 14h00', '19h00 - 23h00', 'Dimanche', '12h00 - 14h00'];;
1980;Bufa Pizza;10 r République;74000;ANNECY;06 61 79 44 16;;;;;;;;;;;
1981;Subway;215 av Michel Croz;74400;CHAMONIX MONT BLANC;09 82 53 96 90;http://www.subwayfrance.fr;;;;;;;['saladerie', 'sandwicherie', 'Restauration rapide ', 'Restaurants '];['Lundi', '09h30 - 22h00', 'Mardi', '09h30 - 22h00', 'Mercredi', '09h30 - 22h00', 'Jeudi', '09h30 - 22h00', 'Vendredi', '09h30 - 23h00', 'Samedi', '09h30 - 23h00', 'Dimanche'];;
1982;La Tasse à Moustache;Château De Ripaille 11 Domaine de Ripaille;74200;THONON LES BAINS;06 70 54 34 93;;;;;;;;"['jardin', 'animaux acceptés', 'terrasse', 'parking', ""repas d'affaire"", 'facilité bébé', 'restaurant repas de groupe', 'accès handicapés']";['Lundi', '11h00 - 16h00', 'Mardi', '11h00 - 16h00', 'Mercredi', '11h00 - 16h00', 'Jeudi', '11h00 - 16h00', 'Vendredi', '11h00 - 16h00', 'Samedi', 'Dimanche', '11h00 - 16h00'];;
1983;Altun Métin;13 av Rhône;74000;ANNECY;09 84 48 73 30;;;;;;;;;['Lundi', 'Mardi', '11h00 - 23h00', 'Mercredi', '11h00 - 23h00', 'Jeudi', '11h00 - 23h00', 'Vendredi', '11h00 - 23h00', 'Samedi', '11h00 - 23h00', 'Dimanche', '11h00 - 23h00'];;
